1.1 45 62 63
1.2 63
1.3 45
1.4 45
1.5 45
1.6 45
1.9 45
1.a 1 2 3 4 5 6 7 8 9 10 11 12 13 14 15 16 17 18 19 20 21 22 23 24 25 26 27 28 29 30 31 32 33 34 35 36 37 38 39 40 41 42 43 44 45 46 47 48 49 50 51 52 53 54 55 56 57 58 59 60 61 63 64 65 66 67 68 69 70 71 72 73 74 75 76 77 78 79 80 81 82 83 84 85 86 87 88 89 90 91 92 93 94 95 96 97 98 99 100
1.b 1 2 3 4 5 6 7 8 9 10 11 12 13 14 15 16 17 18 19 20 21 22 23 24 25 26 27 28 29 30 31 32 33 34 35 36 37 38 39 40 41 42 43 44 45 46 47 48 49 50 51 52 53 54 55 56 57 58 59 60 61 63 64 65 66 67 68 69 70 71 72 73 74 75 76 77 78 79 80 81 82 83 84 85 86 87 88 89 90 91 92 93 94 95 96 97 98 99 100
1.c 1 2 3 4 5 6 7 8 9 10 11 12 13 14 15 16 17 18 19 20 21 22 23 24 25 26 27 28 29 30 31 32 33 34 35 36 37 38 39 40 41 42 43 44 45 46 47 48 49 50 51 52 53 54 55 56 57 58 59 60 61 63 64 65 66 67 68 69 70 71 72 73 74 75 76 77 78 79 80 81 82 83 84 85 86 87 88 89 90 91 92 93 94 95 96 97 98 99 100
1.d 1 2 3 4 5 6 7 8 9 10 11 12 13 14 15 16 17 18 19 20 21 22 23 24 25 26 27 28 29 30 31 32 33 34 35 36 37 38 39 40 41 42 43 44 45 46 47 48 49 50 51 52 53 54 55 56 57 58 59 60 61 63 64 65 66 67 68 69 70 71 72 73 74 75 76 77 78 79 80 81 82 83 84 85 86 87 88 89 90 91 92 93 94 95 96 97 98 99 100
1.e 1 2 3 4 5 6 7 8 9 10 11 12 13 14 15 16 17 18 19 20 21 22 23 24 25 26 27 28 29 30 31 32 33 34 35 36 37 38 39 40 41 42 43 44 45 46 47 48 49 50 51 52 53 54 55 56 57 58 59 60 61 63 64 65 66 67 68 69 70 71 72 73 74 75 76 77 78 79 80 81 82 83 84 85 86 87 88 89 90 91 92 93 94 95 96 97 98 99 100
1.f 1 2 3 4 5 6 7 8 9 10 11 12 13 14 15 16 17 18 19 20 21 22 23 24 25 26 27 28 29 30 31 32 33 34 35 36 37 38 39 40 41 42 43 44 45 46 47 48 49 50 51 52 53 54 55 56 57 58 59 60 61 63 64 65 66 67 68 69 70 71 72 73 74 75 76 77 78 79 80 81 82 83 84 85 86 87 88 89 90 91 92 93 94 95 96 97 98 99 100
100 6 12 15 20 21 22 39 40 49 51 53 55 60 63 64 65 79 80 83 86 92 94 95 97 98
101 20 22 40 49 53 63 64 65 79 83 92 97 98
102 20 22 39 40 49 53 63 64 65 79 82 83 92 97 98
103 20 22 40 49 53 63 64 65 79 83 89 92 97 98
104 13 20 22 40 49 53 63 64 65 75 79 83 85 92 97 98
105 6 20 22 40 49 53 63 64 65 79 82 83 92 97 98
106 20 22 40 49 53 55 63 64 65 79 83 92 97 98
107 20 22 40 49 53 63 64 65 79 82 83 92 97 98
108 22 40 49 53 63 65 79 82 83 92 97 98
109 6 20 22 40 49 53 63 65 79 82 83 92 97 98
110 15 20 22 39 40 53 55 63 65 79 83 92 97 98
111 13 22 40 49 53 63 65 79 82 83 92 97 98
112 22 40 53 63 65 79 82 83 92 97 98
113 5 22 40 49 53 63 65 79 83 85 92 97 98
114 6 22 40 49 53 63 65 79 83 92 97 98
115 20 22 27 40 49 53 63 65 79 83 92 97 98
116 22 27 40 49 53 63 65 79 83 92 97 98
117 21 22 40 49 53 63 65 79 83 92 97 98
118 22 40 49 53 63 65 83 85 92 97 98
119 20 22 40 49 53 63 65 83 92 97 98
10k 77
120 6 20 21 22 26 39 40 45 49 53 55 63 65 79 82 83 92 97 98
121 22 26 40 49 53 63 65 92 97 98
122 22 40 49 53 63 65 82 92 97 98
123 22 40 49 53 63 65 81 82 92 97 98
124 22 40 49 53 63 65 92 97 98
125 6 13 20 22 40 49 53 63 65 81 82 85 92 97 98
126 22 40 45 49 53 63 65 83 92 97 98
127 12 22 40 49 53 63 65 92 97 98
128 22 40 49 53 63 65 66 92 97 98
129 22 34 40 53 63 65 82 85 92 97 98
11d 55
11k 77
130 15 20 22 39 40 53 63 65 92 97 98
131 22 40 53 63 65 92 97 98
132 6 22 40 53 63 65 83 85 92 97 98
133 22 40 49 53 55 63 65 82 92 97 98
134 22 26 40 49 53 65 92 97 98
135 12 20 22 40 49 53 63 65 85 92 97 98
136 22 53 63 65 92 97 98
137 22 45 49 53 63 65 85 92 97 98
138 6 22 53 63 65 92 97 98
139 22 49 53 63 65 92 97 98
12k 77
12l 81
140 13 21 22 39 48 49 53 63 65 73 89 92 97 98
141 22 26 49 53 63 65 92 97 98
142 22 53 63 65 82 85 92 97 98
143 6 22 51 53 63 65 73 84 92 97 98
144 22 40 49 53 63 65 92 97 98
145 22 49 53 63 65 92 97 98
146 22 53 63 65 83 92 97 98
147 15 22 49 53 63 65 85 92 97 98
148 6 22 53 63 65 82 85 92 97 98
149 22 49 53 63 65 75 79 82 92 97 98
13k 77
15. 21
150 4 12 21 22 39 40 41 49 50 53 63 65 79 80 81 84 86 92 97 98
151 22 49 53 63 65 92 97 98
152 22 23 53 63 65 66 92 97 98
153 6 22 49 53 63 65 92 97 98
154 20 22 49 53 63 65 82 92 97 98
155 22 49 53 63 65 85 92 97 98
156 22 49 53 63 65 92 97 98
157 22 53 63 65 92 97 98
158 16 22 49 53 63 65 82 92 97 98
159 22 53 55 63 65 82 92 97 98
14a 53 55
14h 83
14k 77
160 18 22 39 49 53 63 65 92 97 98
14n 63
161 6 19 22 53 63 65 82 92 97 98
162 22 49 53 63 65 92 97 98
163 22 53 63 65 92 97 98
164 22 49 53 55 63 65 92 97 98
165 22 46 49 53 65 85 92 97 98
166 22 49 53 65 92 97 98
167 22 53 65 83 84 92 97 98
168 6 22 53 65 82 85 92 97 98
169 20 22 46 53 65 83 92 97 98
15a 53
15k 77
170 15 22 53 65 81 82 92 97 98
171 22 49 53 65 83 85 92 97 98
172 22 53 65 82 85 92 97 98
173 22 53 63 65 92 97 98
174 22 23 53 65 92 97 98
175 22 53 65 79 92 97 98
176 6 22 53 65 92 97
177 22 53 65 85 89 92 97
178 20 22 39 53 65 81 92 97
179 22 53 55 65 92 97
15y 39
16a 21
16b 53
16k 77
180 15 22 40 49 53 65 92 97
181 22 49 53 65 92 97
182 6 22 49 53 65 92 97
183 7 22 49 53 65 73 92 97
184 13 22 46 49 53 65 92 97
185 22 53 65 85 92 97
186 22 53 65 92 97
187 22 49 53 65 92 97
188 22 49 53 65 83 92 97
189 6 13 22 49 53 65 92 97
17k 77
190 49 53 65 89 92 97
191 53 65 92 97
192 7 22 53 65 92 97
193 53 65 80 85 92 97
194 20 49 53 65 92 97
195 6 7 22 49 53 65 85 92 97
17s 46
196 22 49 53 65 92 97
197 15 22 46 53 65 92 97
198 53 65 92 97
199 53 65 92 97
18k 77
18l 81
19k 77
19o 6
1cm 62 63
1em 62
1ex 62 63
1in 63
1pt 63
1st 4 7 12 28 32 39 40 42 44 46 49 55 60 66 73 79 80 81 83
