2.03 63
2.02 63
2.01 63
2.00 28
2.14 45 63
2.13 63
2.12 63
2.11 45 63
2.10 45
2.06 63
2.05 63
2.04 63
2.25 28
2.23 45
2.22 45 63
2.21 63
2.19 63
2.18 63
2.17 63
2.16 63
2.15 63
2.34 45
2.30 45
2.28 45
2.27 45
2.26 45
2.43 28
2.40 28
2.37 45
2.50 28
2.59 55
20.7 45
2001 1 2 3 4 5 6 7 8 9 10 11 12 13 14 15 16 17 18 19 20 21 22 23 24 25 26 27 28 29 30 31 32 33 34 35 36 37 38 39 40 41 42 43 44 45 46 47 48 49 50 51 52 53 54 55 56 57 58 59 60 61 63 64 65 66 67 68 69 70 71 72 73 74 75 76 77 78 79 80 81 82 83 84 85 86 87 88 89 90 91 92 93 94 95 96 97 98 99 100
2000 40 55 63 84
2012 59 78
2011 89
2010 57 63 94 97
2009 9 41 44 58 63 71 87 92 95 98 99
2008 24 29 30 34 52 63 85 86 94
2007 63
2006 33 49 63 82 83
2005 20 63 81 96 97
2004 4 55 58 63 77 87 95
2003 1 50 57 63 92
2002 21 45 59 63 65 88
2021 1 4 5 7 8 11 12 13 15 16 17 18 19 20 23 25 26 28 31 32 35 37 38 40 41 43 44 45 46 50 51 54 56 60 65 67 68 69 70 72 73 75 79 80 84 85 100
2020 3 6 9 10 14 27 36 47 61 66 74 76
2019 2 21 22 30 39 42 48 55 64 77
2018 29 57 58 64 93
2017 97
2016 33 34 49 52 71
2013 53 88 90 91
2027 20
2025 20
2053 20
204k 77
2063 20
21.2 45
2132 20
2153 20
2148 84
20cm 63
22.4 45
221b 21 34
2232 20
2225 20
2238 63
2252 9
2247 20
2246 20
20pt 62
20th 4 10 12 44 49 60 66 73 77 79 81 83 89 94
2296 63
2293 63
2288 63
21cm 63
23.4 45
23.2 45
2303 63
2301 20
2308 63
230k 77
2326 20
232k 77
2355 20
2386 20
21st 12 17 40 49 60 66 73 79 81 98
237a 92
24.3 45
24.1 45
24.5 45
2400 55
22nd 7 21 39 66 75
2451 20
243k 77
2447 20
2445 20
2444 63
2463 20
249k 77
25.6 45
2502 20
2500 35
250k 77
251k 77
2524 20
2522 20
2521 8
2520 20
2542 36
23rd 16 39 66 77 79 83
2554 37
2565 20
256k 77
2574 20
2591 38
2599 63
26.5 45
2600 39
261k 77
2634 53
2642 8
2660 20
2667 63
2666 63
24th 4 12 16 28 39 44 46 49 53 60 66 73 79 81 83
266k 77
268k 77
27.6 45
27.3 45
27.1 45
2702 20
2701 40
2700 80
2707 20
2704 43
271k 77
270k 77
2726 20
272k 77
273k 77
2760 63
275k 77
2767 20
25th 12 28 39 49 66 79 81 83
2778 20
2799 63
279k 77
28.3 45
2809 63
2807 63
2805 63
2811 63
2814 42
280k 77
281k 77
283k 77
284k 77
2852 43
2859 20
285k 77
2863 90
286k 77
26th 11 16 26 53 60 66 73 74 77 79 81 90 91
2875 20
2873 20
288k 77
289k 77
29.1 45
2910 20
293b 63
27th 9 12 28 39 55 66 74 79 81 83 90
297k 77
298k 77
2996 20
28th 12 16 28 53 66 74 79 81 90 99
29pt 63
29th 12 28 36 45 60 66 79 81
