22.30 45
22.31 45
22.13 45
22.11 45
22.24 45
22.29 45
2ndly 60
23.10 45
23.44 28
24.35 45
24.49 45
24.15 45
24.14 45 99
24.23 45
25.41 45
25.21 28
25.11 45
25344 85
26.30 45
26184 86
26295 63
2.033 63
2.034 63
2.031 63
2.032 63
2.013 63
2.014 63
2.011 63
2.012 63
2.024 63
2.025 63
2.022 63
2.023 63
2.021 63
2.026 63
2.027 63
2.062 63
2.063 63
2.061 63
2.151 63
2.161 63
2.131 63
2.141 63
2.174 63
2.172 63
2.173 63
2.171 63
2.181 63
2.182 63
2.0pt 63
2.222 63
2.223 63
2.221 63
2.224 63
2.225 63
2.201 63
2.202 63
2.203 63
27.23 45
27.21 45
27.13 99
275th 40
28.19 45
28.12 28 45
28.30 45
28054 41
20.18 45
20.19 45
20.28 45
20.22 45
20.21 45
20.37 45
20.33 45
20203 83
200th 40
29.10 45
2.pdf 63
29720 87
21.23 45
21.22 45
21.16 45
