30 1 2 3 4 5 6 7 8 9 10 11 12 13 14 15 16 17 18 19 20 21 22 23 24 25 26 27 28 29 30 31 32 33 34 35 36 37 38 39 40 41 42 43 44 45 46 47 48 49 50 51 52 53 54 55 56 57 58 59 60 61 63 64 65 66 67 68 69 70 71 72 73 74 75 76 77 78 79 80 81 82 83 84 85 86 87 88 89 90 91 92 93 94 95 96 97 98 99 100
31 6 11 12 20 21 22 26 27 32 39 40 41 45 46 49 53 54 55 63 64 65 71 74 79 82 83 84 89 92 97 98
32 6 11 12 20 22 26 28 40 45 49 53 55 63 64 65 66 71 79 82 83 84 92 97 98
33 6 11 12 20 22 24 26 28 40 45 46 49 53 55 63 64 65 71 79 80 82 83 84 92 97 98
34 6 11 12 20 22 34 40 45 46 49 53 55 63 64 65 71 79 80 82 83 84 92 97 98
35 11 12 15 20 21 22 24 40 45 46 47 48 49 53 55 63 64 65 71 79 80 82 83 91 92 97 98
36 6 11 12 13 20 22 26 28 40 45 48 49 53 55 63 64 65 71 79 83 91 92 97 98
37 9 11 12 20 22 24 40 45 49 53 55 63 64 65 71 79 81 83 92 97 98
38 11 12 20 22 24 40 45 49 53 55 60 63 64 65 71 79 82 83 92 97 98
39 11 12 20 22 24 40 45 49 53 63 64 65 71 79 81 83 91 92 97 98
3d 12 20 40 73 98
3s 83
