8.3 45
8.5 45
8.7 45
8.9 45
800 13 39 40 55 79
801 1 2 3 4 5 6 7 8 9 10 11 12 13 14 15 16 17 18 19 20 21 22 23 24 25 26 27 28 29 30 31 32 33 34 35 36 37 38 39 40 41 42 43 44 45 46 47 48 49 50 51 52 53 54 55 56 57 58 59 60 61 63 64 65 66 67 68 69 70 71 72 73 74 75 76 77 78 79 80 81 82 83 84 85 86 87 88 89 90 91 92 93 94 95 96 97 98 99 100
803 65
805 53
809 1 2 3 4 5 6 7 8 9 10 11 12 13 14 15 16 17 18 19 20 21 22 23 24 25 26 27 28 29 30 31 32 33 34 35 36 37 38 39 40 41 42 43 44 45 46 47 48 49 50 51 52 53 54 55 56 57 58 59 60 61 63 64 65 66 67 68 69 70 71 72 73 74 75 76 77 78 79 80 81 82 83 84 85 86 87 88 89 90 91 92 93 94 95 96 97 98 99 100
817 63
818 63
819 63
80k 77
823 63
825 65
829 73
81k 77
831 13 63 65
82k 77
840 63
842 53
843 53
844 75
845 65
846 15
849 49
851 65 99
858 53
85k 77
874 49
875 98
876 20
880 65
886 15
87k 77
890 40 49
894 22
895 15
898 49
8th 12 16 28 39 45 48 49 53 54 55 60 66 73 79 81
8vo 49 98
