adriae 49
abrupt 1 10 11 12 14 15 16 18 20 21 26 27 28 29 31 37 39 41 42 44 48 49 51 55 57 66 67 68 71 72 74 76 78 83 84 90 94
aemula 49
adrian 23 45 49
adrift 6 10 13 14 20 22 32 37 38 40 41 57 71 72 73 74 79 81 90 94 96
adrien 12
assume 1 4 7 10 11 12 14 16 18 20 21 23 26 27 28 29 37 39 40 41 45 46 47 49 51 54 55 63 64 65 66 68 71 72 74 76 77 78 79 80 83 84 85 86 88 89 90 92 94 95 97
assure 1 4 6 10 11 12 14 16 17 18 19 21 22 23 25 26 27 28 29 31 33 34 36 37 39 40 41 42 43 44 45 46 49 50 53 56 57 59 60 65 66 67 68 69 71 72 74 76 77 78 79 80 83 84 85 88 89 90 92 93 94 95 96 98 100
angoul 12
angora 26
angola 81
alyona 37
abacus 39
aronno 53
anglia 55
angles 6 12 16 18 20 25 28 29 31 39 40 41 44 45 47 50 55 56 57 64 68 71 73 77 79 80 83 84 92 94 95
angled 12 43 56 80
angler 28 65 79
aromas 40
al’ays 27
auarho 53
angry. 31
appals 24 40 65 84
appall 27 29
aditus 49
aditum 49
acente 53
afraid 1 3 4 5 6 7 8 9 10 11 12 13 14 15 16 17 18 19 20 21 22 23 25 26 27 28 29 30 31 32 33 34 35 36 37 38 39 40 41 42 43 44 45 46 47 48 49 50 51 53 54 55 56 57 58 59 60 61 65 66 67 68 69 70 71 72 73 74 75 76 77 78 79 80 81 82 83 84 85 86 87 88 89 90 91 92 93 94 98 100
afrade 91
awaked 9 39 46 60 65 73 79 94 98
awaken 4 5 7 8 12 14 15 18 19 20 26 27 36 37 38 39 40 44 45 46 49 60 61 65 68 71 74 76 77 78 79 84 85 90 92
awakes 12 18 27 28 46 65 78
atocha 82
awaits 4 8 12 14 22 28 39 41 49 50 53 55 64 65 77 78 79 80 82 85
afield 22 44 46 47 51 77
ayah’s 5
averni 84
averse 10 14 21 26 40 45 49 65 68 71 73 74 78 79 80 83 88 90 92 97
aversa 49
averts 55
angers 12 37 49 88
angela 17
angelo 12 28 40 77 79 84 94 98
angell 45 98
angels 4 9 10 12 13 17 18 23 24 26 27 28 29 32 34 38 39 40 41 45 46 49 50 55 56 60 64 65 66 68 69 70 71 72 76 77 78 79 80 84 85 88 93 94 98 100
abirom 45
angel. 12 71
adrana 49
alpine 10 30 40 55 74 79 90 94
adieux 40 44 72 79 94
adieus 11 16 19 27 42 68 79
assign 9 10 14 15 20 22 26 28 45 49 65 68 73 77 78 79 80 84 85 88 92 93
ahhkkk 55
atwood 81
aroche 53
abiram 45
awroke 9
assisi 51
assist 1 4 5 7 10 11 12 14 16 18 19 20 21 27 28 34 37 38 39 40 41 43 44 45 46 49 55 56 57 60 65 68 69 71 72 73 74 76 78 79 80 81 82 83 86 89 90 91 92 93 95 97
assize 78
assoon 45
assort 14 78
adrets 12
adread 9 55
adream 29
anghir 53
abroad 2 4 6 9 10 11 12 13 14 15 16 18 19 21 22 24 26 27 28 29 30 32 33 34 36 37 39 40 41 42 44 45 46 48 49 50 51 55 56 60 65 67 68 69 70 71 72 73 74 75 76 77 78 79 80 81 83 84 85 88 89 90 93 94 95 97 98 99
angina 39
avesta 26 80
angibt 63
alguna 53
alguno 53
algune 53
alguni 53
algunj 53
abated 4 9 22 27 40 44 46 49 50 56 60 68 71 73 76 78 79 80 81 83 84 88 89 99
abates 7 49 80
apply. 21
aceyte 12
adages 78
apples 3 6 10 12 13 14 16 18 22 23 26 27 28 36 38 39 41 42 48 49 51 52 53 55 56 59 62 68 69 70 71 72 73 76 77 79 81 82 83 93 94 96 97 98
apple. 38
alzaua 53
alzato 53
atorno 53
agebat 49
alzano 53
abatis 12
absent 1 4 5 6 7 10 11 12 14 16 17 18 19 20 21 22 26 27 28 29 30 31 32 34 37 39 40 41 42 43 44 45 46 47 48 49 51 54 55 60 65 66 67 68 69 70 71 72 73 74 76 77 78 79 81 82 83 84 88 89 90 92 94 95 99
aeneid 49
aeneas 49 88
aenead 49
astern 6 14 31 40 53 55 60 76 77 81 84
asters 55 94
aubert 12 39
amulet 1 33 39 41 80 92
abased 9 12 14 40 45 49 71 79 84 85 88
argent 55 77
afirme 91
abares 82
arpens 40
anyway 6 12 13 18 30 31 36 37 39 40 41 42 50 55 56 57 58 59 61 66 68 69 70 71 78 93 94
agedum 49
avoids 7 12 14 26 27 34 49 65 72 78 92
argive 22 55 65
auszug 63
asthma 12 41 55 59 71 78 84
ahijah 45
alhoro 53
alhora 53
argian 49
abject 4 7 12 14 17 23 27 28 31 37 41 42 49 54 55 65 68 71 72 73 74 76 77 79 80 82 84 88 89 90 93 94
asked. 79
acerte 53
appert 79
acervo 49
acervi 49
appena 65
append 32 40 80
aimeth 20 45
aged’s 14
afresh 6 10 11 12 14 18 20 26 27 29 31 32 37 39 40 41 44 46 54 55 56 61 65 68 71 72 76 77 78 79 82 85 94 98
appeal 6 10 11 12 13 14 15 16 17 18 19 21 22 23 26 27 28 29 31 35 37 39 40 41 42 43 44 46 49 50 51 52 54 55 56 57 63 65 67 68 69 71 72 73 74 76 77 78 79 80 81 83 84 85 88 89 90 92 94 95 96 97 98
appear 1 2 3 4 5 6 7 8 9 10 11 12 13 14 15 16 17 18 19 20 21 22 23 24 25 26 27 28 29 30 31 32 33 34 35 36 37 38 39 40 41 42 43 44 45 46 47 48 49 50 51 52 53 54 55 56 57 58 59 60 61 63 64 65 66 67 68 69 70 71 72 73 74 75 76 77 78 79 80 81 82 83 84 85 86 87 88 89 90 91 92 93 94 95 96 97 98 99 100
adroop 40
arouet 12
anyhow 6 11 13 14 21 22 25 27 31 34 35 36 37 39 40 41 42 43 46 47 48 50 55 56 57 66 67 68 70 71 77 78 80 93 94
around 3 4 5 6 7 8 10 11 12 13 14 16 17 18 19 20 21 22 23 24 25 26 27 28 29 30 31 32 33 34 35 36 37 38 39 40 41 42 43 44 46 47 48 49 50 51 52 53 54 55 56 57 58 59 60 61 64 65 66 67 68 69 70 71 72 73 74 76 77 78 79 80 81 84 85 86 87 88 90 91 92 94
adroit 12 39 40 49 55 66 79
arouse 4 10 12 18 20 27 30 37 39 41 44 46 49 76 79 80 84 85 86 92 96
askant 78
aiding 12 20 22 27 29 32 43 44 45 46 51 55 65 71 72 73 77 79 85
abaiss 12
angulo 53 77
africa 4 7 9 12 13 15 22 27 28 31 32 37 39 40 43 46 47 49 51 53 55 60 74 77 78 79 81 82 85 88 90 94 98
avocat 12
asking 1 3 4 5 6 9 10 11 12 13 14 15 16 18 19 20 21 22 23 25 26 27 28 29 31 32 33 34 35 36 37 38 39 41 42 43 44 45 46 47 48 49 50 51 53 54 55 56 60 64 66 67 68 70 71 72 73 76 77 78 79 80 81 82 83 88 89 92 94 95 97 98 99 100
astapa 49
austen 11 16 19
auster 49
austin 12 32 49 55 69 89
atoned 11 19 23 35 41 55 65 77 81 92 94
atones 23 68
austro 39 53 55
anyone 1 2 3 4 5 6 7 8 9 10 11 12 13 14 15 16 17 18 19 20 21 22 23 24 25 26 27 28 29 30 31 32 33 34 35 36 37 38 39 40 41 42 43 44 45 46 47 48 49 50 51 52 53 54 55 56 57 58 59 60 61 63 64 65 66 67 68 69 70 71 72 73 74 75 76 77 78 79 80 81 82 83 84 85 86 87 88 89 90 91 92 93 94 95 96 97 98 99 100
appian 49 55 79
aiming 6 9 12 14 22 23 28 39 41 46 49 68 70 76 77 78 80 83 84 85 91
azelma 12
atomes 45
atomic 63 84
atomon 92
argand 12
askest 9 26
adam’s 12 28 40 41 65 67 74
asketh 9 26 45 88
awards 12 39 85
acetic 55
atolls 55
afimya 41
aureus 49
azured 10 55
arente 49
arnica 94
anoint 22 35 40 45 49 53 65 82 97
ambigu 12
arnold 9 20 40 55 65 83 89
auriga 55
arnoul 12
arnoux 12
aguada 53
aguado 79
aretus 22 65
aretin 49
amsopn 63
aelius 49
abhors 49 55 65 72 77
asinus 92
amayna 53
arnaot 53
arnaut 77
acumen 1 10 26 46 49 55 65 77 84
aperta 49 53
aperte 49 53
aperti 53
aperto 49
asinen 65
amazon 12 23 39 51 55 60 79
anfang 63
amazin 27
amazes 11 12 31 71 77
amazed 5 9 10 11 12 13 14 16 17 20 23 27 29 31 33 34 37 38 39 41 43 46 47 48 49 50 51 54 56 59 60 65 66 67 68 71 72 73 74 75 76 77 78 79 80 81 82 83 84 85 88 90 92 93 94 97 99
ambage 9
alonzo 53 77
alonso 53 77
arenas 12 49 53
arenam 49
arenae 49
alonna 53
alone. 41 71 77 79
along. 38
acurio 53
adhere 10 12 28 39 44 45 49 68 71 72 73 79 80 89
arnest 71
apexes 28
alfred 12 20 27 40 50 55 64 69 78
ailing 10 12 35 37 39 41 43 49 57 69 71 72 76
ambush 6 9 12 14 22 38 39 41 43 47 55 60 65 69 70 71 78 79 96
assays 65
abrazo 53
alpaca 31 55
algido 49
ambulo 63
assail 9 10 12 26 40 46 49 54 65 68 77 79 88
alybas 22
avenda 53
avenge 7 9 10 12 14 20 22 27 28 37 39 41 43 44 51 65 68 74 76 77 79 85 89 90
algy’s 75
arobin 18
avenue 1 4 5 6 10 11 12 13 14 16 18 21 23 27 29 32 37 39 42 43 46 48 51 55 56 60 66 67 69 74 76 78 79 83 84 85 88 90 94
angais 49
angabe 63
abrham 91
avemus 49
avelle 12
anoynt 45
agusto 53
assent 7 9 11 12 14 16 19 29 39 41 42 45 46 49 53 55 65 68 69 71 72 77 78 79 80 83 84 88 89 94 95 99
apollo 10 12 22 23 40 45 49 51 55 65 66 77 80 84 94 98
assert 10 11 15 16 21 23 28 32 37 39 40 41 42 44 46 48 49 51 53 55 63 65 68 69 71 72 73 76 77 78 79 80 81 82 83 84 85 89 92 94 95
assess 83
assets 12 37 55 71 77
aichel 53
algate 55
arezzo 7
asagao 66
atempo 53
aguero 77
ambles 55
ambler 39
ambled 14 18 27 39 55 79
aileth 9
aedeto 65
abraid 9
abrams 67
atween 72
abided 14 20 40 76 88
abides 22 64 89
aguisa 53
aguish 14 28 60
aurora 12 22 28 30 46 49 53 55 65 77 79 100
aven’t 48
amends 1 9 10 11 12 16 17 19 20 23 26 28 38 41 45 49 60 65 71 72 76 77 78 79 81 82 83 93
ameneu 12
aniuno 53
anirum 49
amelot 12
amelie 39
amelia 14 29 40 81
anirai 49
ablaze 6 13 17 18 31 33 39 46 48 51 69 76 77 96
ablauf 63
aniska 37
all’us 27
alalta 53
apille 53
axylus 12 65
alsare 53
alamos 77
alsace 12
agosto 53
aegean 49 65
asmear 14
apreno 53
amerce 45
agoras 65
aftern 83
aftest 46
ablest 15 19 45 49 65 73 83 89 97
after. 79
animos 49
animis 49
atheis 49
animas 49
athens 7 12 14 22 45 49 55 65 77 79 80 92 97
animae 45 49
athenm 49
animac 49
animam 45 49
animal 1 3 4 5 10 11 12 13 14 17 18 21 23 26 27 28 30 31 33 34 35 36 37 38 39 40 41 42 43 44 45 46 47 48 49 51 52 53 54 55 57 59 60 61 65 66 68 70 71 72 73 74 76 77 78 79 80 82 83 84 85 88 89 90 91 92 93 94 95
athena 23 55
animai 49
athene 22 80 92
alive. 41 79
apicha 53
apiece 4 6 12 13 14 16 17 18 19 21 22 27 38 44 46 50 53 55 68 69 70 77 78 79 94
auctor 49 98
apiary 41
animus 49
animum 49 97
aknown 9
agoing 27 68 70
achaia 65
aylmer 7 39
analog 63
audley 23 34
arrear 11 16 26 46 49 71 78
arrest 4 7 9 12 13 14 21 32 37 39 41 43 46 49 51 53 55 57 66 67 69 71 72 74 76 77 78 79 84 90 97 98
arrets 49
aegris 49
aggeus 45
aegrae 49
aggere 49 98
abuses 4 12 19 27 39 41 45 49 55 65 71 73 77 78 81 84 94 97
abuser 81
abused 4 10 11 12 16 19 23 26 27 28 32 35 37 39 41 42 45 48 49 60 65 68 69 70 71 72 73 75 76 77 78 79 81 89 92 94
anarda 77
anaras 12
arrian 45 49 65
arriba 77
arripe 49
arriva 12
arrive 1 2 4 6 7 8 10 11 12 13 14 15 16 19 21 22 23 26 27 28 29 30 37 38 39 40 41 43 44 45 46 49 54 55 56 59 60 61 62 63 67 68 70 71 72 73 74 75 76 77 78 79 80 81 83 84 85 86 88 89 90 92 94 95 98
aripao 84
arab’s 28 42
apache 21 42 55
alaqal 53
aridas 49
audeat 12
alaric 79
alanna 55
arians 88
ariana 53
alande 53
apriua 53
aprill 45 98
aegina 49
abloom 56
audiam 49
aycock 51
audily 81
audiri 49
alatri 79
arrays 65
aprons 8 12 13 14 27 39 56 71 78 93 94
alaska 6 7 8 9 22 27 29 30 48 56 64 66 70 84
arrack 53
arrage 9
arrang 83
alarms 1 6 11 12 13 16 19 29 39 40 43 46 49 54 55 65 71 79 80 81
arrant 6 12 20 40 52 77 80 84 97
aright 12 16 21 22 26 36 40 41 43 44 45 46 49 51 55 56 65 68 74 79 80 83 84 85 88 90 97
anagni 79
all177 22
ageret 49
ascend 1 6 10 12 14 17 21 26 27 28 31 34 38 40 41 42 44 45 46 49 53 55 62 65 68 70 71 74 78 79 80 82 83 85 88 90 91 98
ascent 1 6 7 12 13 14 18 23 26 27 33 37 39 42 44 49 69 71 72 74 77 79 80 83 84 85 90
abbeys 84
abbess 12 55 71 77
avowal 4 10 11 12 14 19 26 41 44 55 57 68 74 76 77 78 79 85 89 90
avowed 6 11 16 27 34 41 44 45 49 54 56 57 65 68 71 73 74 79 82 85 90
adayes 45
auburn 56 77 94
anholt 98
adsint 49
argues 12 22 41 45 46 49 51 71 77 80 84 95
argued 3 4 5 6 10 11 12 14 15 16 17 22 26 31 32 34 37 39 40 41 43 46 47 49 50 51 60 63 65 67 68 70 71 72 73 76 77 78 79 80 84 85 89 94 95
author 1 2 3 4 5 6 7 8 9 10 11 12 13 14 15 16 17 18 19 20 21 22 23 24 25 26 27 28 29 30 31 32 33 34 35 36 37 38 39 40 41 42 43 44 45 46 47 48 49 50 51 52 53 54 55 56 57 58 59 60 61 62 63 64 65 66 67 68 69 70 71 72 73 74 75 76 77 78 79 80 81 82 83 84 85 86 87 88 89 90 91 92 93 94 95 96 97 98 99 100
arponi 53
astute 7 12 21 26 37 39 41 54 55 77 84 92 95
alicui 55
aquilo 79
aquila 12 26
alicia 21
agwine 27
agnolo 7
autois 65
aslant 10 14 22 37 40 55 71 73 78 84 85
adjure 12 65 76 79
adjust 12 13 18 27 30 39 40 49 51 53 64 66 71 73 78 86
abbico 81
astyon 49
appula 49
appuli 49
absorb 21 23 25 28 39 46 49 55 57 71 78 79 80 83 88 94
alia’s 65
aysimi 53
abjure 12 21 29 37 49 71 77 92 98
absona 49
arybas 22
adapts 78 80 84 95
argote 53
argosy 40
ahab’s 40
aeetes 22
amuses 5 10 12 16 34 37 39 49 56 72 75 77 79 94 98
amused 1 4 5 10 11 12 13 14 15 16 18 19 21 23 27 28 29 31 33 37 38 39 41 42 43 44 46 47 48 49 50 51 55 56 57 61 65 66 67 68 71 72 74 75 76 77 78 79 80 81 82 84 85 90 94
autant 49 53
adamas 65
approv 83
astley 65 78
argnet 49
abbaye 76
abbate 12
astron 49
absurd 1 3 6 10 11 12 13 14 15 16 17 18 19 20 21 22 23 25 26 27 29 31 33 34 36 37 39 40 41 43 44 45 47 49 50 55 58 65 66 67 68 69 71 72 73 75 76 77 78 79 80 81 82 83 84 85 88 89 92 94 95
adjoin 12 49
agents 10 12 13 28 31 32 39 40 43 45 46 49 51 54 55 65 68 74 77 79 80 83 84 86 88 89 90
agenor 45 65
agency 12 14 21 26 32 40 43 46 55 71 76 78 84 85 89 92
agenda 55
anzahl 63
agnese 12
agnes. 71
astral 26 40 46 55 84
astray 12 16 19 23 26 28 39 41 46 49 51 53 55 57 71 75 76 77 78 79 80 85 88 92 94 95
aubrey 55
astric 55
aslope 40
ajaces 65
a’most 6 10 13 14 27 40 71 72
azotes 55
ayther 14
aliter 49
aeolus 22 45
akeled 55
azores 17 40 53 77
aniele 13
aliquo 49
aliqui 49
agwyne 70
ahahah 39
alight 9 10 12 14 17 26 28 33 38 39 41 42 46 48 49 50 53 55 56 60 65 73 76 78 79 85 97
abbots 16 21 55
alieuo 53
alieno 49
aliens 7 40 71 97
alieni 49
autres 84
aliena 49
ageyne 53
acolta 53
asleep 1 3 4 5 6 8 9 10 11 12 13 14 16 17 18 19 20 21 22 23 24 25 26 27 28 29 30 31 32 33 34 35 36 37 38 39 40 41 42 43 44 46 47 48 49 50 51 52 53 54 55 56 57 58 59 60 61 64 65 67 68 69 70 71 72 73 74 76 77 78 79 80 81 82 83 84 85 88 90 91 93 94 98 99 100
ascrib 83
acorns 22 26 28 55 73 74 77 80 90 94 97 99
ar’n’t 27 68
acordo 53
acosta 97
alike. 71
autumn 1 4 5 6 10 12 16 18 19 21 22 23 26 27 28 29 31 33 35 37 39 40 41 42 43 44 46 49 52 54 55 56 62 64 65 66 67 68 71 72 73 74 76 77 78 79 83 84 85 90 92 94 100
ascosa 53
avanti 53 79
aluaua 53
ajunge 53
aluaro 53
arkady 37
alcott 85 94
alcove 12 33 42 76 79 94
allied 7 9 14 16 21 28 32 39 46 49 51 53 55 65 66 67 71 74 76 77 78 79 80 82 86 89 90 98
allies 6 7 9 12 13 14 16 22 32 39 40 46 48 51 65 72 78 79 80 83
across 1 3 4 5 6 7 8 9 10 11 12 13 14 16 17 18 19 21 22 23 25 26 27 28 29 30 31 33 34 35 36 37 38 39 40 41 42 43 44 46 47 48 49 50 51 52 53 54 55 56 57 58 59 60 61 62 64 65 66 67 68 69 70 71 72 73 74 75 76 77 78 79 80 81 82 83 84 85 86 87 90 92 93 94 100
acrost 27 70
antrim 55
antris 49
ample. 21
ampler 65 92
aptest 45 60
aptera 12
arbela 73
alleys 12 13 21 27 29 35 37 39 40 41 42 51 64 67 68 69 70 73 76 77 78 79 93
allers 4 27
arbeit 63
avaled 9
aufert 49
aereal 45
anceau 12
ampere 49
alcest 65
antita 53
acrewk 46
axioms 12 41 55 63 84 95
amycus 49
allein 63
avails 26 28 65 77 78 79 84 92
allege 7 10 20 49 52 55 73 88
awning 18 27 28 31 53 60 70 71 77 79
alledg 83
ahdedo 50
amydon 65
aptant 49
allays 27
ataula 53
allais 12
allait 12 39
antony 40 49 55 77 88
acrius 49
ampial 71
acrior 49
azrael 12
auntie 39 41 44 69
agimns 49
agimur 49
attack 1 6 7 8 9 10 11 12 13 14 15 16 17 19 21 22 23 26 27 30 31 32 33 34 37 39 40 41 42 44 46 48 49 50 51 53 54 55 56 59 60 61 65 68 69 71 72 73 74 76 77 78 79 80 81 82 83 84 86 88 89 90 92 94 95 96 97
attach 7 10 11 12 16 19 22 27 34 35 37 39 41 44 46 49 53 57 63 67 68 71 74 77 78 79 80 83 84 89 90 92 93 95
attain 7 9 10 12 20 21 23 26 27 28 32 34 37 39 40 41 42 43 44 45 49 51 53 55 56 58 65 66 67 68 69 71 72 74 77 78 79 80 83 84 85 88 89 90 92 95 96 97 98
acamas 65
agrees 5 7 10 12 13 15 16 20 21 29 40 45 49 53 63 65 71 77 78 79 80 82 94 97
agreed 1 2 3 4 5 6 7 8 9 10 11 12 13 14 15 16 17 18 19 20 21 22 23 24 25 26 27 28 29 30 31 32 33 34 35 36 37 38 39 40 41 42 43 44 45 46 47 48 49 50 51 52 53 54 55 56 57 58 59 60 61 63 64 65 66 67 68 69 70 71 72 73 74 75 76 77 78 79 80 81 82 83 84 85 86 87 88 89 90 91 92 93 94 95 96 97 98 99 100
akhros 39
ancque 53
afeerd 14 71
aeaean 22
attend 1 4 5 6 9 10 11 12 13 14 15 16 17 18 19 20 21 22 26 27 28 29 31 32 33 34 37 39 40 41 42 43 44 45 46 47 49 50 51 52 53 55 56 60 62 65 66 67 68 69 70 71 72 73 74 76 77 78 79 80 81 82 83 89 90 94 97 98
attent 45
attest 40 65 71 74 78 90
alders 23 28 39 52 56 94
acarus 12
adwise 14
artois 82
atkins 60 81
adwice 71
auxius 49
arch’d 65
aeacus 22 49
agrius 65
artedi 40
allpox 55
artels 7
arkite 40
adelon 94
adelph 49
adella 56
asopus 22 49 65
acacia 12 19 66
anchor 1 6 9 10 12 14 17 20 22 26 28 30 31 34 40 41 46 49 50 52 53 55 60 64 65 66 67 71 73 74 76 77 78 79 81 82 83 84 90 94
aerian 65
aerial 12 27 28 39 49 55 56 65 74 84 90
acacan 53
aufidi 49
avaunt 9 77
ally’s 55
atbaht 50
artane 55
arbour 10 14 19 44 47 55 71 82
arbors 12 25 30
arbore 49 53
arborj 53
arbori 53
avatar 40 84
anciot 12
allows 4 7 10 12 20 21 22 39 41 43 46 49 53 63 65 68 77 78 79 80 81 82 89 94 95 97
allots 12
allons 39 49
ayenes 49
allois 65
alcune 53
alcuna 53
artico 53
adeone 49
allude 4 10 11 12 21 29 37 39 40 41 45 48 55 65 71 74 75 77 78 79 80 84 90 94
anubis 88
artist 1 10 12 16 18 21 23 26 28 30 35 37 39 40 41 43 48 49 51 53 55 56 65 66 68 69 71 73 74 77 78 79 80 84 90 91 92 94
artium 49 55
adepts 14 44 53 55
arther 91
arbuta 49
arburo 53
ancora 53
arbure 53
ancona 12 49 79
allure 10 26 28 41 49 78 92
arthur 3 6 9 12 14 16 21 27 28 34 43 46 51 53 55 56 66 67 74 77 80 85 90 92
artful 1 4 10 11 14 15 17 19 22 24 26 32 39 40 41 49 50 65 68 71 72 73 76 78 83 92 93 94
ademit 49
ancles 34 65 81
artery 12 28 34 48 55 72 74 90
amhain 55
afeard 9 27 46 55 69 70 72
alumno 55
allsop 55
adurat 49
aparte 53
apart. 21
avidly 17
avidos 49
avidum 49
aparau 53
albion 10 12 55 78
albino 40 55
arabum 49
abdita 49
arable 60 65
arabia 28 49 77 79 82
arabic 12 32 49 53 62 63 74 77 79 82 84 90
arrula 33
asnius 49
apjohn 55
answer 1 2 3 4 5 6 7 8 9 10 11 12 13 14 15 16 17 18 19 20 21 22 23 24 26 27 28 29 30 31 32 33 34 35 36 37 38 39 40 41 42 43 44 45 46 47 48 49 50 51 52 53 54 55 56 57 58 59 60 61 62 63 64 65 66 67 68 69 70 71 72 73 74 75 76 77 78 79 80 81 82 83 84 85 87 88 89 90 91 92 93 94 95 97 98 99 100
aignan 49
altar. 71
altair 28
araged 9
altaic 92
abdy’s 16
achten 63
arse’s 44
afloat 6 12 16 27 31 39 40 55 56 60 69 71 77 78 79 84
amonks 91
amonge 53
apathy 1 10 12 13 27 31 37 39 44 46 48 55 69 72 74 79 84 90 94
altare 53 55
altars 8 12 26 37 39 42 44 45 49 51 55 65 77 78 98
aragon 7 23 53 77
arrows 8 9 10 17 20 21 22 23 26 30 31 40 48 49 53 55 60 63 64 65 70 71 72 73 77 79 80 81 82 85 88
arrowy 28 40 74 90
ariuar 53
aching 10 12 13 14 19 27 29 32 33 37 39 41 42 44 46 48 55 56 57 59 65 67 68 69 71 72 74 77 78 79 81 90 94 99
albo’s 53
arrobe 12
aflame 12 39 41 55 57 79
atiger 12
arises 7 10 12 15 16 28 32 34 37 39 40 41 49 51 53 55 63 65 71 72 73 77 78 79 80 84 89 92 95 96 97
arisen 7 9 10 11 12 14 15 16 17 18 19 20 22 26 39 40 41 46 48 49 51 55 65 68 71 74 76 77 79 80 84 88 90 91 92 97
arisbe 65
arisba 12
aqella 53
aqello 53
aqelli 53
arrngd 78
anatto 85
aritie 53
albaro 53
aristo 49
albans 9 48 68 71 78 81
albano 44 79
albany 4 23 48 51 55 67 75 83 99
alkali 28 34 55
aviary 71 78 79
abdias 45
albeit 45 48 49 55 56 59 71 76 77 78 85
abdera 45 49 80
atress 91
atreus 22 65 79 80
achmet 82
akorns 45
adults 13 17 51 69 75
albert 12 21 27 34 40 44 48 50 51 55 79 83
acides 65
advent 10 12 26 28 30 39 40 44 48 55 71 72 84 85 89 92
advert 10 40 52 84
advers 77
adverb 20 62
aunt’s 4 9 11 14 16 21 23 31 39 41 42 44 56 66 69 71 72
arsing 55
ajchir 53
aweary 26 77 85
arshin 39
antaea 65
advanc 83
admire 1 5 6 7 10 11 12 14 16 17 19 21 22 23 26 28 29 31 33 37 39 40 41 42 44 45 46 49 50 51 55 65 66 67 68 71 72 73 74 75 76 77 78 79 80 81 82 84 88 90 91 92 94 96 97 99
admits 7 12 15 16 17 26 28 39 40 41 44 48 49 50 58 65 71 77 78 79 80 84 89 92 95 97
avised 9
addoms 91
aratus 49
aratro 49
arator 49 55
anthem 8 33 41 55 78 85
aequat 49
adduce 7 46 49 55
alcana 77
acrato 53
alcala 12
antics 21 40 41 55 58 85
altura 53
advise 3 4 9 10 11 12 14 15 16 18 19 21 22 26 27 28 34 35 36 37 39 41 42 43 44 45 46 49 51 53 54 56 58 59 60 61 65 66 68 70 71 72 73 74 75 76 77 78 79 80 82 83 84 85 89 90 92 94 97 98
aequor 49
aequum 49
aequus 49
anthon 65
addunt 49
advice 1 3 4 5 6 7 9 10 11 12 13 14 16 18 19 20 21 22 23 25 26 27 28 30 32 33 34 35 36 37 38 39 40 41 42 43 44 45 46 49 50 51 53 54 55 56 57 58 59 60 61 65 67 68 70 71 72 73 74 75 76 77 78 79 80 81 82 83 84 85 88 89 90 92 94 97
aarons 45
ankles 4 11 12 13 14 17 18 19 21 26 31 33 34 39 40 41 42 44 50 53 55 57 60 65 70 71 76 77 78 94
auerst 39
antenn 12 43 47
antena 53
altram 53
acrano 53
arsked 46
acrata 53
acrare 53
arskin 46
aweer. 71
aghast 10 14 16 17 27 39 40 41 43 46 47 48 54 56 65 66 68 72 77 78 79 81 82 84 88 91
albums 39 71
adding 1 2 3 4 6 7 10 11 12 13 16 18 19 21 22 27 28 29 30 33 34 37 39 40 41 42 44 45 46 48 49 53 55 57 65 67 68 69 71 72 73 77 78 79 80 83 84 85 88 89 94 95
aigues 79
addict 7 49
acquir 83
acquit 9 11 12 14 16 19 41 49 70 71 74 76 80 90
alther 9 55
aswell 45
amores 49
amorem 49
altera 49 80
alters 27 37 49 63 71 78 79 92 95 97
altero 49
alteri 45 49
adders 12 23 55 77 84 98
addere 49
arakch 39
addeth 45
amoris 49
ankers 40
addled 37 55 70 77
acians 55
altius 49 55
addito 28
addita 49
amours 9 12 40 49 52 55 77
amount 4 6 7 9 11 12 13 14 15 16 17 18 19 21 22 27 28 30 31 32 34 35 36 37 39 40 41 43 44 46 47 48 49 51 53 54 55 56 58 59 60 65 67 68 69 70 71 72 73 75 76 77 78 79 80 81 82 83 84 85 86 89 91 92 94 95 97
aswing 55
asia’s 65
actuly 70
aethon 22
actual 1 2 3 4 5 6 7 8 9 10 11 12 13 14 15 16 17 18 19 20 21 22 23 24 25 26 27 28 29 30 31 32 33 34 35 36 37 38 39 40 41 42 43 44 45 46 47 48 49 50 51 52 53 54 55 56 57 58 59 60 61 63 64 65 66 67 68 69 70 71 72 73 74 75 76 77 78 79 80 81 82 83 84 85 86 87 88 89 90 91 92 93 94 95 96 97 98 99 100
aether 95
annals 1 4 34 39 40 49 51 55 77 85 97
armies 5 7 12 13 15 33 37 38 39 40 41 45 48 49 51 65 69 73 77 79 80 82 83 96 97
armida 65
amache 53
aetion 65
aleuts 33
ashton 23
aleria 79
aisles 13 28 30 42 69 71 94
armful 10 13 17 28 55 70 78 79
akasic 55
armlet 55
anello 15
anneus 49
annest 91
anemic 55
anemia 13
accede 11 41 49 71 72 78 79 84
amadis 49 77
aorist 22 49 55
ardour 10 19 23 26 37 40 42 44 46 49 55 65 68 71 72 74 76 77 78 81 90 92
arming 7 13 39 41 49 51 55 77 79
alexia 49
alexis 12
alexey 37 41
acceze 53
accept 1 2 3 4 5 6 7 8 9 10 11 12 13 14 15 16 17 18 19 20 21 22 23 24 25 26 27 28 29 30 31 32 33 34 35 36 37 38 39 40 41 42 43 44 45 46 47 48 49 50 51 52 53 54 55 56 57 58 59 60 61 63 64 65 66 67 68 69 70 71 72 73 74 75 76 77 78 79 80 81 82 83 84 85 86 87 88 89 90 91 92 93 94 95 96 97 98 99 100
access 1 2 3 4 5 6 7 8 9 10 11 12 13 14 15 16 17 18 19 20 21 22 23 24 25 26 27 28 29 30 31 32 33 34 35 36 37 38 39 40 41 42 43 44 45 46 47 48 49 50 51 52 53 54 55 56 57 58 59 60 61 63 64 65 66 67 68 69 70 71 72 73 74 75 76 77 78 79 80 81 82 83 84 85 86 87 88 89 90 91 92 93 94 95 96 97 98 99 100
acceta 53
acceto 53
accepi 49
accent 5 6 10 11 12 16 18 19 21 27 28 33 37 39 41 42 43 49 50 54 55 65 68 69 72 73 74 76 78 79 80 83 84 85 90 94
ardent 1 10 11 12 16 18 19 20 23 26 35 37 39 41 44 45 49 55 60 65 68 71 72 74 76 77 78 79 84 88 90 92 94
ardens 49
aetate 49
amisse 45
aleman 53
aztecs 23 55
anne’s 11 40 55 56 71
ashida 66
affray 27 55 77 79
aleppo 79
ardita 67
ardire 53
abydos 65
ardine 53
afore. 71
ashore 4 6 14 17 22 26 27 28 30 31 33 38 40 51 53 55 56 58 60 65 69 70 71 73 77 78 79 81 85 94 99
ashpit 42 55
armati 49 53
armata 53
armare 53
always 1 2 3 4 5 6 7 8 9 10 11 12 13 14 15 16 17 18 19 20 21 22 23 24 25 26 27 28 29 30 31 32 33 34 35 36 37 38 39 40 41 42 43 44 45 46 47 48 49 50 51 52 53 54 55 56 57 58 59 60 61 62 63 64 65 66 67 68 69 70 71 72 73 74 75 76 77 78 79 80 81 82 83 84 85 86 88 89 90 91 92 93 94 95 96 97 98 99 100
armand 12 18 70
alendi 49
armagh 55
armada 40 55 74 90
actors 7 8 10 12 13 17 23 26 37 39 41 44 45 49 55 65 66 68 71 77 78 79 80 81 82 85 88 89 92 94
actori 49
amasis 49
amasie 12
amarre 23
amator 12
apendo 53
ajonge 53
aready 78
acuens 49
accrue 16 19 39 44 45 49 77
asides 12
accrew 45
aperli 53
aperit 49
aloeus 22
annus. 49
aitcha 55
annum. 13
annuls 12
annual 2 11 12 13 14 15 21 28 40 42 46 49 51 55 60 65 71 73 78 79 80 83 84 85 88
accuse 4 7 10 11 12 14 16 19 26 28 29 37 39 41 45 49 50 51 55 59 65 71 72 73 74 78 79 80 88 90 99
accurs 20
apenna 53
amavit 12
aren’t 5 12 13 17 18 29 33 35 36 37 39 41 42 48 50 55 56 59 61 66 67 75
armpit 6 49 53 55
anwell 50
asquat 55
armour 9 21 22 23 38 46 48 49 55 59 65 71 77 78 80 90 98
armory 32 79 84 88
armony 46
army’s 39 65
annie. 71
aw’fly 56
amsbsy 63
accons 12
accost 10 12 49 76 79 85
accord 4 5 7 9 10 12 14 16 18 22 23 26 29 32 34 36 37 38 39 41 42 43 44 45 46 48 49 50 53 55 56 65 68 69 71 72 76 77 78 79 80 85 88 89 92 95 98
amants 39
awhile 6 9 10 12 13 18 19 22 26 29 32 33 34 38 39 40 41 46 48 49 51 54 55 56 57 58 60 65 66 68 69 70 71 72 73 78 79 80 83 84 85 86 88 94 99
aortic 34
apeira 22
armuyr 12
annoys 37 41 44 49 75 79
aqille 53
amalia 37
amalek 39
amanda 32
amandi 49
afghan 21 33 34 94
alfaqu 77
acuant 49
ask’st 65
augesd 39
augers 22 79
augezd 39
agafya 41
apulia 65
airley 40
augean 12 28
andere 63
andern 63
anders 63
aplomb 55 94
aspire 7 10 11 12 13 24 27 28 45 49 51 56 65 71 74 77 78 79 80 81 85 89 90 92
airily 6 10 20 34 41 56 69 71 75 76 77 78 85 94
airing 10 11 12 14 16 17 42 44 55 71 78 85 94
archus 49
archon 80
archly 11 14 16 42 55 71
archiz 53
alvisi 7
arcola 12 39 79
almost 1 2 3 4 5 6 7 8 9 10 11 12 13 14 15 16 17 18 19 20 21 22 23 24 25 26 27 28 29 30 31 32 33 34 35 36 37 38 39 40 41 42 43 44 45 46 47 48 49 50 51 52 53 54 55 56 57 58 59 60 61 63 64 65 66 67 68 69 70 71 72 73 74 75 76 77 78 79 80 81 82 83 84 85 86 87 88 89 90 91 92 93 94 95 96 97 98 99 100
almond 28 39 42 53 55 71 77
againe 40 45 53 98
again. 14 16 19 21 22 24 27 34 38 40 41 44 68 71 77 79
aughts 77
aughty 55
augias 65
ahenea 49
azazel 55
aboord 46
ahenis 49
attics 10 11 12 21 79
attici 49
attica 21 49
attila 12 46 79
attire 10 12 14 17 18 27 37 39 43 46 49 55 65 66 68 71 72 77 78 79 80 85 93 94 98
attius 49
acause 50 68
aldire 53
aldite 53
abodes 10 12 26 39 49 55 65 77 79
aboard 6 13 14 17 22 27 28 31 34 40 46 48 53 55 69 70 71 73 74 76 78 79 81 85 90 94
afwaid 39
agitat 49
auorio 53
agitur 49
azalea 6 94
arcana 1 44 49 71
almany 55
arcade 12 23 39 41 50 57 77 79
azalle 53
almain 98
archie 5 21
archia 51
archer 9 12 22 40 49 64 65 72 77 80
arches 3 5 10 12 14 20 22 26 27 40 46 48 49 55 59 64 71 76 78 84 94
arched 1 5 10 12 17 22 26 27 29 34 37 39 40 44 46 47 55 56 61 65 67 71 72 73 76 78 79 82 85
akim’s 41
andati 53
andato 53
andaua 53
andare 53
alvaro 53
aspect 7 10 11 12 13 14 16 18 19 21 26 27 28 29 30 31 32 34 35 37 39 40 41 45 46 47 48 49 51 55 60 65 66 67 68 69 71 72 73 74 75 76 77 78 79 80 83 84 85 89 90 92 94 95 96
awoken 34 35
aspens 28 30
aspers 49
aspexi 49
aferma 53
atucti 53
adopts 26 28 49 63 77 89
anvils 55 65
adoper 53
actest 40
adorau 53
adorat 49 97
acteth 45
augurs 12 49 78
augury 12 45 49 55 65 74 77 79 90
andwew 39
august 1 4 6 7 9 10 11 12 13 15 16 18 21 22 26 27 28 30 31 32 34 37 39 40 41 42 44 46 48 49 50 51 53 55 56 57 60 65 66 67 69 70 72 73 74 76 77 78 79 81 83 84 86 87 89 90 91 92 94
arundo 49
agates 33
agatha 12 23 46 55 74 90
adonis 23 44 55
adonai 39 55
affirm 4 7 10 12 15 16 20 31 32 39 40 41 45 49 55 63 65 68 72 73 74 77 79 80 82 85 88 89 90 91 92 95 97
ahnung 63
alebat 49
auynge 53
alegri 53
alegre 53
alegro 53
ackney 78
active 1 2 3 4 5 6 7 8 9 10 11 12 13 14 15 16 17 18 19 20 21 22 23 24 25 26 27 28 29 30 31 32 33 34 35 36 37 38 39 40 41 42 43 44 45 46 47 48 49 50 51 52 53 54 55 56 57 58 59 60 61 63 64 65 66 67 68 69 70 71 72 73 74 75 76 77 78 79 80 81 82 83 84 85 86 87 88 89 90 91 92 93 94 95 96 97 98 99 100
action 1 4 6 7 10 11 12 13 14 16 17 18 19 20 21 22 23 26 27 28 29 30 31 32 33 34 36 37 39 40 41 42 43 44 45 46 47 48 49 50 51 53 54 55 59 60 61 63 64 65 66 67 68 69 70 71 72 73 74 75 76 77 78 79 80 81 82 83 84 85 86 88 89 90 92 93 94 95 96 97 99 100
afford 1 3 4 5 6 10 11 12 13 14 15 16 17 18 19 20 21 23 26 27 28 29 30 32 34 36 37 39 40 44 45 46 49 50 51 54 55 56 57 58 60 61 63 65 66 67 68 70 71 72 73 74 76 77 78 79 80 81 82 83 84 86 88 89 90 93 94 95 97
acting 1 2 4 5 7 10 11 12 15 16 18 19 21 23 26 27 29 30 34 37 39 41 42 43 44 45 46 49 55 56 58 60 65 66 67 68 69 70 71 72 73 74 77 78 79 80 81 84 86 88 89 90 92 94 97
actium 12 40 73
aleian 65
aminta 77
adorne 45 49
adorns 28 65 74 77 90
adorer 26 39 55 66
adores 12 18 23 37 39 41 44 49 65 77
aatris 49
adored 5 10 12 14 16 18 22 23 26 31 39 41 44 49 53 55 65 69 71 72 73 74 77 78 79 83 88 90 94
ashes. 38
adogni 53
affair 1 3 4 5 6 7 10 11 12 13 14 15 16 17 18 19 21 22 23 26 27 28 29 30 31 32 34 36 37 39 40 41 42 43 44 46 47 48 49 50 51 55 56 60 65 66 67 68 69 71 72 73 74 76 77 78 79 80 81 82 83 84 85 90 92 94
asylum 4 10 12 15 21 27 32 37 39 40 41 44 46 55 56 68 71 72 74 77 78 79 80 90
about. 5 38 41 44 71 79
aboute 91
almude 12
abound 11 12 15 21 32 40 44 45 49 51 52 55 68 71 73 77 80 81 85 88
arctic 10 13 28 30 40 53 55 65 81
andy’s 27
abordo 53
aborde 23
akimbo 14 18 21 39 52 55 78 94
ador’d 65
adolph 12 27
andria 7 49
andrea 53 77 79
andred 9
andres 46 53 56 77
andrey 37 41
andrew 12 22 23 32 39 40 45 46 49 51 53 55 56 57 77 81 82 83 85 90
amiens 12 44 55
actaea 65
amifit 97
andron 49
amicus 49 77
amicum 49
amicos 77
amicit 49
amicis 49
amicil 49
amicho 53
andomi 53
andola 53
andoli 53
amicae 84
affect 6 10 11 12 13 16 19 21 22 23 26 27 28 31 32 34 37 39 40 41 44 45 46 49 54 55 60 65 66 67 68 71 72 73 75 76 77 78 79 80 81 82 84 85 88 89 90 94 96
amidst 8 10 11 14 16 19 23 28 37 38 39 40 41 42 44 46 47 48 49 52 65 68 71 74 76 78 79 81 85 88 90
abowte 53
