duplices 49
devising 12 32 42 45 48 54 71 77 78 79 80 85
diaphane 55
delamain 81
decorate 4 18 20 56 65 68 79
debility 26 49 54 55 74 78 90 92
deedless 65
dungings 28
despairs 12 13 28 79
decision 4 5 7 10 12 13 16 19 20 21 22 27 28 29 32 34 35 37 38 39 40 41 43 44 45 46 47 49 50 54 55 56 59 62 66 67 68 71 72 73 74 75 76 77 78 79 80 84 85 86 87 89 90 92 94 95 97
daytime. 38
design’d 65
decisive 4 7 10 11 12 13 14 16 19 26 27 34 37 39 41 42 55 59 63 65 68 71 73 74 78 79 80 82 84 90 92 96 97
daytimes 70
domeniga 53
despaire 45
despair. 24 74 76 80
domenica 53
disdains 12 49 50 65
dicebant 84
deacon’s 28 39 41
d’avaray 12
demeaned 49
despagne 55
demeanor 1 4 12 19 27 40 41 68 79 84 85 94
defouled 9
d’uriner 55
depposed 6
dethrone 64 65
destin’d 16 65
depicted 7 12 21 35 39 40 41 44 53 55 65 68 77 78 79 80 81 84 96
dutchess 98
defended 7 9 11 12 14 15 16 19 20 22 26 27 28 30 31 37 38 39 41 43 45 49 55 65 68 72 73 76 77 78 79 81 82 83 88 89 92 94
defender 7 12 20 27 28 32 39 41 45 55 65 77 82 88 94
defendat 49
desepons 91
deffisit 70
deaconed 94
donelson 46
deucedly 27
dentists 40 71 75
delibero 53
docentis 49
dirtiest 26 27 34 38 68 78 82
dartmoor 23 43
delaunay 79
dincourt 12
dustbins 59
drawback 1 13 14 16 19 21 23 37 57 68 71 76 78 89
devaux’s 44
diverged 10 14 28 40 42 49 68 71 79
diverges 1 92
drowsing 39 55 67 69
d’almane 16
drowsily 1 4 5 14 18 23 26 39 55 68 72 78
dropping 1 3 5 6 10 12 13 14 18 21 27 28 30 31 33 34 36 37 38 39 40 41 44 46 47 48 50 52 53 54 55 56 57 58 65 66 67 68 69 70 71 72 74 76 77 78 79 80 82 83 84 85 86 90 94 100
deleured 91
docketed 14
dissuade 4 10 11 12 16 19 20 22 27 39 41 49 53 59 65 68 71 74 77 78 79 83 89 90 92 98
dutchman 6 31 40 46 52 55 73 77 78 81 83
dutchmen 6 9 14 46 55
dampened 27 67 69
dauphine 12 18 40 79
dauphins 12
diemen’s 73
depended 4 6 7 10 11 12 13 14 16 17 18 19 20 21 27 29 31 32 36 37 38 39 40 41 43 45 46 49 51 55 56 59 60 65 69 71 72 73 74 75 76 77 78 79 80 81 83 84 89 90 92 94
dependet 49
deiopeia 65
doorcase 55
despayre 45
drooling 28
definite 10 12 13 14 17 21 26 27 28 29 30 31 34 37 39 41 42 43 44 46 47 51 53 54 57 59 63 66 71 72 75 76 78 79 80 84 85 88 89 92 95 96
d’artois 12 79
detexere 49
dealings 7 10 16 18 21 23 27 28 33 34 37 39 46 49 51 56 60 71 73 77 79 80 81 83 89 93 99
defining 26 39 45 80 88
dampness 4 12 13 29 37 39 40 59 77 79 84 94
decorums 11 94
deptford 31 73 78 81
delicacy 1 4 10 11 12 14 15 16 18 19 20 21 23 26 27 28 29 34 35 37 39 40 41 43 44 46 49 50 51 54 55 57 65 67 71 74 76 77 78 79 80 81 82 84 85 90 92 94
delicate 1 4 5 6 7 10 11 12 13 14 16 17 18 19 21 22 23 26 27 28 29 31 32 34 35 37 38 39 40 41 42 43 44 46 47 48 49 51 52 53 55 56 57 65 66 67 68 71 72 74 75 76 77 78 79 80 83 84 85 89 90 92 93 94 100
disquiet 11 12 14 19 23 26 39 49 65 71 73 74 76 77 78 79 88 90 92 94
darksome 10 65 85 88
debtor’s 37
delectau 53
destroys 7 13 15 19 23 28 39 40 49 65 79 80 89 92 95 97
dorothea 77
discount 12 40 41 71 73 79
discours 49
decypher 45 84
discover 1 2 3 4 5 6 7 8 9 10 11 12 13 14 15 16 17 18 19 20 21 22 23 24 25 26 27 28 29 30 31 32 33 34 35 36 37 38 39 40 41 42 43 44 45 46 47 48 49 50 51 52 53 54 55 56 57 58 59 60 61 63 64 65 66 67 68 69 70 71 72 73 74 75 76 77 78 79 80 81 82 83 84 85 86 87 88 89 90 91 92 93 94 95 96 97 98 99 100
deathful 40 65 84
damosels 9
despatch 10 12 14 16 19 22 27 28 39 40 46 49 53 65 68 73 76 77 79 83 90 98
desmonds 43
decorist 84
demesnes 49 73
designed 6 11 12 14 18 21 23 27 28 29 37 39 42 45 48 49 51 55 60 65 66 71 72 73 74 76 78 79 80 81 82 83 84 89 90 91 93 97
designee 45
designes 45
drudging 14 65
daggered 55
delaveau 12
darnello 53
desipere 49
disfavor 12 39 94
deathday 55
devoided 9
diocesan 12 41
droppest 77
droppeth 51
dilating 10 12 28 40 49 52 55 66 72 78 79
dilation 10 45 92
dioceses 55
disliked 4 5 10 11 16 19 21 23 26 27 37 39 41 42 45 49 50 54 55 62 67 68 71 72 73 74 76 77 78 79 80 83 88 90 94
deviseth 26
devisers 26
dislikes 5 10 11 37 39 41 49 50 56 71 72 79 80 89 94
dildoing 44
discords 18 23 28 31 47 49
doorless 68
discorsi 7
discorso 7
destrier 65
deathbed 10 16 39 41 55 68 69 71 72 74 79
deadborn 55
d’alluye 12
decorous 20 27 31 37 39 41 42 49 77 85 94
d’arthur 9
deviates 49 79
deviated 7 39 65 79
destined 1 4 6 10 11 12 13 14 16 18 20 21 23 26 27 28 30 35 37 39 40 41 43 44 46 47 48 49 51 55 65 68 71 72 74 75 76 77 78 79 80 81 83 84 85 86 88 89 90 92 96 100
destinee 92
dunghill 12 14 38 49 71 77 79 81 82
delancey 12
descript 76
descrive 9
desarves 27
deputies 12 37 45 49 55 73 79 83 86 97
darzee’s 33
dominoes 12 31 71 76 79
delancre 12
daneland 20
deputing 27
disagree 3 5 16 23 25 29 39 41 45 60 65 68 80
diriguit 49
diocesse 45
describe 1 4 5 6 7 8 9 10 11 12 13 14 15 16 17 18 19 20 21 23 26 27 28 29 32 33 34 37 39 40 41 42 43 44 45 46 47 48 49 50 51 53 54 55 56 60 63 67 68 69 71 72 73 74 76 77 78 79 80 81 84 85 89 90 94 95
descries 65 78
descried 12 14 16 27 39 40 52 60 65 68 71 73 76 77 78 81 82
develope 80 90
develops 12 26 37 39 41 77 78 89 92 94 96
dilatory 11 16 39 44 67 72 74 90
dionysus 65 79 92
diversus 49
damfican 13
downhaul 79
dionysos 49
darkling 40 43 47 48 56
diverted 7 11 12 13 14 16 19 21 22 27 37 39 41 42 45 48 49 60 71 72 73 74 76 77 78 79 80 81 84 89 90 93 94
duckling 28 55 94
diplomas 56
diplomat 12 39 41 62 79 83
diversly 45 88
diversos 49
diversis 49
demijohn 40 66 94
downhall 6
d’arcy’s 42
disinter 84
drudgery 13 27 28 39 51 56 60 71 73 77 78 88 97
drudgeth 26
decrepid 49
decrepit 12 21 26 34 37 39 41 42 45 49 78 85 88 99
deerskin 55 79 99
drawings 10 11 16 19 39 40 44 47 48 55 64 65 78 79 84
desuetae 49
davout’s 39
diddling 44
dittolen 63
drifting 5 14 16 18 21 23 26 29 30 31 33 40 43 46 47 48 50 51 55 56 66 67 69 70 71 74 77 78 84 90 94
denizens 12 28 40 54 55 68 71 85
decrease 7 15 19 39 49 55 81 93
dysparis 65
deuentau 53
degwaded 39
decadent 26 41 47
digested 7 10 12 28 39 49 50 55 66 73 84 88 97
digester 40
delicias 49
downhill 6 14 26 30 31 35 39 46 48 52 55 86
decreeth 20
doomsday 20 55 71
dandyism 23 78
deliciis 49
denzille 55
dubliner 55
dreiecks 63
dogsniff 55
deceuano 53
driblets 18 27 78
diogenes 12 41 49 65 79
dublin’s 42 55
debentur 49
dessoubs 49
drover’s 55
duration 7 10 11 12 14 19 20 28 29 32 39 41 44 47 49 53 55 62 63 65 68 71 72 74 76 77 78 79 80 81 84 86 89 90 92 94 95 97
dudley’s 55
deadlier 23 47 85
downpour 12 26 47 55
dicerent 49
dominate 12 13 23 41 43 48 50 79 92
decedere 49
dominant 4 12 13 14 23 27 30 31 39 42 46 48 52 55 67 71 76 77 89
dibianca 3 6
dunder’s 40
delusion 4 10 12 14 15 16 21 26 28 29 31 34 35 39 40 41 42 43 44 45 46 51 55 60 63 71 72 74 76 77 78 80 81 84 85 90 92 94 95
disgorge 28 40 49 53 71 77
decursio 65
delusive 10 48 71 72 77 78 85 94
derision 3 6 11 12 14 25 26 27 28 29 33 39 40 41 50 55 57 65 69 72 78 79 84 88 92
derisive 12 39 40 50 71 92 94
dabbling 10 15 18 28 49 55 56 79 92 94
driscoll 55
december 7 10 12 13 14 16 18 21 22 24 26 28 30 39 40 41 48 49 53 54 55 56 57 60 66 67 69 71 72 73 74 76 77 79 81 82 83 87 89 90 91 92 93 94
duncan’s 79
duellist 40 55
duelling 79
domineth 9
document 4 10 12 13 15 21 31 34 37 39 41 43 46 53 54 55 59 62 63 65 68 71 76 77 78 79 82 84 85 94
diuretic 55 73
domineer 40 45 49 72 97 99
divesque 49
deputy’s 79
decretis 49
dictated 5 7 11 12 13 16 26 31 39 41 43 44 45 49 51 54 60 65 66 71 73 74 76 77 78 79 83 90
dictates 10 11 12 14 15 28 41 45 49 53 55 60 65 73 78 79 83 86 89 97
dumfound 39
di’monds 69
divested 4 10 14 16 28 39 44 49 66 71 72 77 79 80 84
demetrii 49
dictator 9 12 40 49 92
dispirit 65
dodger’s 55 68
doughnut 52 69
deadlock 43
darwin’s 26 40
dominium 97
dominion 7 15 20 26 27 30 39 40 41 45 48 49 51 60 65 73 74 76 80 81 83 84 88 89 90 92 93 95 97 98
decamped 12 37 56 71 84
dashwood 19 94
delaware 15 32 83
denderah 40
davenant 40 55
disproof 29 78
disprove 49 79 80 88 89
defigaro 53
debagged 55
draggeth 26
dardanus 41 65
distract 12 28 31 37 39 41 46 49 59 60 65 67 68 71 72 79 83 88 94
disowned 10 12 49 72 74 78 90
devoting 11 14 16 28 39 40 51 68 71 74 78 79 84 85 90 94
dardania 98
ducentia 49
devotion 1 7 9 10 12 13 14 15 16 18 20 23 26 27 28 29 30 31 32 34 35 37 39 41 44 45 46 47 49 51 55 60 65 66 67 68 71 72 73 74 75 76 77 78 79 80 81 83 84 85 88 89 90 92 94 98
distrait 43 44 55
dummling 38
d’embrun 12
dyguasam 53
deriv’st 65
damodara 28
diatribe 12
desirers 79
desirest 26
desireth 9 26 45 64 88
decedunt 49
detain’d 65
diomed’s 65
dimpling 1 24 28
dadochoi 45
demurely 10 18 21 27 34 41 44 46 51 72 84 93 94
duenna’s 77
dedisses 49
dissects 12
delaford 19
dragging 4 5 10 12 13 14 18 20 21 22 23 27 28 30 33 38 39 40 41 42 44 47 48 49 50 51 55 56 57 58 65 67 68 69 70 71 72 74 77 78 79 80 81 84 86 88 90 92 93 94
delengan 53
drygoods 70
dillon’s 42 55
digger’s 12
daughter 1 3 4 5 7 9 10 11 12 13 14 16 17 18 19 20 21 22 23 27 28 29 32 34 35 36 37 38 39 40 41 42 43 44 45 46 49 50 51 52 53 55 56 57 59 60 62 65 66 67 68 69 70 71 72 73 74 75 76 77 78 79 80 81 82 83 84 85 88 89 90 91 93 94 99 100
dapple’s 77
dargento 53
downiest 68
disburse 77
detracts 65 74 90
detracto 49
district 6 7 10 12 13 14 15 21 23 27 31 32 34 37 38 39 40 41 42 43 46 48 49 51 53 54 55 56 67 68 71 72 73 74 77 78 79 81 83 84 86 90
doryclus 65
division 4 9 10 12 14 16 19 20 21 27 28 31 32 34 37 39 40 41 44 45 46 49 53 55 65 67 71 72 73 74 76 77 78 79 80 81 83 84 88 89 90 94 96
dabuntur 49
divorces 75
divorced 7 12 14 37 39 40 41 55 57 62 66 67
diakonos 45
deserve. 16
deserved 3 4 7 9 10 11 12 14 15 16 17 18 19 21 29 30 31 32 36 38 39 40 41 42 43 44 45 48 49 50 51 60 64 65 67 68 71 72 73 74 76 77 78 79 80 81 82 83 84 85 88 89 90 92 94 99
draggled 3 14 17 23 30 33
delivery 10 12 19 39 40 44 45 46 47 49 54 55 56 57 65 66 68 69 71 77 78 79 83 85 86 97
delivers 12 27 39 41 45 49 54 71 73 77 78 79 88
deserves 1 11 12 15 16 19 27 28 36 37 38 39 40 41 43 49 52 55 63 64 65 67 68 71 72 73 76 77 78 79 81 89 92 93 94 95 97
duarte’s 53
darkmans 55
disraeli 46
desire’s 55
drench’d 65
deserter 10 39 97
deserted 1 4 5 6 10 11 12 13 14 15 16 17 18 19 20 21 26 27 28 30 31 33 34 37 38 39 40 41 42 43 46 47 48 49 51 52 53 54 55 56 57 58 61 65 67 68 69 71 72 74 76 77 78 79 80 84 85 88 90 93 94 96 99
divisere 49
distress 1 2 4 6 9 10 11 12 13 14 15 16 17 18 19 20 22 23 24 26 27 28 29 35 37 38 39 40 41 42 44 46 47 48 49 51 54 55 56 57 59 60 64 65 68 69 70 71 72 73 74 75 76 77 78 79 80 81 82 83 84 88 90 92 93 94 99
diarrhea 62
diomedes 12 49 65
distills 12
detritus 12
diomedon 49
doctrina 49
doctrine 4 7 9 10 12 13 15 19 20 26 27 28 29 34 37 39 40 41 42 43 44 45 46 49 51 55 56 60 63 65 73 76 80 81 82 83 86 88 89 90 92 95 97 98
distingu 17 39 55
distinct 1 5 6 7 10 12 14 16 17 18 20 21 22 23 26 27 28 29 30 31 34 37 39 40 41 43 44 45 46 47 48 49 50 51 53 54 55 56 57 59 65 66 68 69 70 71 72 73 74 75 76 77 78 79 80 81 82 83 84 85 88 89 90 93 95 97 100
dragoman 22
delphian 80 98
droggers 81
derick’s 40
devedeux 79
dactylic 22 80
dedlocks 78
ductores 49
disseram 49
donzelle 53
donzella 53
donzelot 12
disarm’d 65
dartford 19
deponere 49
divisors 55 80
dmitri’s 37 41
dangling 1 12 13 14 18 21 22 27 31 33 35 38 39 40 43 48 49 52 53 55 65 67 68 69 71 76 78 84 92 93 94
dispatch 1 6 19 26 39 41 45 48 49 68 71 72 78 83 94 97 98
damocles 40
drawling 3 10 14 33 37 41 49 55 72 78 80
devilish 10 12 14 21 27 28 31 39 40 41 43 46 50 54 55 68 71 72 74 76 77 78 80 85 88 90 94 98 99
dissents 79
deniseau 79
dragoons 12 33 39 55 83
devilled 55
demurrer 55
demurred 16 28 29 46 57
dardan’s 65
deponent 77
debonair 9 17 23 39 42 94
deseaved 12
desirous 4 6 7 9 10 11 12 13 14 15 16 18 19 21 26 27 28 32 37 39 40 41 44 45 49 53 55 56 65 68 71 72 73 74 75 76 77 78 79 80 81 82 83 84 85 88 90 95 96
detained 4 10 11 12 16 21 22 27 28 29 32 34 37 39 40 41 46 47 49 55 57 65 68 71 76 77 78 79 80 81 83 89 93 94
disrated 40
dodona’s 65
drafting 77
declyned 53
drearier 27 69 85
diameter 12 28 39 40 48 49 60 73 79 80 82 83 84 100
drearily 10 14 50 54 69 76 85
derelict 46 47 48 55
details. 71
disunion 7 55 71 74 90
disunite 49 65
detailed 1 11 12 16 21 26 27 34 39 40 41 43 44 48 51 53 63 68 71 77 79 84 86
dumbbell 78
druidism 55
decidere 49
dutiable 85
dismount 1 6 12 39 49 55 68 71 72 73 74 76 77 78 79 90
dogcarts 55
distrust 4 7 10 11 12 13 14 16 19 26 32 35 37 39 40 41 45 46 49 51 53 60 68 71 74 76 77 78 79 83 84 85 90 92 94 98
dissever 9
devotees 5 26 40 51 76 79 82
danglars 79
decimals 56 78
decanted 14 77
decanter 12 14 37 39 40 41 42 43 46 69 70 71 72 78 79 83 93
doorways 12 13 26 33 39 42 48 54 55 68 71 76 78 93
desiring 7 10 11 12 13 14 16 18 19 26 32 35 39 40 41 44 45 49 53 55 60 63 65 71 72 73 74 79 80 83 88 89 90 92 95 96
dockyard 21 76
donought 55
decimate 12
dowagers 10 12 23 55 94
diagoras 49
drumleck 55
diceuamo 53
diceuano 53
deviltry 70
deciding 4 11 16 19 33 39 41 45 49 56 77 78 84 89 94 95
douleurs 39
deteined 45
discreet 10 12 14 16 17 19 21 22 26 27 39 40 41 42 43 44 45 46 48 49 55 56 67 68 69 71 72 73 76 77 78 79 81 83 88 92 94
drilling 7 12 13 39 49 56
dedicate 7 27 41 44 45 49 65 66 74 77 80 88 89 90 98
disarray 6 12 42 46 48 65 67 85
discrete 55
discreto 77
diresome 20
deaden’d 65
dimetalo 53
discimus 49
diagonal 6 12 28 39 40 55
dairyfed 55
dornberg 12
devolves 49 65 78 79 89 97
devolved 14 18 19 51 55 68 74 78 81 83 90 92 97
disarmed 1 7 12 37 39 43 49 50 55 72 73 76 79 80 82 97
decently 10 13 19 22 27 28 37 39 40 41 46 49 51 55 67 71 72 76 79 82 94
devourer 77
distance 1 3 4 5 6 7 10 11 12 13 14 15 16 17 18 19 20 21 22 23 25 26 27 28 29 30 31 32 33 34 36 37 38 39 40 41 42 43 44 45 46 47 48 49 50 51 52 53 54 55 56 57 58 59 60 61 62 64 65 66 67 68 69 70 71 72 73 74 76 77 78 79 80 81 82 83 84 85 86 87 88 89 90 92 93 94 95 100
doppelte 63
dandamis 49
devoured 2 4 5 9 10 12 13 20 21 22 26 28 30 34 35 37 38 39 40 41 44 45 48 49 56 60 68 69 72 73 74 75 77 79 82 84 85 88 90 94 97
dieselbe 63
deprived 1 4 7 9 11 12 13 15 16 17 18 19 20 21 22 23 27 29 32 35 37 39 40 41 44 45 49 51 53 65 68 71 72 73 74 77 78 79 80 81 82 84 88 89 90 94 97 98
deprives 7 12 39 41 44 49 60 65 74 78 79 80 82 83 90 96
decrying 49
devoutly 6 9 12 14 27 39 40 41 45 46 51 55 65 70 71 76 77 79 88 98
demander 88
demanded 4 5 7 9 10 12 13 14 16 17 18 19 20 26 27 28 29 30 31 35 37 38 39 40 41 44 45 49 51 52 53 55 56 58 61 63 65 67 68 69 71 72 73 74 76 77 78 79 80 81 83 84 85 88 89 90 92 93 94 97
denman’s 54
deadened 12 14 18 31 43 44 47 77 78 79
dictment 68
duckweed 67
dragon’s 12 13 65 71 76 84 85
dingiest 14 34 76
devincti 49
defarges 76
darlings 10 17 20 29 36 39 41 44 72 76 78 94
dormouse 3 14 37 77
darling. 41
darkness 1 3 4 5 6 8 10 12 13 14 17 18 20 21 22 23 24 26 27 28 29 30 31 32 33 34 35 37 38 39 40 41 42 43 45 46 47 48 49 51 52 53 54 55 56 57 59 61 64 65 66 67 68 69 70 71 72 74 76 77 78 79 80 81 84 85 87 88 90 93 94
dairyman 42
deadness 5 13 39 57
dilemmas 12 68
daijingu 66
devinely 94
dockhead 68
defrauds 65
ditionem 97
dannyman 55
darkey’s 40
dearborn 13
darkened 1 4 6 10 14 15 21 23 26 27 28 33 34 39 40 41 42 43 48 49 51 54 55 56 57 61 67 68 70 71 72 73 74 76 77 78 79 80 82 85 88 90 94
dancette 70
divitiis 49
distaste 16 29 31 42 49 54 64 65 67 74 77 82 84 89 90
dronings 70
dandruff 55
dustcoat 21 55
deafmute 55
divitias 49
disciple 4 10 12 26 27 31 40 42 44 45 49 55 74 76 79 80 82 83 88 90 92
drepanum 22
daigning 12
damnably 50 55 72
damnable 4 28 37 41 49 54 72 84 88
decocted 55
duisante 39
daringly 16 26 49 55
dewsilky 55
duvivier 12
d’assisi 12
drinking 3 6 7 10 11 12 13 14 16 17 18 19 20 21 22 23 26 27 28 32 33 35 37 38 39 40 41 42 45 46 47 48 49 50 51 53 54 55 56 57 60 62 64 66 67 68 69 70 71 72 73 76 77 78 79 80 81 83 84 88 89 92 94 97 99 100
dizidoto 53
dullards 12 37
demoleon 65
d’angers 12
dwelleth 9 26 27 45 84 88 92
dwellest 12 85 88
duodenum 55
dwellers 12 20 22 26 34 46 49 57 65 66 68 77 79 80 88
darken’d 65
d’escars 49
danton’s 12
drinketh 26 88
drainage 12 13 30 31 55 76
drinkest 26
drinkers 12 26 37 53 55 76 79 81 83
drinker. 77
drizzled 94
d’oeuvre 39 67 84
dwagging 39
damaging 10 14 26 41 69 73 78 80 86 89
declinat 49
dynastic 92
damietta 9
dappling 5
desisted 4 6 14 20 39 40 42 48 49 55 60 68 71 72 78
duchampy 79
dissolve 10 12 14 15 27 28 31 39 40 45 49 55 65 67 71 72 77 78 80 81 82 89 97 98
dissolvi 49
declines 12 40 49 65 68 71 78 80 92
declined 4 10 11 12 13 14 16 18 19 23 27 28 29 39 41 42 44 49 50 52 55 56 60 65 66 68 69 71 72 74 76 77 78 79 80 81 84 85 90 92 94
drabbest 40
deterred 1 7 12 14 19 28 29 37 49 51 53 63 65 78 79 80 89
derwan’s 55
denkbare 63
drabbled 56
ditching 66
dandrade 55
dramming 83
deranged 10 11 12 16 21 27 37 39 41 59 67 71 72 74 77 78 79 80 90 94
delegate 12 13 39 55 68
displace 7 12 14 45 49 76 79 83 84 88
disertum 49
deepdown 55
displays 9 12 16 40 41 49 55 56 65 69 72 74 77 78 79 84 89 90 92 96
deadwood 55
diaconal 55
doxology 5 40
d’estime 39
determin 83
d’ambois 84
d’aurore 12
daffodil 100
drivable 28
ditchers 40
deafened 12 26 31 39 40 48 49 66 68 73 76 77 93
disgrace 4 6 7 9 10 11 12 13 14 15 16 17 19 21 22 23 27 28 32 34 36 37 39 41 43 44 45 49 50 54 55 56 65 68 69 70 71 72 73 74 76 77 78 79 80 81 82 83 85 90 91 92 94
draining 13 18 34 46 49 83 86
donkey’s 66 68 71
deferr’d 45 65
dwindles 55
dwindled 6 9 14 16 28 30 34 39 48 51 73 78 93 94
derevaun 42
delaying 6 15 39 41 49 59 77
diagnose 41
dreeping 55
deafness 12 16 39 49 55 88
dwelling 4 10 11 12 14 15 16 17 18 19 20 21 22 24 27 28 30 31 33 35 37 38 39 40 41 43 44 45 47 49 51 54 56 57 60 64 65 68 70 71 72 73 74 76 77 78 79 80 81 84 85 88 89 90 91 93
dancer’s 10 26 39
deedpoll 55
disaster 6 7 8 10 12 14 20 22 29 30 34 37 39 40 43 48 49 51 55 56 60 65 69 71 74 77 79 80 81 83 84 90 94
dogmatic 80 89 92 95
dulcinea 55 77
deriving 10 16 28 39 45 48 49 65 77 79 80 85 89 97
dumylang 63
dulcimer 55
degraded 4 10 12 13 14 19 21 23 27 28 32 37 39 41 42 49 68 70 72 74 76 78 80 81 88 90 92 97
degrades 10 79 97
dewdrops 47 55 69 71 79
daedalus 80
dignatur 49
dignatus 49
decaying 10 26 27 28 31 39 41 45 47 49 68 69 71 74 78 83 84 85 90 97
delahunt 55
dolorous 9 12 55 76
dolorosa 41
departer 55
departed 1 4 6 8 9 10 11 12 14 15 16 18 19 20 21 22 26 27 28 29 30 31 32 34 37 38 39 40 41 43 44 45 46 47 48 49 53 54 55 56 68 69 71 72 74 76 77 78 79 80 81 83 84 85 88 90 93 94 98 99
douglass 32 51
dimen106 63
dimen107 63
dimen104 63
dimen105 63
dimen102 63
dimen103 63
dimen108 63
dimen109 63
dimen110 63
dimen128 63
dimen126 63
dimen127 63
dimen124 63
dimen125 63
dimen122 63
dimen123 63
dimen117 63
dimen118 63
dimen115 63
dimen116 63
dimen113 63
dimen114 63
dimen111 63
dimen112 63
dimen119 63
dimen120 63
dimen121 63
dryden’s 40 65
deriveth 45
deepness 47 59 88 98
duquesne 12 83
dementit 49
demented 18 48 55 76 78
dementat 39
deepened 4 5 10 12 18 23 27 28 29 31 34 39 42 46 47 48 51 57 69 71 72 76 78 84 94
declar’d 77
deferred 7 10 11 14 18 41 42 44 45 49 56 67 71 72 74 77 78 79 80 84 88 90
deluding 10 39 65 77 80 88
dixerunt 49
druggist 40 51 55 57 71 79
drugging 1 40
droplets 59
dignamur 49
disabled 4 12 13 14 18 39 40 41 45 48 49 55 60 65 71 77 78 81
dexamene 65
disables 20 89
darnay’s 76
downcast 12 14 27 31 37 39 40 41 44 46 55 57 71 72 74 77 78 79 81 90 93 94
debray’s 79
diseases 1 12 13 26 27 28 31 37 39 41 44 45 46 47 48 49 55 65 73 76 77 78 79 80 83 84 85 88
doubt’th 26
diseased 2 9 10 12 13 14 23 26 27 28 36 41 43 45 51 65 70 71 73 79 80 82 88 92
d’angoul 12
dulcibus 49
democoon 65
deriding 40 72 76 88
deluders 92
demolish 7 12 60 72 77 79 82 83
dotscase 63
dagestan 37
downtown 13 40 62 69
deridere 49
deriders 88
depraved 8 10 12 27 29 35 37 39 41 44 49 71 74 77 79 80 88 90 92 97
depraves 27
dungeons 12 41 56 60 65 68 74 77 79 84 90 92 94
democrat 12 13 27 40 79 80 85
decayeth 26 88
dealer’s 12 21 35 39 77 79
dueguard 55
drawwell 55
demuchus 65
divideth 27
dividest 88
dividers 28
declarat 49
declarer 45
declares 7 10 11 12 16 19 20 22 26 28 39 40 41 43 45 49 51 53 56 63 65 77 78 79 80 81 84 97
declared 1 3 4 5 6 8 10 11 12 13 14 15 16 17 18 19 21 22 23 25 26 27 28 29 31 32 36 37 38 39 40 41 42 43 44 45 46 49 50 51 53 54 55 56 58 59 60 61 65 66 67 68 71 72 73 74 76 77 78 79 80 81 82 83 84 85 88 89 90 91 92 94 95 97 98
denoting 10 19 44 78
dividing 7 9 10 11 12 14 15 19 22 23 27 28 37 39 40 41 44 45 46 48 49 53 60 63 65 68 71 72 76 77 78 79 80 83 84 88 94
detrusit 49
disputed 12 13 14 15 20 27 28 38 39 41 45 49 53 60 63 65 68 71 72 73 77 78 79 80 81 82 83 84 88 89 92
disputer 49 88
disputes 7 9 11 12 15 19 22 24 32 35 39 40 41 45 48 49 51 52 60 68 71 72 73 77 78 80 81 83 88 98
disputin 27
dilution 18
disabuse 77
diluting 14 49 86
dretched 9
druggets 83
drynking 53
dicentur 49
didicere 49
dignam’s 55
diademed 10 20 40
d’aubign 12
debarred 51 55 56 71 74 77 89 90 94 97
dividend 49 55
divided. 56
disjecta 21
disjecti 49
diagrams 1 31 63 85
directed 1 3 4 5 7 10 11 12 13 14 15 16 17 18 19 21 22 26 27 28 29 31 32 34 35 37 39 40 41 42 43 44 45 46 47 48 49 51 53 54 55 57 60 65 66 68 71 72 73 74 76 77 78 79 80 81 82 83 84 85 86 88 89 90 91 92 94 97
dyeworks 55
director 6 7 8 9 10 12 14 21 22 24 27 29 30 31 33 34 39 48 49 50 52 53 56 57 58 63 64 66 67 70 71 73 77 78 79 80 81 82 83 84 86 87 88 89 90 91 92 94 95 96 97 98 99 100
directly 1 2 3 4 5 6 7 8 9 10 11 12 13 14 15 16 17 18 19 20 21 22 23 24 25 26 27 28 29 30 31 32 33 34 35 36 37 38 39 40 41 42 43 44 45 46 47 48 49 50 51 52 53 54 55 56 57 58 59 60 61 63 64 65 66 67 68 69 70 71 72 73 74 75 76 77 78 79 80 81 82 83 84 85 86 87 88 89 90 91 92 93 94 95 96 97 98 99 100
detested 4 5 11 12 14 18 19 20 22 23 26 39 41 45 47 56 65 66 68 71 72 74 76 77 78 79 81 84 88 89 90 94
diabetes 12 21
durchaus 63
delights 1 5 9 10 11 12 13 14 16 17 20 27 28 30 31 35 39 40 41 44 45 49 55 56 60 64 65 69 71 72 74 78 79 80 82 83 85 88 90 92 94 97
d’argent 12
d’argens 12
declaims 49 55 69
deianira 79
deberent 49
dunphy’s 55
drooping 4 9 10 11 12 13 17 21 24 27 28 30 39 40 44 46 49 55 56 57 65 68 69 70 71 76 77 78 79 81 93 94
donnarli 53
doorpost 12 39 76
dinner’s 5
deludunt 49
defeated 6 7 9 12 13 14 15 21 23 28 35 39 42 47 48 49 51 56 60 65 66 68 69 71 73 77 78 79 80 89 95
daniel’s 39
durchgef 63
damsel’s 55 77
dizodoto 53
drownyng 53
deipylus 65
domestic 5 10 11 12 13 14 15 16 18 19 26 27 28 29 32 37 39 40 41 42 43 44 49 51 53 54 55 56 60 65 66 68 70 71 72 73 74 75 76 78 79 80 81 82 84 85 88 89 90 91 92 93 94 95 97 98 100
dernidov 41
debasing 10 12 13 27 32 49 71 74 88 90
drollery 27 31 49 56 77 78
drollest 68 77 79
deidamia 79
despouts 91
despotic 4 10 12 14 27 41 51 52 71 78 79 85 89 96
despotes 45
dejected 7 10 12 14 17 19 20 21 27 30 36 37 39 40 41 49 55 56 60 65 68 69 71 72 73 74 76 77 78 79 81 83 90 94
dandling 12 14 37 39 49
defacing 78
deform’d 65
debaseth 77
d’hozier 79
dicendum 49
diffusus 49
d’italie 12
d’italia 49
daydream 54 55
diffused 11 12 26 27 28 39 40 42 49 51 65 71 73 74 77 78 79 80 84 85 88 89 90 92
diffuser 89
diffuses 12 16 49 55 79 81
download 64
disturbs 10 12 27 28 41 46 49 65 74 90
desvelos 53
desklamp 55
dorian’s 23
deiochus 65
drownded 14 27 69 70 71
dordogne 49
detached 11 12 14 16 27 29 34 39 40 42 44 48 55 57 68 71 72 76 77 79 88
detaches 55 78
daisy’ll 67
despot’s 55 72
demagogy 51
damascus 9 12 45 49 55 77 84 93
drowning 12 13 22 26 27 28 37 39 40 41 46 47 55 57 60 65 69 71 76 78 79 81 82 83 85 98
durham’s 4 13
defiance 7 10 11 12 13 14 15 16 17 18 20 23 25 26 27 30 32 37 40 41 42 44 49 50 51 54 55 56 60 65 67 68 71 72 74 76 77 78 79 81 84 85 90 92 93 94
disorder 7 10 12 13 14 16 18 19 22 26 27 28 30 37 39 40 41 42 44 45 46 49 51 55 56 60 66 68 71 72 73 74 76 77 78 79 80 83 84 85 88 89 90 92 93 96 97
disorded 91
diffus’d 49
dishonor 12 15 29 39 40 41 79 85
downland 71
dilapsam 49
dizzying 84
daybreak 6 7 12 13 22 30 34 35 37 38 39 40 41 42 52 53 55 60 68 70 71 74 76 77 78 79 84 85 88 90
deformem 49
deformed 5 6 10 12 23 28 37 40 41 45 49 51 54 55 65 66 71 72 73 74 80 81 82 83 84 85 88 90
deformis 49
desolate 1 4 5 6 9 10 12 13 14 15 17 18 20 22 23 27 31 32 33 34 35 40 43 46 47 48 49 51 52 53 60 65 67 68 69 71 72 73 74 76 77 78 79 80 81 84 85 90 97 99
domesday 70
dryhtnes 20
diviners 10 49 77
divineth 26
divinest 23 40 44 71 74 84 90
dynamene 65
drachmas 55
divinely 12 14 22 23 26 39 40 44 49 55 56 65 74 77 80 84 90 92 94
defaults 49 63
drummond 55 81
demoniac 10 27 28 40 46 49 51 67 79 82 84
drenched 4 6 9 10 12 21 23 26 28 29 33 37 39 40 41 46 49 55 57 66 69 72 74 77 78 79 88 90 100
drenches 49
dussauts 37
disclaim 1 2 3 4 5 6 7 8 9 10 11 12 13 14 15 16 17 18 19 20 21 22 23 24 25 26 27 28 29 30 31 32 33 34 35 36 37 38 39 40 41 42 43 44 45 46 47 48 49 50 51 52 53 54 55 56 57 58 59 60 61 63 64 65 66 67 68 69 70 71 72 73 74 75 76 77 78 79 80 81 82 83 84 85 86 87 88 89 90 91 92 93 94 95 96 97 98 99 100
descende 55
descends 10 12 21 39 40 46 49 52 53 55 65 73 74 76 78 80 82 84 85 90
descents 49 84
dirempta 49
demonism 40
d’elbeuf 49
drumming 30 33 39 48 57
drubbing 22 31 37 68 77 82
defoiled 9
dearness 7 9 12 49
dissidio 49
dawdling 16 19 21 39 55 77 84 94
deigning 12 37 49 56 71 76 78 82
deipyrus 65
deducere 49
deduceth 45
didactic 50 55 94
deignest 41
decipher 1 12 18 28 40 42 50 53 72 73 74 76 79 90
decipiat 49
dismally 1 12 14 27 39 40 42 48 56 61 67 68 69 72 74 84 90 94
drummers 39 77
deadhand 55
despoyle 45
dismay’d 65
deducing 45 76 84 92 95
diamonds 3 5 10 12 13 17 18 23 27 28 37 38 39 42 50 53 55 56 60 61 69 70 71 72 73 76 77 78 79 80 82 84 85 94 97
dynamite 47 48 92
dynamics 80
divinity 4 6 12 13 15 23 26 28 37 39 40 41 45 49 51 54 56 65 66 71 77 80 82 83 85 88 89 92 97 98
divining 10 26 28 39 41 49 70 71 77 79 84 92
drogheda 12 55
dismayed 7 9 10 12 13 14 22 26 29 39 41 47 49 50 51 56 66 67 68 71 77 78 82 93 94
disperse 10 12 16 27 28 39 45 49 54 65 78 94
d’audace 23
dearest. 13
divulges 49
divulged 14 40 55 74 79 90 94
dubuquoi 79
dullness 11 19 39 68 73 78 80 83 86 99
dounia’s 37
dounia’a 37
dasselbe 63
dubitans 49
debating 13 14 15 19 27 49 54 55 56 65 71 76 79 97
dispense 1 10 11 12 13 14 15 16 20 28 39 44 48 49 55 64 65 71 76 78 79 85 88 92 97
damndest 40
disclose 1 10 11 12 14 17 20 26 31 39 41 46 50 55 64 65 68 71 74 76 77 78 79 85 88 90 92
dogsbody 55
dovedale 11
dramshop 39
diodorus 49 65
dramatic 4 5 12 14 18 21 23 27 39 40 41 43 50 55 56 65 66 67 69 77 79 80 82 94
dramatis 36 65 94 98
daintily 12 14 23 37 52 55 56 66 69 77 94
dislodge 39 49
daresn’t 40
doviches 39
diedrich 52
dressing 1 2 5 10 11 12 13 14 16 17 18 19 21 23 27 28 29 31 33 36 37 38 39 40 41 42 43 44 46 48 49 50 55 56 60 66 67 68 69 70 71 72 73 75 76 77 78 79 80 81 82 84 85 91 92 93 94 99 100
duskfall 55
debaters 55
disperit 49
deverell 1
deducted 37 45 66 77
doldrums 6 55
devereux 23 94
dalqalle 53
disnoded 55
domitius 49
detected 1 4 7 10 11 12 14 16 17 18 19 21 23 26 28 34 37 39 40 41 44 45 48 49 52 55 65 66 69 71 72 76 77 79 80 83 84 85 88 97
dribbles 40 55
dribbled 42
diggings 21 34 55
domitian 12 23 45 49 65 82
diluvian 28 40
draculas 46
dialogue 1 7 10 11 12 14 16 23 26 27 32 34 36 45 49 55 56 68 71 74 76 77 78 79 80 82 83 84 88 90 93 94 98
deskmate 56
danseuse 21 44 79
doubters 10 84
doubteth 45 88
denounce 12 14 27 38 44 45 49 71 72 74 76 77 79 84 89 90
diligent 4 10 27 28 38 39 40 45 49 51 52 56 60 69 71 73 77 78 79 80 81 83 86 88 92
drimmies 55
diluviem 49
ditherin 46
doubtans 53
dagobert 49
deftness 51
dawson’s 55
diligite 77
dwarfish 34 41 49 54 93
deluging 44
derselbe 63
dolius’s 22
debacker 12
deflower 44
dwarfing 89 92
disloyal 7 22 49 53 77
deported 4 39
drumhead 55
diminish 4 10 12 28 39 40 41 43 44 45 49 68 69 71 73 77 79 80 81 83 84 88 89 95
distends 12
doggerel 41 48 51
dumpling 16 38 40 56 76
decernit 49
dripping 3 5 6 10 12 13 14 17 18 20 23 26 27 28 30 32 33 34 35 38 39 40 41 42 43 46 50 55 56 67 69 70 72 76 79 83 94
deficits 50
dootiful 71
deceive. 56
deceives 7 11 12 27 33 41 43 44 49 65 71 77 79 80 83 92
deceiver 26 32 39 41 55 64 72 77 79 80
deficiat 49
deceived 4 6 7 9 10 11 12 13 15 16 18 19 20 21 23 26 28 32 33 37 38 39 40 41 42 43 44 45 46 47 49 53 54 55 61 64 65 68 70 71 72 73 74 75 76 77 78 79 80 81 82 84 85 88 89 90 92 94 97 98
decoying 72
dalibard 83
denkende 63
dovecots 28
danaides 27 49
dovecote 26 55 94
dovelike 24
desinere 49
desinent 49
defileth 26 28
d’achery 12
damasked 49 79
dozzened 46
docility 27 44 49 55 66 73 79 84 94
dietetic 28
dalmatic 23 39 55
dalmatie 12
dormitat 77
dainties 3 12 23 26 49 60 65 72 77 79 80 83 93 98
daintier 55
delirium 10 12 13 18 19 21 25 28 34 37 39 40 41 42 44 46 54 55 69 70 71 72 74 78 79 81 84 90
dubois’s 12
downmost 72
dressers 12 39
deceiv’d 65
dogskull 55
dazzling 10 11 12 13 17 18 22 27 28 31 37 38 39 40 44 48 50 51 53 55 56 57 60 65 67 68 69 70 71 74 77 78 79 84 90 94
disguise 1 4 7 10 11 12 14 16 17 21 22 23 24 26 27 28 32 37 39 40 41 43 45 46 49 54 55 65 68 69 70 71 72 73 74 75 76 77 78 79 80 83 84 85 88 89 90 92 94
docilely 30
draper’s 42 55
dovich’s 39
diocleus 65
dryckbot 81
demigods 28 40 49 73 80
dwarfmen 55
dogger’s 6
damastor 22
depleted 51 56 79
drubetsk 39
doggedly 6 14 17 23 27 37 40 46 51 54 55 68 71 72 76 78 79
disobeys 39 45
dufresne 12
dormiunt 12
dolphiny 9
dolphins 22 23 40 53 55 65 71
deprensa 49
dreading 4 10 11 19 26 39 41 44 50 60 68 69 71 72 74 77 78 79 84 85 88 90
deposing 45
dirtying 44
deposits 13 28 30 55 78
dingdong 55
demerara 55
dopionne 53
dreamery 55
dreamers 12 39 80
dreameth 26
dreamest 26 39
doublets 49 53 61 77
disports 50
downface 55
doorkeys 69
disposal 11 12 13 14 15 19 21 26 27 32 37 39 41 44 46 49 53 57 60 65 68 71 72 73 77 78 79 80 84 89 96 97
downfall 7 12 13 14 20 32 39 41 44 55 56 71 79 80 84 85 88 94
disposes 8 34 44 50 65 71 77 79 92
disposer 27 49 65 88 99
disposed 2 4 6 7 9 10 11 12 13 14 15 16 17 19 20 22 26 27 28 32 36 37 38 39 40 41 43 44 45 48 49 50 51 53 54 55 56 57 60 65 67 68 71 72 73 74 76 77 78 79 80 81 82 83 84 85 88 89 90 92 93 94 97
driveway 13
dreadest 77
dowell’s 51
dizziest 29
disgusts 10 12 16 28 41 44 49 82 83
dickon’s 5
derailed 12
doctor’s 1 4 5 6 13 18 19 21 27 39 41 42 43 44 48 54 56 59 68 69 71 72 76 77 79 100
disrobed 55
disrobes 65
deposcit 49
dreadful 1 3 4 5 6 9 10 11 12 13 14 16 17 18 19 21 22 23 24 26 27 29 32 34 36 37 38 39 40 41 42 43 44 46 47 48 49 50 54 55 56 58 60 61 65 66 68 69 70 71 72 73 74 75 76 77 78 79 80 81 82 84 85 88 89 90 91 92 93 94 99 100
dubbiosa 49
drippeth 26
domandau 53
domanday 53
doctobre 53
dastardy 7
dastards 65
dinah’ll 3
defiling 12 28 39 41
doorknob 13 55
doubloon 40
donnelly 42
dreamily 10 23 26 27 30 37 41 46 51 55 56 69 72 78
dreaming 1 3 4 5 10 12 13 14 16 17 18 19 21 23 24 28 30 32 33 35 37 38 39 40 41 44 45 46 47 49 51 52 54 55 56 58 64 66 68 69 70 71 72 74 76 77 78 79 80 82 84 85 90 92 93 94 100
dikdorff 82
doubling 3 13 14 22 27 30 39 40 44 53 55 60 65 77 79 92
denegari 97
dallying 39 55 77 84
downfell 26
darianno 53
dandered 55
dulnesse 45
d’antin. 79
donation 1 2 3 4 5 6 7 8 9 10 11 12 13 14 15 16 17 18 19 20 21 22 23 24 25 26 27 28 29 30 31 32 33 34 35 36 37 38 39 40 41 42 43 44 45 46 47 48 49 50 51 52 53 54 55 56 57 58 59 60 61 63 64 65 66 67 68 69 70 71 72 73 74 75 76 77 78 79 80 81 82 83 84 85 86 87 88 89 90 91 92 93 94 95 96 97 98 99 100
downward 3 5 7 12 18 21 26 27 28 30 31 32 33 39 40 42 43 44 45 46 47 48 49 53 55 56 57 60 65 69 71 73 76 78 79 81 84 85 88 93 94
despite. 24
dawkin’s 68
despised 4 6 7 10 11 12 13 14 17 19 26 27 28 31 33 35 37 38 39 40 41 42 44 49 51 54 65 66 67 68 69 70 71 72 73 74 77 78 79 80 81 82 84 88 89 90 92 94
despises 10 11 12 17 26 37 39 41 46 49 70 77 78 79 80 92
despiser 7 26 80 92
dialecto 20
dialects 5 12 13 28 44 50 53 65 70 74 90
driver’s 12 32 33 36 39 48 65
discerns 28 40 41 49 80 85
discerne 45
doubtful 3 4 5 6 7 10 11 12 13 14 15 16 17 19 20 22 27 28 29 32 37 39 41 42 46 48 49 51 55 56 57 60 63 65 66 68 69 71 74 76 77 78 79 80 81 83 84 85 88 89 90 92 94 95 97
delacour 42
drunkard 10 12 14 21 22 26 27 28 32 35 37 39 41 42 45 49 54 55 66 69 70 77 78 79 84 88
defeegee 55
delort’s 12
downes’s 42
defences 6 7 14 20 44 47 48 49 65
differed 4 10 12 13 19 36 39 42 44 45 48 51 54 60 73 74 76 77 78 79 81 83 84 85 89 90 91 94 97
doubting 11 13 14 19 21 26 27 39 40 41 46 49 58 60 63 65 71 72 73 76 78 79 80 83 85 88 91 92 93 95 98
duskward 55
differre 49
daylight 1 4 5 6 9 10 12 13 14 18 20 21 22 25 26 27 28 31 32 33 37 38 39 40 41 43 44 46 47 48 51 52 53 54 55 56 57 58 60 61 67 68 69 70 71 72 74 76 77 78 79 80 81 82 83 85 90 92 93 100
doctorin 27
dumbness 31 56 69
doctored 4 13 38 40 41 77 94
doctoral 49
duchesne 12
doorstep 10 13 14 23 27 31 33 42 48 50 54 55 56 57 58 61 68 71 85
duchesse 12 55
daboll’s 40
deceased 4 10 12 14 15 21 23 34 37 39 40 41 42 43 45 49 53 55 65 68 71 76 77 78 79 81 84 88 91 93 97 98
demerits 16 49 79 85 89
dartle’s 71
doppione 53
deceases 55
deployed 12 39 48
derogate 20 49
dancings 78
distorts 1 95
draught. 21
draughts 5 6 9 10 11 12 16 21 22 26 28 39 40 44 49 54 55 57 65 68 71 72 75 79 80 85
draughty 47
dentibus 49 97
deceaued 53
diabolus 12 45 55
desprate 70
diabolic 1 31 46 55 76 85
domicile 12 34 48 55 68 71 76
disbands 40
deiparae 55
doorbell 55
despight 45
deplored 18 26 39 40 46 49 65 71 74 78 79 89 90
