exotic 23 27 31 39 40 42 43 49 55 66 72 74 75 80 90 92
elijah 40 41 45 55 60 81 88
ephori 45 49
escort 4 12 13 14 17 18 21 22 27 28 31 33 34 37 39 41 44 49 51 55 67 71 72 76 77 78 79 81 83 85 94
elided 39
eingef 63
eutrop 49
econda 53
econdo 53
elians 65
erymas 65
eschew 10 84
ebbing 13 21 29 31 49 60 65 76 77 79 88
equity 10 12 40 45 49 60 71 73 77 78 81 83 88 97
elicit 10 68 72 76 78 80 92
equine 55
escape 1 3 4 6 7 8 9 10 11 12 13 14 15 16 17 18 19 20 21 22 23 25 26 27 28 29 30 31 32 33 34 35 36 37 38 39 40 41 42 43 44 45 46 47 48 49 51 53 54 55 56 58 60 61 63 64 65 68 69 70 71 72 73 74 75 76 77 78 79 80 81 82 83 84 85 88 89 90 92 93 94 95 97
escaut 12
egeria 45 49 75 89
emmets 83
ephebe 55
elizas 50
einzig 63
ethics 7 23 26 27 28 39 41 49 51 63 64 80 84 85 89 92 95
eulogy 40 53 55 66 71 74 77 90 91
ethiop 55
epical 65
egoist 12 37 41 46 92
egoism 12 41 46 55 79 92
enrico 7
enrich 12 14 16 19 22 39 41 49 65 66 77 79 95 96 98
expiry 55
expire 12 41 44 49 55 65 69 71 72 74 77 79 81 90
eyther 53
elixir 10 12 14 55 66 74 79 85 90
expert 13 16 18 26 27 28 34 39 40 41 42 43 48 49 50 53 55 60 65 68 71 73 76 77 78 79 80 81 83
expell 45
expels 65
expend 1 2 3 4 5 6 7 8 9 10 11 12 13 14 15 16 17 18 19 20 21 22 23 24 25 26 27 28 29 30 31 32 33 34 35 36 37 38 39 40 41 42 43 44 45 46 47 48 49 50 51 52 53 54 55 56 57 58 59 60 61 63 64 65 66 67 68 69 70 71 72 73 74 75 76 77 78 79 80 81 82 83 84 85 86 87 88 89 90 91 92 93 94 95 96 97 98 99 100
expect 4 5 6 7 10 11 12 13 14 15 16 17 18 19 20 21 22 23 25 27 28 29 31 34 35 36 37 39 40 41 42 43 44 45 46 47 48 49 50 51 53 54 55 56 58 60 61 65 66 67 68 69 70 71 72 73 74 75 76 77 78 79 80 81 82 83 84 85 86 88 89 90 91 93 94 95 97 98 100
eagled 43
eagles 10 12 22 26 28 39 41 53 55 64 65 73 76 77 79 94
eaglet 3
euclid 34 40 41 42 56 95
ephyre 65
ephyra 12 22
enigma 10 12 17 26 29 31 41 48 55 65 79 84 85 88 92
enrage 4 10 23 37
elisha 45
expand 4 10 12 14 19 26 28 37 39 40 41 44 49 64 68 77 78 79 80 86 89
eutyop 49
einmal 63
elinor 19
enians 65
euchre 48
eliott 94
epps’s 55
estate 1 4 5 7 9 10 11 12 13 14 15 16 17 18 19 20 21 22 25 26 27 28 32 37 39 40 41 42 43 44 45 46 49 51 52 54 55 60 67 68 69 70 71 72 73 75 76 77 78 79 80 81 82 83 84 85 88 94 96 97 98 99
euston 23 34 48 55
erotic 44 55
edited 4 9 15 23 27 48 49 53 83 96 97 98
editor 4 9 10 12 13 20 21 22 28 37 39 47 49 50 53 55 63 69 76 79 82 83 85 94 97
editos 49
egmont 49 77
engulf 12 46 71
exeter 19 46 55 81 84
exeunt 55 77 98
erfurt 39
engrav 83
exequy 84
edisti 49
exerts 28 65 78
edison 43 55 66 83
englyn 55
exempt 1 2 3 4 5 6 7 8 9 10 11 12 13 14 15 16 17 18 19 20 21 22 23 24 25 26 27 28 29 30 31 32 33 34 35 36 37 38 39 40 41 42 43 44 45 46 47 48 49 50 51 52 53 54 55 56 57 58 59 60 61 63 64 65 66 67 68 69 70 71 72 73 74 75 76 77 78 79 80 81 82 83 84 85 86 87 88 89 90 91 92 93 94 95 96 97 98 99 100
exodus 10 12 45 46 48 55 80 88 99
euters 55
estric 53
equall 45
equals 4 5 6 7 10 11 12 14 15 16 19 22 26 27 28 32 39 41 49 65 68 74 77 79 80 88 90 92 97
equal. 26
evolve 21 34 51
eaforh 20
ergone 97
euboea 22 65
ejicit 49
esther 41 45 55 78 94
ergibt 63
eolian 55
emma’s 16 71
estime 39
evoked 12 14 29 39 41 42 55 57 66 67 78 85 92 94
evokes 12 78 80
epping 48 73
ergo’s 49
estera 49
esteem 2 7 10 11 12 13 14 16 18 19 26 28 29 34 37 39 40 41 44 45 46 49 53 54 55 68 71 72 73 74 76 77 78 79 80 82 83 84 85 88 89 90 92 93 94 97 98
eranno 53
eddied 6 39 40
eddies 10 12 14 20 30 35 39 40 46 47 51 55 57 65 67 68 84 85
eranto 63
evince 10 19 22 39 40 49 68 71 72 73 79
enkeen 46
earl’s 9 11 84
evills 45
evilly 26 40 99
eviler 26
emorto 53
ersatz 86
euvres 49
emonez 49
ensues 15 20 50 55 65 78 81 88
ensued 4 10 11 12 13 14 16 19 21 27 29 39 40 44 50 55 68 69 71 72 73 74 78 79 80 81 84 85 90 93 94
eras’d 77
etropo 53
egypto 55
eraiwa 66
ensure 6 9 10 11 14 15 16 34 37 39 44 46 49 63 65 72 74 75 78 86 90
elbows 3 5 6 12 13 14 21 27 28 30 31 34 37 38 39 41 42 44 46 47 49 51 52 53 55 56 65 66 68 69 71 72 76 77 78 79 93 94 99
echoes 6 12 13 17 21 27 28 33 34 39 40 46 48 51 52 55 57 60 64 65 66 67 69 71 76 77 78 79 84 85 88 93 98
echoed 1 5 6 10 12 13 14 17 18 19 20 22 23 26 27 28 29 31 37 38 40 41 42 43 46 47 48 51 52 54 55 56 57 61 65 67 68 69 71 72 74 76 78 79 80 84 85 88 90 93 94
eaquel 91
eight. 71
eights 18 50 55 79
eighty 2 10 12 13 14 15 19 23 27 28 32 34 35 37 39 40 41 49 51 53 55 60 65 67 70 71 72 73 76 77 78 79 81 83 84
eighth 4 6 7 9 12 13 15 16 18 20 22 23 28 39 44 45 48 49 51 53 55 60 65 67 70 76 77 79 80 81 82 83 84 88 99
elth’s 14
eczema 55
earthy 12 14 27 28 31 40 41 46 47 55 68 71 72 78 84 85 93
earths 28 45 46
earth. 18 41 79 80
edmund 40 42 51 55 65 70 73 81
ersten 63
erstes 63
elches 77
exist. 41
euntes 49
exists 1 2 3 4 5 6 7 8 9 10 11 12 13 14 15 16 17 18 19 20 21 22 23 24 25 26 27 28 29 30 31 32 33 34 35 36 37 38 39 40 41 42 43 44 45 46 47 48 49 50 51 52 53 54 55 56 57 58 59 60 61 62 63 64 65 66 67 68 69 70 71 72 73 74 75 76 77 78 79 80 81 82 83 84 85 86 87 88 89 90 91 92 93 94 95 96 97 98 99 100
edna’s 18
empire 4 6 7 9 10 12 13 15 18 21 26 28 31 34 39 40 41 45 48 49 50 51 52 53 54 55 65 69 73 74 75 77 79 80 81 82 83 84 88 89 90 92 95 97 98
exitum 49
exitus 49
ewents 71
eunuch 12 45 55 80 82
entomb 98
earwig 95
entire 4 5 6 7 9 10 12 13 14 16 18 19 21 22 23 26 27 28 32 35 38 39 40 42 44 45 46 48 49 50 53 54 55 56 59 60 61 62 65 66 68 69 70 71 72 73 74 75 77 78 79 80 81 83 84 85 88 89 90 91 92 94 96 97
entite 53
entity 1 2 3 4 5 6 7 8 9 10 11 12 13 14 15 16 17 18 19 20 21 22 23 24 25 26 27 28 29 30 31 32 33 34 35 36 37 38 39 40 41 42 43 44 45 46 47 48 49 50 51 52 53 54 55 56 57 58 59 60 61 63 64 65 66 67 68 69 70 71 72 73 74 75 76 77 78 79 80 81 82 83 84 85 86 87 88 89 90 91 92 93 94 95 96 97 98 99 100
ention 39
etanta 53
entice 13 26 35 38 39 71 72 77 98
evadne 12
evaded 4 10 12 20 26 39 51 71 73 74 76 78 79 90 94
evades 26 49
ecreto 53
empewo 39
etc.13 12
early. 16
enters 7 10 12 15 16 20 21 36 39 40 49 50 53 55 62 64 65 66 72 74 75 77 78 79 80 81 84 88 90 92 94 97 98
enteth 53
enteno 53
entent 9
enter. 38 72
elcano 53
exiled 7 9 10 12 20 26 39 40 41 49 65 70 79 80 82 88
earner 13
exiles 7 12 22 26 37 49 65 73 80 82 94
earned 4 6 7 8 10 12 13 14 16 19 20 21 26 27 28 30 32 35 37 38 39 40 41 42 43 44 49 50 51 54 55 59 61 65 66 69 71 72 76 77 78 79 81 82 83 85 89 91 94 96
exinde 49
edmond 12 18 79
erased 12 41 49 55 65 67 69 73 78 93
end133 22
erasmi 49
exigui 49
entail 11 12 49 77 79 80
entato 53
entati 53
eltons 16
eraudi 83
esdras 12 45
epirot 49
epique 45
elasus 65
epirus 49 79
elatos 12
errare 39 79
exhale 12 26 40 46 56 65 73
errand 4 9 10 11 12 14 16 19 21 22 23 26 27 28 32 37 38 39 40 41 42 43 44 46 50 51 54 55 56 59 60 61 68 69 71 72 73 76 77 78 79 81 84 85 94
errant 9 14 16 27 31 46 52 71 77 80 84
elatus 22 65
errata 83
erigit 49
episto 53
elates 42
elated 6 11 14 17 20 29 39 40 42 47 65 68 71 77 79 81 94
emetic 40 66 79 80
epinay 92
elamye 9
enable 1 4 7 10 11 12 13 16 19 21 22 27 28 29 30 37 38 39 40 41 42 43 44 45 47 48 49 50 51 52 55 57 58 59 60 63 65 68 71 72 73 74 76 77 78 79 80 81 83 84 85 89 90 95
eyland 53
enacts 65 97
elapse 12 20 23 37 40 44 57 78 79 85 95
ex’len 39
erin’s 42 55
exponi 97
export 13 28 45 49 55 78
expose 4 6 10 11 12 14 15 16 17 19 27 28 34 36 37 39 40 41 44 45 46 49 65 66 71 73 75 77 79 80 82 83 86 88 89 94 97
enroll 13 79
elaine 9 56
emerge 1 12 13 14 17 18 21 26 27 39 40 46 48 49 51 72 78 80 83 85 88
ecglaf 20
egomen 55
else’s 3 5 6 14 18 23 36 37 39 42 56 68 71 77
eiffel 13
egondo 53
emends 20
enitdp 63
eblana 55
enispe 65
explos 55
exhort 10 39 40 45 49 65 73 79 85 88 98
eigent 63
eigene 63
enslav 81
etimol 53
etiene 53
elster 55
enshin 66
eggnog 55
eritis 49
echius 65
errour 45 49
errors 1 2 3 4 5 6 7 8 9 10 11 12 13 14 15 16 17 18 19 20 21 22 23 24 25 26 27 28 29 30 31 32 33 34 35 36 37 38 39 40 41 42 43 44 45 46 47 48 49 50 51 52 53 54 55 56 57 58 59 60 61 63 64 65 66 67 68 69 70 71 72 73 74 75 76 77 78 79 80 81 82 83 84 85 86 87 88 89 90 91 92 93 94 95 96 97 98 99 100
enjoys 10 12 25 28 32 39 40 44 46 47 49 58 65 74 75 77 78 80 83 89 90 92 94 97
enjoyn 45
ensign 6 11 31 39 41 49 53 60 65 71 77 78 83
enjoin 12 26 39 49 65 71 77 79 80 85 88 97
eringo 49
educat 49
educed 12 55 77 84
egging 22 41 55
erinys 22
eripit 49
erring 10 12 22 26 40 41 45 49 55 65 68 76 77 80 84 85 98
epaean 65
eggcup 55
eggers 67
errent 49
eduard 92
ensabl 55
enamel 12 22 55 70 84
eating 1 2 3 4 5 6 7 8 9 10 11 12 13 14 15 16 18 19 20 22 23 26 27 28 30 31 33 37 38 39 40 41 42 44 45 46 47 48 49 51 52 53 54 55 56 57 58 59 60 61 64 65 66 68 69 70 71 72 73 75 76 77 78 79 80 81 82 83 84 88 89 91 93 94 97 98 99 100
etched 35
extant 9 10 12 15 40 41 45 49 53 55 65 68 77 80 83 85
extasy 44
endows 55
enmity 9 10 16 22 23 26 34 39 42 45 49 53 60 68 73 77 79 80 82 83 85 88 92 97
effete 28 55
effect 1 2 3 4 5 6 7 9 10 11 12 13 14 15 16 18 19 20 21 22 23 26 27 28 29 31 32 33 34 36 37 39 40 41 42 43 44 45 46 47 48 49 50 51 52 53 54 55 56 57 59 60 63 65 66 67 68 69 71 72 73 74 75 76 77 78 79 80 81 82 83 84 85 86 88 89 90 92 93 94 95 96 97 98 100
extent 1 2 3 4 5 6 7 8 9 10 11 12 13 14 15 16 17 18 19 20 21 22 23 24 25 26 27 28 29 30 31 32 33 34 35 36 37 38 39 40 41 42 43 44 45 46 47 48 49 50 51 52 53 54 55 56 57 58 59 60 61 63 64 65 66 67 68 69 70 71 72 73 74 75 76 77 78 79 80 81 82 83 84 85 86 87 88 89 90 91 92 93 94 95 96 97 98 99 100
extend 5 10 12 14 16 19 21 28 31 32 39 40 44 45 46 48 49 51 52 53 55 57 61 63 65 71 73 76 77 78 79 80 84 85 89 95 97
extern 63
eateth 26 88
eatest 45
eaters 17 22 26 33 35 38 39 55 60 66 80
erueno 53
efface 10 12 18 37 39 41 43 49 51 55 65 71 74 77 79 90 94
endlos 63
esprit 12 18 23 49 55 92
epulas 49
epulis 49
ebooks 1 2 3 4 5 6 7 8 9 10 11 12 13 14 15 16 17 18 19 20 21 22 23 24 25 26 27 28 29 30 31 32 33 34 35 36 37 38 39 40 41 42 43 44 45 46 47 48 49 50 51 52 53 54 55 56 57 58 59 60 61 63 64 65 66 67 68 69 70 71 72 73 74 75 76 77 78 79 80 81 82 83 84 85 86 87 88 89 90 91 92 93 94 95 96 97 98 99 100
endian 73
eyford 21
endive 67 77
ejects 12 55 65
ending 3 9 12 13 16 17 18 19 20 21 22 23 28 30 31 32 34 35 37 38 39 41 44 46 49 51 55 60 71 74 76 77 78 79 80 81 88 90 97
elvish 85
exstat 49
espied 9 12 22 38 39 40 60 65 73 78 94
espies 65
exsuns 55
espine 53
egan’s 42 55
espial 23 68
elmire 12
eakers 91
endeth 9 26 69
endest 20
elvers 55
eugene 12 55
endear 19 27
ended. 80
egaeus 84
erlebt 63
endell 21 50 71
emissa 49
effusi 49
eley’s 21
ealdor 20
eleine 9
envoys 7 39 79
effort 1 2 3 4 5 6 7 8 9 10 11 12 13 14 15 16 17 18 19 20 21 22 23 24 25 26 27 28 29 30 31 32 33 34 35 36 37 38 39 40 41 42 43 44 45 46 47 48 49 50 51 52 53 54 55 56 57 58 59 60 61 63 64 65 66 67 68 69 70 71 72 73 74 75 76 77 78 79 80 81 82 83 84 85 86 87 88 89 90 91 92 93 94 95 96 97 98 99 100
extort 10 11 14 19 41 45 49 50 68 74 78 84 85 89 90
eisdem 49
extols 77
effray 39
extra. 3
extras 3 13 40 79
emilie 39
emily. 71
edge’s 40
effoet 49
evlame 73
ectasy 68
emir’s 55
envied 7 11 12 14 16 17 26 29 31 32 33 35 38 39 40 41 44 49 55 56 60 65 69 72 77 78 79 81 83 94
endure 1 4 5 7 8 9 10 11 12 14 16 19 20 22 23 26 27 28 31 32 35 36 37 39 40 41 42 43 44 45 46 47 48 49 51 56 59 64 65 66 67 69 70 71 72 73 74 75 76 77 78 79 80 83 84 85 88 90 92 94 97
envies 44 49 65 79
endung 63
effigy 1 10 12 23 43 49 55 77 78 79 94
endued 40 45 49 55 65 73 74 76 88 90
endues 65
etucti 53
elects 45
enclap 55
exalts 32 65 77
edward 7 9 10 11 15 19 21 23 27 32 40 42 45 46 49 53 54 55 56 65 68 70 71 79 81 82 83 84 88 89
enclos 55 83
edento 53
edendo 53
examin 83
edenno 53
easing 14 31 39 60 77 81
easily 1 2 3 4 5 6 7 8 9 10 11 12 13 14 15 16 17 18 19 20 21 22 23 24 25 26 27 28 29 30 31 32 33 34 35 36 37 38 39 40 41 42 43 44 45 46 47 48 49 50 51 52 53 54 55 56 57 58 59 60 61 62 63 64 65 66 67 68 69 70 71 72 73 74 75 76 77 78 79 80 81 82 83 84 85 86 87 88 89 90 91 92 93 94 95 96 97 98 99 100
encore 10 12 23 40 44 55 56 78
exanta 53
easier 4 5 6 7 10 12 13 14 15 16 17 18 19 20 21 22 25 26 27 28 30 31 34 36 37 39 40 41 42 43 44 45 46 47 49 50 51 53 55 56 57 58 59 60 61 63 65 67 70 71 74 76 77 78 79 80 81 83 88 89 90 92 94 95 96 97
empted 13
eerily 10
en.pdf 63
em’ly. 71
easels 79
euodos 65
empoli 7
elliot 46 51 81
emposo 73
eluded 4 11 12 14 18 19 37 40 47 57 65 67 68 71 73 74 79 84 90
eludes 40 65 67 84
exacts 1 10 27 49
eyeing 4 11 12 14 16 19 34 40 41 51 68 69 71 72 76 78 84 94
eyelet 12 55
eyelid 10 12 13 55 64 77 78 79 84
ellery 40 85
entrez 39 55
entred 45 83
entree 16 27 44 94
entray 53
entrap 14 20 51 77
employ 2 4 7 10 11 12 13 14 15 16 18 19 21 28 32 39 40 41 43 44 45 49 51 53 54 55 60 63 65 66 68 69 71 73 74 76 77 78 79 80 81 83 84 88 89 90 92 95 97
encamp 21 40 47 65 80
eyeful 55
ebenso 63
eoghan 55
elmo’s 53
encycl 65
ettere 53
easter 9 10 11 12 16 19 32 37 41 49 51 53 55 72 77 79 81
easton 32
ettard 9
edetta 53
ertook 20
euxine 65
eldest 4 9 10 11 12 14 16 19 20 22 23 27 32 33 37 38 39 41 42 44 45 49 53 55 60 65 70 71 73 74 75 77 78 79 81 83 84 85 90 94 97 99
elders 5 9 10 12 14 15 20 33 34 39 40 41 45 49 51 55 58 64 65 77 80 81 83 85 88 94
east.1 22
enlist 7 10 14 28 40 42 49 51 55 71 77 78 80 83
egress 14 40 55 60 69 72 76 79 84
exarch 12
elusus 49
embody 10 49 84 85 89 90 92
eguire 53
eguita 53
etenim 49
elgble 78
embost 65
europe 1 4 5 6 7 9 10 12 13 14 15 21 23 26 27 28 31 34 37 39 40 41 42 43 44 45 46 49 50 51 53 55 56 60 65 66 67 69 70 73 74 77 78 79 80 81 82 83 84 86 89 90 91 92 94 95 96 97 98 100
europa 40 55 65
eyquem 49
epochs 12 28 85 92 96
embrun 12
embrac 83
eamque 49
erexit 12 49
emblem 4 10 20 23 27 34 39 40 46 49 55 66 71 74 76 77 78 83 85 88 90 93
ewiges 63
enforc 83 98
enfold 49 64 65 77
evna’s 39
erenow 85
eelpot 52
eloped 11 40 52 55 66 81 84
etebos 53
embden 98
evviva 55
embers 6 10 12 18 22 27 28 31 32 38 39 41 53 54 55 56 57 60 65 70 71 72 74 76 77 78 79 84 85 90 94 99
eureka 13 47 55
everye 91
engine 3 4 8 9 12 13 14 17 21 27 28 31 34 39 40 42 46 47 48 49 55 66 68 69 71 73 76 77 78 83 84 85 86 88 89 90
eyries 12 55
erfolg 63
edicts 45 49 77
events 1 4 5 6 7 10 11 12 13 14 15 16 18 19 20 21 22 23 26 27 28 29 30 31 32 34 35 36 37 39 40 41 43 44 45 46 48 49 50 52 53 55 56 59 60 63 65 67 68 71 72 73 74 76 77 78 79 80 81 82 83 84 85 88 89 90 92 94 95 97
evenus 49 65
evenly 6 22 28 39 40 41 42 49 55 77 78 88 94
evenor 22
event. 79
eotens 20
eotena 20
engels 96
everso 49
everie 65
etexts 40
essere 82
essent 49
evelyn 28 44 75 94
engage 6 7 11 12 14 16 17 18 19 21 27 28 29 32 34 37 39 40 42 43 44 45 46 49 53 55 57 60 65 68 71 72 73 74 77 78 79 80 81 83 84 85 86 88 90 94 97
epolto 53
evened 88
evenin 13 70
engano 77
eyre’s 10
e.d.ed 55
embryo 12 28 37 46 49 55 73 80 85 88 91
eterna 55
eterno 53
essays 12 18 37 40 49 51 55 56 60 63 65 66 77 83 84 85 89 94
egundo 53
essaka 81
essais 49
epoiei 65
embued 90
esanta 53
enough 1 3 4 5 6 7 8 9 10 11 12 13 14 15 16 17 18 19 20 21 22 23 25 26 27 28 29 30 31 32 33 34 35 36 37 38 39 40 41 42 43 44 45 46 47 48 49 50 51 52 53 54 55 56 57 58 59 60 61 62 64 65 66 67 68 69 70 71 72 73 74 75 76 77 78 79 80 81 82 83 84 85 86 88 89 90 92 93 94 95 96 97 98 99 100
eaedem 49
energy 1 4 7 10 11 12 13 14 16 18 19 21 23 26 27 28 31 32 34 37 39 40 41 42 43 44 46 47 48 49 51 53 54 55 56 57 58 60 62 65 68 69 71 72 73 74 76 77 78 79 80 84 85 88 89 90 92 93 94
eccles 45 49 55 81
epeian 65
enwich 39
eccolo 55
eneugh 72
eneuch 46
epeans 22
enemy. 80
enemys 91
exuber 55
elwood 84
ennius 12 49 65
exuded 12 44
exudes 53 55
eleven 4 5 8 9 10 11 12 13 14 16 17 18 20 21 22 23 26 27 28 32 33 34 35 37 38 39 40 41 42 43 44 45 46 48 49 50 51 53 54 55 56 57 60 65 66 67 68 69 70 71 72 73 74 76 77 78 79 81 83 84 90 93 94 98 99 100
elevet 49
ermine 9 10 12 39 40 55 61 77 100
emacem 28 49
excise 71 79 83
excita 49
excite 4 10 11 12 13 15 16 19 26 27 28 29 37 39 40 43 44 45 46 49 53 55 65 66 67 68 72 74 77 78 79 80 81 84 85 89 90 92 94 100
ealles 20
exclud 98
enemie 49
enemas 55
excead 91
exceed 1 11 12 13 15 16 19 20 23 26 27 34 37 40 41 44 45 49 53 65 68 73 74 77 79 80 81 83 84 85 89 90 94 97
egbert 78
except 1 2 3 4 5 6 7 8 9 10 11 12 13 14 15 16 17 18 19 20 21 22 23 24 25 26 27 28 29 30 31 32 33 34 35 36 37 38 39 40 41 42 43 44 45 46 47 48 49 50 51 52 53 54 55 56 57 58 59 60 61 63 64 65 66 67 68 69 70 71 72 73 74 75 76 77 78 79 80 81 82 83 84 85 86 87 88 89 90 91 92 93 94 95 96 97 98 99 100
excess 7 11 12 14 16 17 18 19 23 27 28 29 30 32 34 35 39 41 42 44 46 48 49 51 53 55 65 68 69 71 72 73 74 77 78 79 80 81 82 84 88 89 90 91 92 97
excell 45
excels 22 32 49 65 77 88
edging 10 14 27 31 37 40 48 49 51 55 56 65 70 71 77
eetion 65
eletti 53
eshton 10
ealing 48
ernest 23 42 67 74 75 76 84 90 92
embalm 9 12 31 65 94
embark 6 12 26 40 49 60 64 74 77 78 79 81 82 83 90 95
enwrap 65
enfant 10 39 94
either 1 2 3 4 5 6 7 8 9 10 11 12 13 14 15 16 17 18 19 20 21 22 23 24 25 26 27 28 29 30 31 32 33 34 35 36 37 38 39 40 41 42 43 44 45 46 47 48 49 50 51 52 53 54 55 56 57 58 59 60 61 62 63 64 65 66 67 68 69 70 71 72 73 74 75 76 77 78 79 80 81 82 83 84 85 86 87 88 89 90 91 92 93 94 95 96 97 98 99 100
elohim 39
erebus 22 31 55
elfish 5 10 66 85
ennuye 84
erects 49 66 78
ew’gen 51
excuse 4 5 6 7 9 10 11 12 13 14 16 17 18 19 21 22 23 26 27 28 29 31 32 33 34 36 37 38 39 40 41 42 43 44 45 46 47 48 49 50 51 53 55 56 57 59 60 61 62 65 66 67 68 69 70 71 72 73 74 75 76 77 78 79 80 81 82 83 84 85 86 88 89 90 93 94 97 100
enwind 20
epeius 49
enewed 9
exults 20 49 65 92
