etesian 28
exortus 49
epeians 65
earldom 9 51
erskine 23 40 81
eryalus 65
ennomos 45
ennomus 65
erstens 63
enwraps 12
enwrapt 84
erzeugt 63
entente 46 55
earlier 1 2 6 7 10 11 12 13 14 16 17 18 19 20 21 22 26 27 28 30 32 34 36 37 39 40 41 42 43 44 46 48 49 51 52 53 55 56 57 59 62 65 66 68 70 71 72 73 74 75 76 77 78 79 80 83 84 85 89 90 92 93 94 95 96
elixirs 12 79
eluding 4 14 40 67 73 79 88
ergeben 63
esteban 53
exhorts 20 26 65 78
elumbem 49
embayed 40
exalted 7 10 12 14 15 18 20 21 26 28 29 31 35 37 39 40 41 42 43 46 49 55 56 60 65 67 68 69 71 73 74 76 77 78 79 80 81 83 84 88 89 90 92 93
eperate 53
entweat 39
engulfs 12 84
entered 1 4 5 6 7 8 9 10 11 12 13 14 15 16 17 18 19 20 21 22 23 26 27 28 29 30 31 32 33 34 35 36 37 38 39 40 41 42 43 44 45 46 47 48 49 50 51 52 53 54 55 56 57 58 59 60 61 64 65 66 67 68 69 71 72 73 74 75 76 77 78 79 80 81 82 83 84 85 87 88 89 90 91 92 93 94 96 97 98
engulph 44
enteric 34 55
etheric 55
eduardo 10
eddings 51
exorted 45
enbraid 9
ennoble 49 79 80
earlmen 20
exclaim 4 11 12 13 16 17 19 27 28 30 41 42 44 49 52 59 66 71 72 74 76 78 79 81 83 88 90 94
exacter 44
exacted 10 12 14 21 26 36 40 45 49 55 75 76 78 79 80 81 83 84 88 96
earlman 20
exactor 27
existed 4 6 8 11 12 13 15 16 18 19 23 26 27 28 31 32 34 35 36 37 39 41 43 44 48 49 50 54 55 56 65 68 69 71 72 74 76 77 79 80 82 83 84 85 87 89 90 92 95 96
exactly 1 2 3 4 5 6 7 10 11 12 13 14 16 17 19 20 21 22 23 26 27 28 29 31 32 33 34 36 37 38 39 40 41 42 43 44 45 46 47 48 49 50 51 53 54 55 56 57 58 59 60 61 62 63 65 66 67 68 69 70 71 72 73 74 75 76 77 78 79 80 81 82 83 84 89 90 92 93 94 95 97 100
edwards 27 55 71 81 91
errours 45
expects 4 7 8 10 11 12 19 20 25 26 27 28 37 39 41 45 49 55 59 65 67 69 71 72 77 78 79 80 81 88 94
expect. 71
effendi 55
eptanta 53
enter’d 65
enamour 55
english 1 2 3 4 5 6 7 8 9 10 11 12 13 14 15 16 17 18 19 20 21 22 23 24 25 26 27 28 29 30 31 32 33 34 35 36 37 38 39 40 41 42 43 44 45 46 47 48 49 50 51 52 53 54 55 56 57 58 59 60 61 62 63 64 65 66 67 68 69 70 71 72 73 74 75 76 77 78 79 80 81 82 83 84 85 86 87 88 89 90 91 92 93 94 95 96 97 98 99 100
etruria 79
eoletes 20
execute 3 4 10 12 13 14 15 26 27 28 39 40 42 45 49 51 55 60 65 68 71 72 74 76 77 78 79 80 83 84 88 89 90 94 97 98
examine 1 3 4 7 10 11 12 13 14 15 16 18 19 20 21 23 27 28 34 37 39 40 41 43 44 45 46 47 48 49 54 55 57 60 63 64 66 68 69 70 71 72 73 74 75 76 77 78 79 80 81 82 83 84 85 87 88 89 90 91 92 94 95 96 97 98 99
etiamsi 49
estelle 12 94
estella 14
eyesore 54 67 78
eguendo 53
enveres 53
eguenti 53
eguente 53
epizoae 84
enemy’s 6 7 12 13 21 22 27 30 34 38 39 40 49 53 65 69 71 72 73 77
ekerval 14
eanmund 20
edouard 10
eminent 2 7 10 11 12 13 16 20 22 27 28 32 40 45 47 49 55 60 63 65 71 72 73 76 77 78 79 80 81 83 84 85 88 89 97
eyeshot 33
excusal 59
excused 6 9 10 11 12 13 16 17 18 19 27 28 39 42 44 45 46 49 50 51 65 66 67 68 71 72 73 76 77 78 79 80 83 85 88 94
excuses 5 7 11 12 14 16 18 19 21 22 23 25 27 36 37 38 39 45 46 49 56 71 73 77 78 79 88 97
exellmo 53
esteem. 79
esteems 19 37 41 49 79 92
exsilia 49
experts 13 39 41 49 55
experta 49
entwine 10 55 80 88
exclude 10 11 16 21 27 28 40 41 45 49 63 71 72 76 78 79 80 88 89 97
epergne 14
emulate 10 16 28 44 49 65 74 90
envelop 12 17 27 28 74 84 85
expends 12 49
expence 2 11 15 45 91 97
endians 73
expense 1 2 3 4 5 6 7 8 9 10 11 12 13 14 15 16 17 18 19 20 21 22 23 24 25 26 27 28 29 30 31 32 33 34 35 36 37 38 39 40 41 42 43 44 45 46 47 48 49 50 51 52 53 54 55 56 57 58 59 60 61 63 64 65 66 67 68 69 70 71 72 73 74 75 76 77 78 79 80 81 82 83 84 85 86 87 88 89 90 91 92 93 94 95 96 97 98 99 100
enemies 2 4 6 7 9 10 11 12 13 14 15 16 17 20 21 22 23 26 27 28 31 32 33 34 35 37 38 39 40 41 44 45 46 47 48 49 50 51 53 55 56 57 60 65 68 69 70 71 72 73 74 76 77 78 79 80 81 82 83 84 85 86 88 89 90 91 92 94 96 97 98 99
enrobed 71 78
envenom 89 98
editors 13 20 22 27 28 41 53 55 77 94 98
elliott 4 10 19
embroil 7 83
epigeus 65
ellipse 12 55 79
exakter 63
exakten 63
eireann 55
echinus 79
em’ly’s 71
earth’s 10 24 27 28 29 33 39 40 47 48 49 55 64 65 67 76 77 80 84 85
encline 45
emily’s 4 56 71
enjoins 40 49 65 77 78 80 89 92
enforme 45
estuary 6 31 47 48 62
embrued 49 65
eunaeus 65
earthen 7 12 23 28 33 39 48 49 53 60 73 79 81 83 84
earthly 4 9 10 11 15 18 19 20 26 27 28 29 31 34 35 37 39 40 41 45 46 48 49 51 54 55 56 57 65 68 69 71 72 76 77 78 80 81 84 85 88 89 92 94 97
einfach 63
evening 1 3 4 5 6 7 9 10 11 12 13 14 16 17 18 19 20 21 22 23 24 25 26 27 28 29 30 31 32 33 34 35 36 37 38 39 40 41 42 43 44 46 47 48 49 50 51 52 53 54 55 56 57 59 60 61 62 64 65 66 67 68 69 70 71 72 73 74 75 76 77 78 79 80 81 82 83 84 85 88 90 92 93 94 98 99 100
ecgwela 20
eruitio 53
eruitor 53
empower 71 72 78 83
eliezer 10
ellison 19 84
expunge 80 85
enacted 12 17 18 28 32 40 41 44 56 69 72 73 77 79 80 81 83 88 94 97
emotion 1 4 5 10 11 12 13 14 16 18 19 20 21 23 27 29 31 32 34 37 39 40 41 42 43 46 47 48 49 50 54 55 56 57 59 65 66 67 68 69 71 72 73 74 76 77 78 79 80 81 82 84 85 88 90 92 93 94 95
exordia 49
elegans 49
elegant 1 3 10 11 12 13 14 16 17 19 26 27 34 35 37 39 40 41 43 44 49 50 54 55 56 62 65 66 67 68 69 70 71 72 73 76 77 78 79 81 82 83 91 92 94
embalon 65
erlynne 23
elapses 78 84
elapsed 1 4 10 11 12 14 20 21 28 29 36 39 40 44 46 52 54 56 65 68 69 71 72 73 74 77 78 79 80 84 90 95
extulit 49
enamels 23
emanuel 73 81
enjoyin 5
e00.jpg 77
enjoyer 26 55
enjoyed 1 4 5 6 7 10 12 13 14 15 16 18 19 20 21 22 26 27 28 29 32 34 35 37 38 39 40 41 44 45 46 48 49 54 55 56 58 59 60 61 65 67 71 73 74 77 78 79 81 82 84 85 88 90 92 93 94 97 100
enjoyne 45
exekiel 45
errorem 49
euchred 55
england 1 2 3 4 5 6 9 10 11 12 14 15 16 17 19 21 23 26 27 28 31 32 34 37 39 40 42 43 44 45 46 48 49 50 51 52 53 55 56 57 60 62 67 68 69 70 71 72 73 74 75 76 77 78 79 80 81 82 83 84 85 89 90 91 92 95 96 97 99
eterniz 98
eternal 4 6 7 10 12 14 15 16 17 18 19 20 23 24 26 27 28 29 30 31 32 35 37 39 40 41 42 44 45 46 47 49 51 53 55 56 60 63 64 65 66 67 71 72 74 75 76 77 78 79 80 81 82 83 84 85 88 89 90 92 94 95 96 97 98
eternam 40
evolved 12 21 26 40 41 77 89 94
evolves 34
effecit 97
eternum 55
esaul’s 39
epigoni 65
euripus 80
effects 4 7 11 12 13 14 15 16 17 19 21 23 26 27 28 32 34 35 37 39 40 41 44 45 46 49 50 51 52 53 55 59 60 65 68 71 72 73 74 77 78 79 80 82 83 84 85 86 89 90 92 94 95 96 97 98
effectu 55
elegies 77
ensigns 7 12 40 49 65 81 83
elegiac 65 80
eliot’s 80
eventum 49
enjoy’d 65
embassy 6 22 23 37 39 44 49 53 55 62 65 73 77 79 80 83
evinced 4 10 16 18 27 30 32 39 40 41 44 45 55 56 65 68 72 74 79 84 90
evinces 40 41 79
enclose 10 12 18 29 46 48 49 55 60 65 77 79
embargo 11 55 73 83
embarks 40 74 81 90
eclipse 10 12 22 37 47 53 55 77 78 94 95
embarra 55
epigram 23 39 41 49 67 77 84
eparato 53
eparate 53
emended 20
enculed 44
eruanti 53
erudite 12 40 55 79 85
eldest. 38
einigen 63
elderly 1 4 5 6 10 11 12 13 14 16 19 21 23 26 28 34 37 39 40 41 42 43 44 46 50 54 55 56 59 67 68 69 71 72 73 75 76 77 78 79 81 83 85 94
eyelids 3 4 6 10 12 13 14 18 22 23 31 34 35 37 39 40 43 46 53 55 65 66 68 69 71 76 77 78 79 82 84 85 94
earning 4 6 12 13 21 26 27 28 32 36 38 39 50 51 57 68 71 72 76 77 78 79 82 89 94
escobar 53
earwigs 14 55
eudorus 65
excerpt 55
edified 12 26 27 71 78 79
eyeless 6 40 55
edifice 7 12 20 39 41 45 47 49 51 55 63 66 69 71 73 76 77 78 79 85
excesse 45
encores 42 70
encored 56
episode 10 12 13 14 18 20 21 22 29 31 34 39 40 41 43 44 46 56 65 69 80 89 92
exhibit 1 7 10 11 12 13 14 15 18 23 26 27 28 34 37 40 44 46 49 51 55 63 65 66 69 71 72 74 77 78 79 80 81 83 88 90 92
eleison 55
eater’s 28
either. 38
e02.jpg 77
enquest 9
elastic 1 10 21 23 28 34 39 40 44 48 54 55 59 68 69 71 72 76 77 79 80 84 87 94
eyelash 10 13 41 71 78
excepto 97
engestr 20
epische 65
enfants 12 39 55
enslave 23 28 32 41 49 61 65 74 80 90 97
espying 38 40 99
erlaubt 63
euganea 49
enquiry 1 11 19 34 44 45 80 83 88 95 97
enquire 9 11 19 45 49 55 80 83 88 97
enliven 16 18 39 45 49 55 77 78
ephoros 49
envying 11 14 26 35 39 41 52 69 72 77 79 88 94
ersehen 63
epaltes 65
eripere 49
equorum 49
ensures 95
ensured 9 19 42 76 80 81 84
eleanor 18 49
enlaced 13 26
elohenu 55
erigone 12
epitaph 12 14 28 34 41 49 55 57 65 68 77 94
escorts 22 94
everard 55 83
elation 17 29 39 50 72
enhance 11 26 28 32 39 40 44 47 49 65 69 78 79
egature 53
ensuing 10 11 12 14 20 27 40 45 65 71 74 81 83 84 88 90
ennichi 66
eleazar 45
eioneus 65
erigere 97
epistor 65
epistle 12 14 15 21 41 45 49 55 65 71 72 79
extorta 49
extorts 97
enlists 12 65
eudoxus 49
e04.jpg 77
epaulet 28 39 79
esquire 14 28 32 49 50 55 68 71 77 83
esquili 12
eleatic 80
esquife 77
ejected 14 21 27 31 41 71 85
essayed 12 13 17 40 49 51 60 68 72 79 85 88
emmet’s 55
eunuchs 12 49 55 79 82 88
externo 45
externi 49
eadgils 20
economy 4 7 10 11 12 13 14 19 26 27 28 30 36 37 39 44 46 49 55 57 62 65 68 69 70 71 73 75 76 77 78 79 80 83 85 89 92 94 98
edgware 48
enrowle 45
exilium 49
exiling 80
enfiler 44
erinnys 65
eardrop 55
extent. 71
extents 74 90
extento 49
extends 1 10 12 15 28 39 43 44 45 49 51 52 53 55 65 67 71 73 77 78 79 80 81 83 84 92 95 97
entombs 32 77
erkenne 63
erkennt 63
espouse 10 12 15 49 83 84
example 4 6 7 9 10 11 12 13 14 15 16 17 19 21 26 27 28 29 31 32 35 37 39 40 41 42 43 44 45 46 47 49 50 51 53 54 55 56 58 59 60 63 65 68 70 71 72 73 74 75 76 77 78 79 80 81 82 83 84 85 86 88 89 90 92 93 94 95 96 97 98 100
emblems 10 23 49 55 77 81
endings 50
educate 4 12 16 23 27 28 36 39 41 49 51 62 66 71 74 77 78 79 80 83 86 88 89 90 94 96 97
essay’d 65
eftures 9
efforts 1 2 3 4 5 6 7 8 9 10 11 12 13 14 15 16 17 18 19 20 21 22 23 24 25 26 27 28 29 30 31 32 33 34 35 36 37 38 39 40 41 42 43 44 45 46 47 48 49 50 51 52 53 54 55 56 57 58 59 60 61 63 64 65 66 67 68 69 70 71 72 73 74 75 76 77 78 79 80 81 82 83 84 85 86 87 88 89 90 91 92 93 94 95 96 97 98 99 100
emblaze 65
eliza’s 10 27 44 50
enfield 54
einheit 63
enemyes 45
eyeball 22 32 39 55 78
ecchoes 45
exitura 49
emulous 10 49 72 80
exempts 12 77 97
exceeds 12 16 28 37 39 40 43 49 65 77 79 80 89 92 97 98
easiest 5 13 15 17 19 27 28 36 37 39 40 41 44 46 49 50 56 61 70 71 76 77 79 80 83 94 95
enough. 38 41 69 71 77
epatkas 33
equerry 49 77
empires 12 15 26 28 31 40 49 65 67 73 74 77 80 84 90 97
empiric 46
envoy’s 79
entozoa 84
emprise 20 40 55 77
exports 13 28 80
evippus 65
exposes 12 40 49 55 71 77 83 89
exposed 4 6 7 10 11 12 14 15 16 18 19 21 26 27 28 35 36 39 40 41 42 43 44 46 47 48 49 50 53 54 55 57 60 65 66 68 69 70 71 72 73 74 76 77 78 79 80 81 82 84 86 88 89 90 93 94 96 97
eigener 63
eigenes 63
exotics 10 79
expound 21 23 37 39 40 41 45 49 55 63 71 77 84 85 88 89 94
excedat 49
exemplo 49
exemple 18 55
exempio 53
enounce 10 88
empress 12 33 39 41 49 55 65 66 71 73 77 88 94
eufemia 22
erinyes 22
easily. 71
equendo 53
eagle’s 12 17 26 49 73 79
eloping 11 19
euboean 49
exod.32 45
egerton 44
elder’s 34 39 41 55 72
equente 53
ephesus 45
earners 13
earnest 1 4 5 6 9 10 11 13 14 15 16 18 19 20 21 22 23 25 26 27 28 30 32 34 36 37 39 40 41 43 44 45 46 47 49 50 51 53 54 55 56 58 59 60 65 67 68 69 70 71 72 73 74 75 76 77 78 79 80 81 84 85 88 89 90 92 93 94 96 99
eyebrow 10 14 31 42 65 67 71 73 78 79 82 84
estoffe 49
eagerer 26
exuding 76
eguraua 53
eagerly 1 3 4 5 9 10 11 12 14 15 16 17 18 19 20 21 22 23 26 27 28 29 30 31 34 35 37 38 39 40 41 42 43 44 46 47 48 49 50 51 55 56 57 58 60 61 65 66 67 68 69 71 72 74 76 77 78 79 80 81 83 84 85 88 90 94 96
espagne 94
erasmus 49
eburnea 12
eshtons 10
entrust 1 35 39 49 55 72 77 80 88
envious 7 10 12 14 16 20 26 27 37 38 39 40 41 45 48 49 51 55 65 66 71 72 77 78 79 80 82 85 88 94 98 100
expires 15 49 55 65 79
expired 1 4 10 12 13 21 32 39 40 42 44 49 65 71 77 78 79 81 84 98
eupoiia 65
egglame 9
eight’s 71
efening 94
environ 12 28 49 78 98
eightly 45
eighths 28
entring 45
entries 6 14 21 28 31 46 49 54 68 71 76 78 79
erasers 86
endured 4 7 9 10 11 12 14 15 16 19 20 21 22 23 26 27 30 32 34 35 37 38 39 41 44 46 49 53 56 65 66 67 69 71 72 74 76 77 78 79 80 82 84 85 88 89 90 92 94 97
endures 12 23 40 71 77 80 85 88 97
endurer 26 77
enipeus 22
enviers 26
enigmas 10 12 16 26 54 92
echoing 13 14 22 24 26 39 41 48 56 65 67 69 71 76 78 79 89
enraged 4 7 9 11 12 19 22 23 26 27 32 37 38 40 41 42 44 49 53 60 65 66 71 72 74 76 77 79 81 83 84 90
exulted 4 10 20 26 31 46 71 93 94
employs 7 12 21 28 40 49 55 65 68 77 78 79 80 83 84 89 92 95 97
epicure 1 4 10 27 55 76 78 79 80
entitle 10 12 16 40 45 51 77 79 80 81 91
effaced 1 10 12 13 26 31 39 40 41 42 49 53 55 60 79 80 88 92
effaces 12 49 88
erasing 12 20
elpenor 22
express 1 2 3 4 5 6 7 8 9 10 11 12 13 14 15 16 17 18 19 20 21 22 23 24 25 26 27 28 29 30 31 32 33 34 35 36 37 38 39 40 41 42 43 44 45 46 47 48 49 50 51 52 53 54 55 56 57 58 59 60 61 63 64 65 66 67 68 69 70 71 72 73 74 75 76 77 78 79 80 81 82 83 84 85 86 87 88 89 90 91 92 93 94 95 96 97 98 99 100
exprest 45
embowed 85
elqalle 53
expands 12 40 49 51 78 79 92
extinta 53
expanse 1 5 7 10 12 14 18 27 28 29 31 39 40 43 44 46 47 48 49 53 57 65 66 67 69 74 77 78 79 80 84 85 90 92
extinct 1 4 12 14 15 28 30 32 40 41 43 45 47 49 55 60 65 72 73 74 79 80 84 85 90 92
emathia 23
entarle 53
electro 34 84
europe. 34
elected 4 7 8 10 12 13 15 20 37 39 40 41 42 45 49 51 53 55 56 65 66 70 77 78 80 82 89 91 95
eggcups 55
edgings 55
elector 12 55 83 94
equiano 81
extream 45 83
equidem 49
ephraim 45 55
extremi 49
extremo 53
extrema 49
extreme 1 4 5 6 7 10 11 12 13 14 16 17 18 19 21 22 25 26 27 28 29 30 31 32 34 35 37 39 40 41 43 44 45 46 47 48 49 50 51 53 54 55 56 59 60 63 66 67 68 71 72 73 74 76 77 78 79 80 81 82 84 85 86 88 89 90 92 94 96 99
erheard 55
eatheth 45
esparto 53
enghien 12 79
egklema 45
entails 12 13 65 77 92 95
etienne 18 49 55
entaile 45
erasure 12 49
eteon’s 65
extract 1 4 10 12 13 14 20 26 27 28 39 40 41 42 43 49 51 53 55 63 65 67 68 69 71 72 73 74 76 77 78 79 80 81 83 89 90 91 93
erastus 51
exchang 83
essence 10 11 12 13 17 21 23 27 28 31 35 37 39 40 41 44 45 46 48 49 54 55 63 71 72 73 75 76 77 79 80 84 85 88 89 92 93 95 97 100
essendo 53
exhaled 1 12 14 27 29 31 35 39 40 44 46 49 73
exhales 12 39 55 85
erratic 27 49 55 57 71 85 89
ellen’s 4 44
everych 9
eripuit 49
esthete 55
erratum 12 83
esthers 78
epitome 26 28 40 41 55 79 80 92
enlarge 9 10 12 15 16 19 31 37 40 41 44 45 49 51 60 63 65 71 72 73 78 80 83 86 88 89 95 97 98
excoose 46
ewain’s 9
elbowed 12 21 27 40 42 48 49 55 68 78
ellemen 91
egoisms 92
egoists 12 41
eskeles 79
ezekiel 12 40 45 51
eumaeus 22
ezekiah 21
emptily 55
emptier 26
empties 12 13 40 55 76 78
emptied 6 10 12 13 14 18 21 22 27 28 30 31 33 35 37 38 39 40 41 42 43 44 46 48 51 53 54 55 59 60 61 66 68 70 71 72 73 79 80 83 84 88
escovar 53
evasive 10 18 42 56 68 72
evasion 1 14 44 49 57 68 70 73 78 80 92
egypt’s 55
emerald 10 21 23 26 28 33 46 49 55 56 61 78 79 84
echelon 86
ersetzt 63
errants 77
errands 4 5 12 13 16 22 27 28 30 32 39 41 49 56 68 71 72 77 78 83 85 94 100
eggblue 55
exousin 65
enthral 84
epithet 4 10 11 12 20 34 37 39 44 49 65 71 72 73 78 79 80
epelire 53
eastern 6 7 10 12 13 14 21 22 27 28 31 34 40 42 46 47 48 49 52 53 55 56 57 60 65 66 67 68 71 73 74 78 79 80 83 84 85 88 90 91 100
enflame 45
entrain 12
entrail 12
entrare 53
entraro 49
entrati 53
endlong 9
esprits 96
ertayne 9
epicles 65
esepius 12
echetus 22
entreat 4 7 9 10 11 12 14 16 18 19 22 23 37 38 39 40 41 46 49 65 66 71 73 74 76 77 78 79 80 81 85 88 90 98
ethiops 65
entreth 45
expiate 10 27 37 39 41 45 49 65 71 77 78 80
easting 6
emerged 1 10 12 13 14 17 18 21 23 27 28 29 31 34 35 39 40 42 43 46 47 48 51 55 56 57 59 65 67 68 69 71 76 77 78 79 83 85 92 93 94 95
eycento 53
emerges 12 28 39 43 55 78 95
ensnare 49 77
ephyr’s 65
exhaust 12 23 25 27 40 41 43 44 49 55 65 78 79 86 92
endless 4 5 6 7 10 11 12 13 15 19 20 21 22 23 24 25 26 28 29 30 31 37 38 39 40 41 42 46 48 49 51 55 57 59 63 65 67 68 71 72 73 74 77 78 79 80 81 84 85 86 89 90 92 94 97
ethical 23 39 42 51 55 63 80 84 89 92 95
ercilla 77
enchafe 9
enchain 49
egregio 49
enchant 12 22 61 65 77 80
emerson 18 66 91
erweist 63
eduntur 49
epicene 55
elsie’s 38
entices 92
enticed 10 12 26 30 35 38 39 41 56 60 66 68 72 74 77 85 88 90 94
ejulatu 49
epichar 49
enrique 53 55 77
eptembr 53
empewah 39
evoking 12 18 39 42 79
euodius 88
ecuador 40
effcaci 49
emperor 2 7 9 12 23 26 27 28 33 38 39 40 41 45 49 53 54 55 60 66 70 72 73 77 78 79 82 84 88 89 92 94 95 98
elenchi 46 80
evans’s 56
egentem 49
evangel 27 55
etaient 84
elysian 22 28 69 77 78
exsolvi 49
elysium 10 22 27 68 72 84 98
envbody 63
emitted 12 18 31 39 55 56 57 62 66 68 78 84 95
eristic 80
escape. 38
enabled 4 7 10 11 12 13 14 16 17 18 19 21 22 23 26 27 28 29 30 32 34 39 40 41 43 44 45 46 48 50 51 53 61 63 65 68 69 71 72 73 74 77 78 79 80 81 82 83 84 85 88 89 90 94
enables 7 12 18 21 26 43 44 46 57 63 65 73 76 77 78 79 80 83 84 89 95
eurymus 22
equator 33 40 53 55 69 79 80
evicted 13 55
engaged 3 4 6 7 10 11 12 13 14 15 16 17 18 19 20 21 22 23 26 27 28 29 31 32 34 37 38 39 40 41 42 43 44 45 46 47 48 49 50 51 53 54 55 56 57 60 61 62 65 66 67 68 69 71 72 73 74 75 76 77 78 79 80 81 82 83 84 86 88 89 90 91 93 94 97
engages 12 16 20 49 53 65 74 77 78 79 81 85 88 90 97
euphony 12
exercet 49
elysees 94
eretria 65
elzevir 12
eurytus 22 65
escapes 12 13 29 34 35 40 49 53 55 65 70 74 77 78 79 81 83 84 85 89 90 94
escaped 4 5 6 7 9 10 11 12 13 14 16 17 18 19 20 21 22 23 26 27 28 30 32 33 34 35 37 38 39 40 41 42 43 44 46 47 48 49 51 53 54 55 56 57 58 60 65 68 69 71 72 73 74 77 78 79 80 81 82 83 84 85 88 90 91 92 94 99
eatable 10 12 16 30 31 40 48 55 56 68 72 81
egniale 53
egniali 53
egniaro 53
endowed 4 7 9 10 12 14 19 22 27 28 29 32 37 39 41 44 45 47 49 51 54 55 66 68 69 71 73 74 77 78 79 81 82 84 85 89 90 92 94
evocata 28
exploit 13 20 22 26 29 30 37 39 40 41 43 44 49 50 52 55 56 73 74 77 79 90 92 94
explode 6 12 39 41 48 66 72 77 78 79 86 89 94 100
eddying 10 27 39 40 47 48 68 71 76 78 84
explore 1 5 8 10 11 12 14 16 20 21 28 41 42 43 45 46 47 53 56 65 66 69 71 74 77 78 81 84 90
eskimos 55
earshot 6 21 22 42 48 55 57 72
effudit 49
eccepto 53
eumenes 49
eumelus 22 65
effugit 49
edibles 94
ector’s 9
enforce 4 9 10 12 13 15 22 27 30 39 42 45 51 68 71 73 77 78 79 80 83 89 94
ellis’s 55
emanate 12 26 46 79 83 89
ecstasy 1 5 8 10 11 12 13 14 17 18 19 23 26 28 30 32 35 37 39 41 42 44 46 49 54 55 56 60 64 66 67 68 69 71 72 74 77 78 79 80 82 84 85 90 93 94 100
explere 49
ecstacy 49 64 90
eggflip 55
effusio 49
effused 65 66
emilius 49
exerted 4 11 12 15 16 19 26 27 38 39 40 41 44 46 51 60 65 68 69 71 72 74 77 79 80 81 84 89 90 94
endorse 46
effunde 55
explain 1 3 4 5 6 8 10 11 12 13 14 15 16 17 18 19 21 22 23 27 28 29 31 33 34 35 36 37 38 39 40 41 42 43 44 45 46 47 48 49 50 51 53 54 55 56 59 60 63 65 66 67 68 69 70 71 72 73 74 76 77 78 79 80 82 83 84 85 87 88 89 90 93 94
evident 1 4 5 10 11 12 13 14 15 16 18 19 21 22 23 27 28 29 30 31 32 34 37 39 41 42 43 44 45 46 47 48 49 50 51 53 54 55 56 57 60 63 65 68 71 72 73 76 77 78 79 80 82 83 84 85 88 89 91 92 94 95 96 97 98 100
erectly 40
erectos 49
embrace 1 10 12 13 14 17 18 20 22 26 27 29 30 31 32 34 37 38 39 40 41 44 45 46 49 55 64 65 67 68 69 71 72 73 74 75 76 77 78 79 80 81 82 84 85 88 90 92 93 94
erected 4 10 12 15 21 28 34 39 40 44 45 46 47 49 51 53 55 64 65 66 68 69 71 72 73 77 78 79 81 83 84 89 91 97 98
edition 1 2 3 4 5 6 7 8 9 10 11 12 13 14 15 16 17 18 19 20 21 22 23 24 25 26 27 28 29 30 31 32 33 34 35 36 37 38 39 40 41 42 43 44 45 46 47 48 49 50 51 52 53 54 55 56 57 58 59 60 61 63 64 65 66 67 68 69 70 71 72 73 74 75 76 77 78 79 80 81 82 83 84 85 86 87 88 89 90 91 92 93 94 95 96 97 98 99 100
editing 12 83
eumedes 65
element 9 10 12 13 17 18 21 23 26 27 28 29 32 37 39 40 41 44 45 46 47 48 49 50 51 53 55 63 65 68 71 73 74 77 78 79 80 81 83 84 85 86 88 89 90 92 94 95 96 98
evelina 94
eveline 42
eckberg 12
evading 14 41 44 49 50 68 78 80 83 85
equinox 40 49 60 73
equinae 49
estates 1 9 10 11 21 22 27 28 39 41 45 49 51 55 70 71 72 73 76 78 80 81 83 94 97
edeanno 53
eustace 9 21 42 55
equitem 49
equites 49
endemic 55
encaged 26
edgar’s 44 72
engraff 88
exmouth 68
endways 44
erianno 53
egotist 46 79
egotism 10 12 13 21 23 28 39 47 67 72 79 85 89
ermined 84
eclogue 12 77
elicits 78 80
equitie 45
elssler 79
endears 39
eleven. 34
exparte 55
elevate 7 10 11 12 16 26 27 28 39 40 44 49 65 72 74 76 79 80 84 90 92
eryxias 80
encased 12 55 65 68 79 84
emaluan 53
elton’s 16
eugenio 77
eugenic 55
eldrich 27
elzel’s 84
excisae 49
engross 11 12 16 19 55 65 71 73 89
excites 5 10 16 37 38 39 44 45 49 55 65 74 77 79 80 84 88 89 90 92
exciter 44
excited 1 4 5 6 10 11 12 13 14 16 17 18 19 21 23 25 26 27 28 29 30 31 32 34 35 37 39 40 41 42 43 44 45 46 48 49 50 52 55 56 58 59 67 68 69 70 71 72 74 76 77 78 79 80 81 83 84 85 88 89 90 93 94
euxodus 49
excitur 49
equaled 39 56
evilest 26
equally 1 2 4 6 7 8 10 11 12 13 14 15 16 17 18 19 21 26 27 28 29 30 32 34 38 39 40 41 42 43 44 45 46 48 49 50 51 52 54 55 56 60 63 65 68 69 71 72 73 74 75 76 77 78 79 80 81 82 83 84 85 88 89 90 91 92 94 95 96 97 98
extasie 45
etching 23
extatic 44
eymeric 84
earings 78
earring 66 78
enderby 40
evich’s 39
eliding 12
erfolge 63
emautan 65
engines 10 12 13 14 21 28 31 33 39 40 42 45 46 48 49 55 65 68 69 70 71 73 77 78 83 86 89 98
ezzelin 23
easeful 88
endwise 40
equable 28 49 71 78 80 96
equably 76 88
enerved 49
eating. 71
etiopia 53
elusive 18 39 40 47 48 51 56 67 71
exhumed 40 55 84
