fuald 12
fucks 44
flirt 5 11 23 39 46 49 55 66 69 75 94
fling 4 6 8 10 12 13 14 16 17 22 23 27 30 33 37 38 39 40 41 42 44 46 51 53 55 57 65 66 67 69 70 72 77 78 85 88 91 94 98
flink 67
flint 4 6 8 10 12 14 17 27 28 30 33 37 39 40 41 43 51 53 55 72 73 76 77 79 82 83 93 98 99
fucar 77
flier 20 64 92
flies 4 5 6 7 12 13 14 16 17 20 21 22 23 24 26 27 28 30 31 33 37 38 39 40 41 42 44 46 49 55 56 64 65 68 70 71 72 73 76 77 78 79 80 81 84 88 92 94 98
flick 5 33 46 55
flite 78
flits 12 22 51 55 65 78
fubsy 33 55
fuell 53
fuels 86
fuego 28 40
fudge 56
fugit 49
fugge 49 65
fly’s 38
fugue 39
fuffy 78
fugax 49
flown 1 3 5 6 10 14 16 17 26 27 35 37 38 39 41 44 46 51 56 59 71 72 76 77 80 88 92 94
flows 1 4 10 12 13 26 28 30 37 39 40 41 44 46 49 51 55 56 65 71 72 74 77 78 80 84 88 90 92 97
flour 4 10 12 13 14 26 28 30 33 37 38 39 40 46 48 53 55 56 57 60 65 70 72 77 78 79 80 83 88 93 94 100
flout 5 51 55 77
flota 83
floss 12 27 55
floud 45 91
flots 12
flora 12 21 29 49 55 56 77 78 79 94
floor 1 3 4 5 6 8 9 10 12 13 14 16 17 18 19 20 21 22 23 24 25 26 27 28 29 30 31 32 33 34 36 37 38 39 40 41 42 43 44 46 47 48 49 50 51 52 53 54 55 56 57 58 59 60 61 62 64 65 66 67 68 69 70 71 72 73 74 76 77 78 79 82 83 84 85 86 90 93 94 100
flood 5 6 7 8 10 12 13 20 21 22 26 27 28 29 30 31 33 37 39 40 41 42 44 45 46 47 48 49 51 55 56 60 64 65 67 68 71 73 74 76 77 78 79 80 84 85 86 88 89 90 92 93
flogs 55 77
floes 40
floey 55
flock 3 4 6 10 12 13 14 16 20 22 26 27 28 31 32 34 35 38 39 40 41 42 45 48 53 54 55 60 61 64 65 66 67 68 70 71 72 73 76 77 78 79 80 84 85 88 89 94 100
float 5 9 10 12 17 20 27 28 29 31 36 37 38 39 40 44 46 48 49 55 56 60 61 65 69 70 71 74 78 79 80 81 84 86 90
fully 1 4 7 9 10 11 12 13 14 15 16 18 19 20 21 22 23 26 27 28 29 30 32 33 35 37 38 39 40 41 42 44 45 46 48 49 50 51 52 53 54 55 56 59 60 61 63 64 65 66 67 68 69 71 72 73 74 75 76 77 78 79 80 81 83 84 85 86 88 89 90 92 95 96 97 99
full. 38 100
funny 3 5 6 13 17 21 22 23 25 27 31 32 33 34 37 38 39 40 41 42 44 46 47 50 51 55 56 57 58 59 61 66 67 68 69 70 72 78 94 100
funke 39
funky 55
fungi 12 28 40 47 49 84
fundu 46
funde 49
funds 4 10 12 13 21 34 36 37 41 42 44 51 52 55 57 71 73 75 78 79 83 94
fundo 49
fulti 49
fulta 49
fumed 31 41 55 88 94
fumes 4 10 12 13 18 21 23 26 28 37 40 41 42 43 49 54 55 65 68 71 77 78 79 84 88 92
fuoca 53
fluid 8 12 14 23 26 28 34 39 40 44 45 48 49 53 55 59 66 73 79 83 84
fuoco 49 53
flues 40
fluft 73
fluey 14
fluff 33 39 55
funus 49
fuora 53
flush 1 5 6 8 10 12 13 14 17 18 20 21 23 27 29 30 31 37 39 40 41 42 43 44 46 51 54 55 56 57 67 68 71 76 78 79 84 85 86 94 100
fluty 18
flute 5 12 14 18 23 24 26 28 49 53 55 64 65 68 71 77 78 80 92 94 100
flume 40
flung 3 5 6 8 9 10 12 13 14 17 18 20 21 22 23 29 30 31 33 34 37 39 40 41 42 43 44 46 47 48 52 53 55 56 57 58 60 61 64 65 66 67 68 69 70 71 72 74 76 77 78 79 82 84 85 88 90 92 93 94 100
fluke 31 40 55
furit 49
furey 42
furem 49
furca 92
furze 46 48 55 72 77 83 93
fursa 55
furry 17 23 30 31 33 39 42 55 56 65 77 78
furto 12 49
furny 53
furor 49 71
furls 40
futue 49
futur 76
fusil 82
fusis 49
flynn 42 55
fuses 10 86
fusee 40 60
fused 12 46 76 78 92
flyin 5 40 70
fusci 98
fusty 71
fusta 53
fussy 27 39 41 42 58 66 94
fuzzy 27 94
fecit 49 55 98
fecal 55
feaxe 20
feats 9 12 13 14 22 29 35 39 40 42 45 49 50 52 65 68 71 73 77 78 80 81 83 94
fears 4 5 6 7 10 11 12 13 14 15 16 17 19 20 21 23 24 26 27 28 29 32 33 34 35 37 38 39 40 41 43 44 45 46 47 48 49 51 52 54 55 56 57 58 60 61 65 68 69 71 72 73 74 76 77 78 79 80 81 83 84 85 88 89 90 92 94 95 97 99
feast 1 2 4 5 9 10 12 13 14 18 20 22 23 26 27 28 32 33 37 38 39 40 41 42 44 45 48 49 51 53 55 56 60 64 65 66 69 71 72 77 78 79 80 81 82 88 91 92 93 94 98
feard 27 72
feare 45 91 98
fear. 41
feald 91
feels 5 10 11 12 13 16 19 23 26 27 28 33 35 37 38 39 40 41 42 44 46 47 49 50 51 55 56 65 66 68 69 70 71 72 74 75 76 77 78 79 80 84 85 86 88 89 90 92 93 94 95 96
feely 27
feele 45 91 98
feeds 4 10 32 40 41 48 49 55 64 65 77 79 80 88 89 95 97 98 99
fecto 53
fegee 40
feety 55
feets 30
feet. 38 80
feign 4 12 14 26 29 37 44 45 49 71 79 83 92 93 98
feiri 45
feind 39
feint 12 14 17 49 54 57 68 71 74 76 78 90 93
fehlt 63
fejee 27 40
femme 12 39 44 49 55 94
fella 67
felly 12 55
fells 20 32 55 65
felix 10 26 49 55 65 74 77 78 90 92
felce 53
felty 39
felon 14 32 64 68 79 84
felow 91
felot 9
feorh 20
feokt 39
feokl 39
fenne 20
fenny 65
fey’s 39
fenda 28
fendu 12
fence 6 10 12 13 14 16 18 22 27 28 29 31 32 34 37 39 40 41 43 45 47 48 49 51 52 55 56 57 58 60 61 66 67 68 69 70 71 72 73 77 78 79 81 83 84 85 88 94 97
fenya 41
fenzi 79
fense 55
feris 49
ferit 49
feriu 53
feret 49
feras 49
ferat 49
ferap 39
ferce 27
feste 63
festa 26 79
fesse 49
fessa 49
fesso 49
fetid 10 12 13 23 40 49 51 55 73 77
fetes 1 39 44
fetch 3 6 9 10 11 12 14 15 16 17 19 20 21 22 26 27 28 37 38 39 40 41 44 45 46 49 50 55 57 59 60 61 62 65 66 68 69 70 71 72 73 76 77 78 79 82 83 93 98 99
ferri 49 98
ferre 49 97
ferry 4 12 13 18 20 27 30 32 35 38 39 40 48 55 68 69 70 71 77 83
ferro 49 53 97
ferny 10 56
ferns 5 6 12 13 40 42 43 47 55 56 94
ferox 49 55
fermi 53
ferme 49 53
fermo 7 49 53
fesch 12
feute 9
fever 1 4 5 6 7 10 12 13 14 16 18 19 21 23 26 27 29 30 31 32 33 34 37 39 40 41 42 43 44 45 46 48 49 51 54 55 56 60 67 68 69 70 71 72 73 74 76 77 78 79 80 81 82 83 84 85 88 90 92 94 99 100
fetor 40 55
feuds 20 26 34 45 65 70 79
feuch 79
fewer 7 10 11 12 14 15 16 17 20 21 22 23 26 28 32 38 39 40 42 45 46 48 49 51 54 56 57 61 65 68 71 73 76 77 78 79 81 83 84 89 94
foe’s 17 65
foams 39 49 65 79
foamy 10 18 20 40 55 65 67 79
foals 22 65 73 77
focus 12 14 21 40 46 51 55 79 83 89
focqi 53
fodit 12
focho 53
fochi 53
foces 77
foetu 55
foeta 49
fodro 53
fodra 53
foede 49
fogey 55
fogla 53
fogle 68
for’t 49
foggy 6 12 14 22 23 28 33 34 39 40 41 43 54 55 66 68 71 78 83 93 98
foist 28 49 57
foins 9
foils 1 12 71 77 79 84
folly 1 6 7 9 10 11 12 13 14 15 16 18 19 20 21 22 23 24 26 30 31 33 34 36 37 38 39 40 41 42 44 45 46 47 48 49 50 54 55 60 65 66 68 69 71 72 73 74 75 77 78 79 80 82 83 84 85 88 89 90 92 94 97 98
folle 18
folks 4 5 9 10 12 13 14 20 21 27 28 37 38 39 40 41 46 48 49 51 52 54 55 56 57 58 66 68 69 70 71 72 73 74 76 78 79 83 88 90 93 94 98
folie 12
folk. 39 72
folio 12 40 49 53 55 71 73 78 83 85 98
folgt 63
folge 63
folds 5 8 10 12 18 22 23 26 27 28 30 31 33 36 39 40 42 44 46 49 51 55 59 65 67 68 70 72 73 74 77 78 79 80 81 84 85 90 92 93 94
foler 91
fold. 24
fonte 49 53
fonnd 91
fonfr 12
fondo 53
fondi 79
foods 7 13 55 59
food. 38
fonts 63 71
fox’s 38 49 51 52
foots 77 91
foote 85
fools 4 5 6 8 12 13 16 21 22 26 30 35 37 38 39 40 41 45 46 47 48 49 50 51 55 58 59 60 65 69 70 72 73 75 76 77 78 79 80 82 83 84 88 91 92 93 94
fool. 27 39 67
foole 45
fooit 72
forza 53
forts 12 21 28 40 45 49 51 65 77 83
forty 1 2 3 4 5 6 7 8 9 10 11 12 13 14 15 16 17 18 19 20 21 22 23 25 26 27 28 29 30 31 32 33 34 35 36 37 38 39 40 41 42 43 44 45 46 47 48 49 50 51 53 54 55 56 59 60 61 64 65 66 67 68 69 70 71 72 73 74 75 76 77 78 79 80 81 83 84 85 87 88 90 91 93 94 98 100
forum 28 49 65 79 88 94
forse 77
forte 7 10 14 19 27 32 49 53 55 75 77 78 84 97
forth 1 2 3 4 5 6 7 8 9 10 11 12 13 14 15 16 17 18 19 20 21 22 23 24 25 26 27 28 29 30 31 32 33 34 35 36 37 38 39 40 41 42 43 44 45 46 47 48 49 50 51 52 53 54 55 56 57 58 59 60 61 63 64 65 66 67 68 69 70 71 72 73 74 75 76 77 78 79 80 81 82 83 84 85 86 87 88 89 90 91 92 93 94 95 96 97 98 99 100
forti 49
forni 53
forno 53
foror 55
forma 49
forli 7
forme 39 45 49 53 91 98
formo 49
forms 1 4 6 7 10 11 12 13 14 15 16 17 18 19 22 23 26 27 28 29 30 31 32 34 35 37 38 39 40 41 42 43 44 45 46 47 48 49 51 52 53 55 56 61 63 65 67 68 69 70 71 72 73 74 76 78 79 80 81 83 84 85 86 88 89 90 92 93 95 96 97
forks 12 13 14 27 28 37 38 39 40 42 48 50 53 55 59 60 66 70 71 72 73 78 86 95
forky 65
form. 44 71
foris 49
forgo 21 22 39 74 95
forge 12 13 14 22 24 28 31 37 38 40 41 49 54 64 65 73 76 77 78 85 88
fordo 9 55
fords 39
foret 49
fored 91
foray 52 77
forca 53
force 1 4 6 7 8 9 10 11 12 13 14 15 16 17 18 19 20 21 22 23 26 27 28 29 30 31 32 33 34 35 36 37 38 39 40 41 42 43 44 45 46 47 48 49 50 51 53 54 55 57 58 59 60 61 63 64 65 67 68 69 70 71 72 73 74 76 77 78 79 80 81 82 83 84 85 86 87 88 89 90 92 93 94 95 96 97 98
foras 9 49
four. 71
foure 45 53
fount 10 17 37 53 65
found 1 2 3 4 5 6 7 8 9 10 11 12 13 14 15 16 17 18 19 20 21 22 23 24 25 26 27 28 29 30 31 32 33 34 35 36 37 38 39 40 41 42 43 44 45 46 47 48 49 50 51 52 53 54 55 56 57 58 59 60 61 63 64 65 66 67 68 69 70 71 72 73 74 75 76 77 78 79 80 81 82 83 84 85 86 87 88 89 90 91 92 93 94 95 96 97 98 99 100
fouls 88 91
foule 45 91
foull 91
foude 91
fouer 91
fouch 12 39
fossa 12
fosse 12 65
fower 71 91
fowls 6 9 14 19 20 21 27 28 32 33 38 39 40 41 49 52 53 55 60 65 68 69 71 73 77 78 79 81 84 88 93
fowld 72
fowl. 84
fowks 72
fours 5 6 10 12 17 27 31 33 39 40 47 49 55 60 69 70 71 73 77 85
foveo 49
fovet 49
foxes 5 12 26 28 39 42 43 49 53 58 60 61 71 77 97
fyery 53
fig’s 65
fiber 13 18
fibra 49
fibre 10 17 22 23 27 28 30 51 52 55 66 74 78 84 85 90
fiata 53
fiats 45
fiano 79
fianc 21 37 39 46 55 62 67 87
fidis 49
fides 49 55
fiden 12
fidel 53
fidem 49
fidei 49
fidus 55
ficos 49
fichu 12 39 41
fidar 53
ficta 92
fifty 1 2 4 6 7 8 9 10 11 12 13 14 15 16 18 19 20 21 22 23 26 27 28 30 31 32 33 34 36 37 38 39 40 41 42 43 44 45 46 47 48 49 50 51 53 54 55 56 57 60 65 66 67 68 69 70 71 72 73 74 75 76 77 78 79 80 81 82 83 84 85 87 88 90 91 92 93 94 98
fifth 3 5 6 9 10 11 12 13 15 20 21 22 23 26 28 33 34 37 38 39 40 41 44 45 48 49 51 54 55 56 65 66 67 70 71 72 73 74 76 77 78 79 80 81 82 83 84 88 90 93 94 98 99 100
fiery 7 10 12 13 14 20 21 23 24 27 28 31 35 38 39 40 41 42 43 44 45 48 49 51 52 55 56 57 59 60 65 71 72 73 77 78 79 80 84 85 93 94 98 99
fieri 49
fiend 1 4 6 9 10 13 14 17 20 23 24 26 27 29 30 31 37 38 40 41 43 46 54 65 72 74 76 78 79 84 85 90
field 3 4 5 6 7 8 9 10 11 12 13 14 15 16 18 19 20 21 22 23 26 27 28 29 30 31 32 33 34 35 37 38 39 40 41 42 43 44 45 46 47 48 49 51 52 54 55 56 57 60 61 62 63 64 65 66 68 69 70 71 72 73 74 76 77 78 79 81 82 83 84 85 86 88 89 90 93 94
fifer 77 78
fifes 4 77 82
fihst 39
frapp 18
frank 10 12 14 16 17 18 19 21 23 27 29 32 34 36 39 40 41 42 43 44 46 49 50 51 54 55 56 61 66 68 70 71 72 74 75 77 78 79 83 84 85 90 92 93 94
figui 53
franc 12 55 79
figue 53
figur 49 63
franz 10 39 41 55 59 79 94
frame 1 3 4 6 10 11 12 13 14 15 16 18 19 21 22 23 24 26 27 28 29 30 32 37 38 39 40 41 42 43 44 45 46 47 48 49 51 52 54 55 56 57 59 60 65 68 69 70 71 72 73 74 76 77 78 79 80 81 83 84 85 88 90 92 93 94 97
fraid 4 27 69 70
frail 10 12 13 27 34 37 39 40 41 42 47 49 51 55 61 65 68 69 71 72 74 77 79 84 90 92 93 94
frais 12
figli 49
frage 63
figne 55
fighi 53
fight 2 3 4 5 6 7 8 9 10 11 12 13 14 15 16 17 18 20 21 22 23 26 27 28 30 31 32 33 34 35 36 37 38 39 40 41 43 44 45 46 47 48 49 50 51 52 53 55 56 57 58 60 61 65 66 67 69 70 71 72 73 74 76 77 78 79 80 81 82 83 84 85 88 89 90 92 94 96 97 98 99
frays 77
fray. 77
frate 55
frati 53
fraus 92
fraud 7 12 13 14 16 21 22 27 29 32 36 39 41 45 49 51 55 60 65 68 69 70 71 73 74 76 77 78 80 81 88 89 90 92 97
freer 7 10 26 27 28 39 40 41 45 46 55 72 85 93
frees 39 46 55 65 77
frege 63
free. 38 39 71 77
freed 10 12 14 16 17 18 20 21 22 23 26 33 36 37 38 39 40 41 42 43 45 49 51 53 55 57 59 61 65 68 71 73 74 76 77 79 80 81 88 90 92 94
fredo 53
freak 4 10 12 14 16 21 39 41 42 55 56 66 68 77 83 85 92 94
frece 53
fiium 49
fro’h 72
filth 2 4 12 13 14 22 26 27 28 32 33 35 37 41 42 45 49 53 55 59 65 68 73 78 79 81 82 88 91 92 93
fix’d 49 65
frets 5 46 49 72 77
freta 49
frere 55 71 94
fresh 4 5 6 7 9 10 11 12 13 14 16 18 19 20 21 22 23 24 26 27 28 29 30 31 32 33 34 35 36 37 38 39 40 41 42 43 44 46 47 48 49 51 52 53 54 55 56 57 58 59 60 61 62 65 66 67 68 69 70 71 72 73 74 76 77 78 79 80 81 82 83 84 85 88 89 90 92 93 94 95 96 99 100
frend 55
frena 49
filli 53
filly 52 55
fills 3 4 12 14 16 21 22 23 27 28 30 32 39 43 44 45 49 50 51 55 63 64 65 66 74 77 78 79 80 89 90
films 67 86
filmy 17 18 39 44 56 84
filka 37
filii 55
filia 49
filip 55
filed 10 12 13 14 18 21 31 40 46 47 55 68 69 70 71 77 81 94
filez 39
files 1 2 3 4 5 6 7 8 9 10 11 12 13 14 15 16 17 18 19 20 21 22 23 24 25 26 27 28 29 30 31 32 33 34 35 36 37 38 39 40 41 42 43 44 45 46 47 48 49 50 51 52 53 54 55 56 57 58 59 60 61 63 64 65 66 67 68 69 70 71 72 73 74 75 76 77 78 79 80 81 82 83 84 85 86 87 88 89 90 91 92 93 94 95 96 97 98 99 100
freza 53
freze 53
filch 12 31 41
filce 53
filby 47
frind 91
fiori 53
frill 14 21 37 39 41 42 51 56 68 71 76 78 94
fiory 53
fries 65
fiome 53
fiona 51
frich 39
fried 6 10 12 16 28 41 51 55 62 67 68 69 70 71 76 77 98 99
friar 7 40 53 55 69 71 77 79 80 82 98
finde 45
finds 3 4 5 7 10 11 12 13 14 15 16 19 21 22 23 26 27 28 29 31 32 34 35 37 39 40 41 43 44 45 49 50 51 53 55 56 58 60 64 65 68 69 70 71 72 73 74 75 76 77 78 79 80 82 83 84 85 87 88 89 90 92 93 94 95 96 97
fined 13 49 55 66 79 91 93
finer 5 6 10 11 14 21 22 23 26 27 28 29 32 35 38 40 44 49 50 51 53 55 57 63 71 72 73 77 78 79 80 83 84 85 89 92 100
fines 7 13 39 45 83
finem 45 49 98
find. 71
fine. 21
finch 12 14 85
final 5 7 8 10 11 12 13 14 15 16 17 19 20 21 22 26 27 28 29 30 31 32 34 35 37 39 40 41 42 43 44 45 46 48 49 50 51 55 56 57 59 63 65 66 67 68 69 71 72 73 74 76 77 78 79 80 81 82 84 85 89 90 92 94 96 98
finti 49
finny 40 55
finns 20 21
finly 91
finib 49
finis 12 16 45 46 49 55 79 97 98 99
frith 81
fritz 21 55 94
frisk 26 28 55 66 78
frise 39
fiske 83
fishy 14 22 40 55 71 79
fish. 71 80
fists 8 12 13 17 18 21 22 23 26 27 31 32 34 35 37 39 40 41 42 47 49 55 59 67 69 70 71 72 77 79 81 94
firme 45 77 91
firma 12 28 40 49 53 60 77 79
firms 13 71 79
firmo 49
firin 94
fired 5 6 12 13 14 15 17 18 23 27 28 31 33 37 39 40 41 43 44 46 48 49 51 53 55 57 60 65 67 68 69 71 74 76 77 78 79 81 82 83 84 86 88 90 91 94 99
fires 4 6 8 9 10 12 13 14 16 18 20 22 23 26 27 28 30 31 33 37 38 39 40 41 42 43 44 45 46 48 49 51 53 54 55 57 65 68 71 72 73 76 78 79 81 83 86 88 91 93 94
fire. 27 71 72 74
firza 53
firry 56
first 1 2 3 4 5 6 7 8 9 10 11 12 13 14 15 16 17 18 19 20 21 22 23 25 26 27 28 29 30 31 32 33 34 35 36 37 38 39 40 41 42 43 44 45 46 47 48 49 50 51 52 53 54 55 56 57 58 59 60 61 62 63 64 65 66 67 68 69 70 71 72 73 74 75 76 77 78 79 80 81 82 83 84 85 86 87 88 89 90 91 92 93 94 95 96 97 98 99 100
frola 39
from. 38 71
frome 53 57
fiunt 49
frogs 5 12 26 28 33 38 40 45 48 55 56 65 66 67 69 70 73 74 76 77 79 80 90 99
froid 12 19 23
fiume 53 65
frock 10 12 14 17 21 23 28 29 31 34 37 38 39 40 41 42 43 44 46 48 50 52 55 61 66 68 69 70 71 72 76 77 78 79 84 91 94
froda 20
froze 10 12 13 14 27 28 30 37 39 40 46 49 51 54 59 70 78 79 93
five. 38 71
frown 6 10 12 13 14 16 23 27 31 37 39 46 49 54 55 57 65 66 67 68 71 72 76 78 79 85 94 100
frows 55
froth 4 8 12 18 43 44 48 49 55 60 73 84 94
frost 6 10 11 12 13 14 16 19 20 21 22 23 26 28 29 30 32 35 37 39 40 41 49 54 56 58 69 71 72 74 76 78 79 85 90 93 94 100
frons 55
front 1 3 4 5 6 7 9 10 11 12 13 14 16 17 18 19 20 21 22 23 25 26 27 28 29 30 31 32 33 34 35 36 37 38 39 40 41 42 43 44 46 47 48 49 50 51 52 53 54 55 56 57 58 59 60 61 62 63 65 66 67 68 69 70 71 72 73 76 77 78 79 80 83 84 85 86 88 91 92 93 94 95 96 100
fits. 38
fitly 9 10 20 40 45 49 55 77 80 94
fry’s 55
fitts 20
fixin 46
fixes 6 12 15 40 49 55 63 65 71 77 78 80 91 92
fixed 1 3 4 5 6 7 9 10 11 12 13 14 15 16 17 18 19 20 21 22 23 26 27 28 29 30 31 32 33 34 35 37 38 39 40 41 42 43 44 45 46 47 48 49 51 52 53 55 56 57 58 59 60 63 65 66 67 68 69 70 71 72 73 74 75 76 77 78 79 80 81 82 83 84 85 88 89 90 91 92 93 94 95 96 97 98
fiver 21 50
fives 13 55 71 77 79
faced 1 4 5 6 10 11 12 13 14 17 18 21 23 26 27 28 29 30 31 33 34 37 38 39 40 41 42 43 44 45 46 47 48 49 51 52 53 54 55 56 57 60 65 66 67 68 69 70 71 72 76 77 78 79 81 88 93 94
faceu 53
facem 49
faces 1 3 4 5 6 7 8 10 11 12 13 14 16 17 18 19 20 21 22 23 24 26 27 29 31 33 34 35 37 38 39 40 41 42 43 44 45 46 47 48 49 50 51 52 53 54 55 56 57 60 61 64 65 66 67 68 69 70 71 72 73 74 76 77 78 79 80 81 82 83 84 85 88 90 92 93 94 99 100
facet 21 47 48 67
fruto 53
face. 38 71
frump 55
fruit 1 4 5 7 8 10 11 12 13 14 16 17 18 19 22 23 24 26 27 28 32 33 34 35 38 39 40 41 42 43 44 45 46 47 49 50 51 52 53 55 56 59 60 61 62 64 65 66 67 68 69 71 72 73 75 76 77 78 79 80 81 82 85 86 88 92 93 94 96 97 98 99 100
facto 46 49 51 53 84 97
facts 4 10 11 12 13 15 16 19 21 23 26 27 28 29 30 31 32 34 37 39 40 41 43 45 46 48 49 51 52 53 55 56 57 63 65 68 69 70 71 72 73 74 75 76 77 78 79 80 81 83 84 85 88 89 90 91 92 94 95 96
fact. 71
facte 53
facti 49 53 55
facta 12 49 53 92
facon 80
facio 88 98
facie 45 49 55 89
facis 49
facit 12 49 97 98
faber 49 94
fabre 12
fabri 12 53
fable 6 10 12 28 32 39 40 41 45 46 49 55 65 66 71 77 79 80 83 84 88 92 94 98
faddy 21
faded 1 4 9 10 12 13 14 18 19 21 23 25 26 27 29 31 33 34 37 39 40 41 42 43 46 47 48 49 51 54 55 56 57 61 65 66 67 68 69 71 72 74 76 78 79 84 85 90 93 94
fades 22 24 27 31 35 40 55 64 65 71 78 80
fagon 12
fagot 12 26 40
fagin 68
far’s 6
fagan 55
fryer 91 98
fairs 12 33 41 49 83 85
faire 13 18 39 55 80 89 92 98
fairy 1 3 5 10 12 13 14 16 17 27 28 29 36 37 38 39 40 41 43 44 51 55 56 61 66 69 71 72 74 76 78 79 84 85 90 92 94
faite 12 49
fair. 38
faint 1 3 4 5 6 9 10 11 12 13 14 16 17 18 19 20 21 22 23 25 26 27 28 29 30 31 32 33 37 39 40 41 42 43 44 46 47 48 49 51 52 54 55 56 57 59 60 64 65 67 68 69 70 71 72 73 74 76 77 78 79 80 81 84 85 88 90 93 94 99 100
faile 45
fails 1 7 10 12 15 16 20 22 26 27 28 30 37 39 46 49 51 53 54 56 65 66 68 73 77 78 79 80 82 83 84 89 91 94 95 97 98
faiwy 39
faits 55
faith 1 4 5 6 7 9 10 12 13 14 15 16 17 18 19 20 21 22 23 25 26 27 28 29 30 31 32 34 35 36 37 38 39 40 41 42 43 45 46 49 50 51 52 53 54 55 56 57 58 60 64 65 66 67 69 70 71 72 73 74 76 77 78 79 80 81 82 83 84 85 88 89 90 92 93 94 97 98
faict 49
fakir 12 46
faked 6 55
fakes 13
fanes 65
fay’s 9 67
fango 53
fangs 1 4 8 12 14 17 21 27 30 32 40 43 55 68 72 74 84 90
fancy 1 3 4 5 6 10 11 12 13 14 15 16 17 18 19 21 22 23 25 26 27 28 29 31 33 34 36 37 38 39 40 41 42 43 44 45 46 47 48 49 50 51 52 53 54 55 56 57 59 60 61 62 63 65 66 68 69 70 71 72 73 74 75 76 77 78 79 80 81 82 83 84 85 88 89 90 92 93 94 95 97
fando 77
fanda 49
falsa 49
falso 53
false 4 7 8 9 10 11 12 13 14 15 16 18 19 21 22 23 24 25 26 27 28 29 31 32 33 34 35 36 37 38 39 40 41 42 43 44 45 46 49 51 53 55 57 61 63 65 66 67 68 69 70 71 72 73 74 75 76 77 78 79 80 81 82 83 84 85 86 88 89 90 92 93 94 95 97 100
falle 63
falli 49
falls 4 5 7 10 11 12 13 14 16 17 19 20 21 22 23 26 27 28 32 33 35 36 37 38 39 40 41 42 44 45 46 48 49 51 53 54 55 57 60 61 63 64 65 66 67 68 69 71 72 73 76 77 78 79 80 81 82 83 84 88 89 92 94 95 97 98
fallo 49
famed 12 20 22 23 26 38 39 40 42 49 52 65 74 77 78 84 90
famam 49
famae 49
fanny 4 14 19 27 44 51 55 72 79
fanno 53
fared 4 9 12 13 20 22 30 34 37 38 40 41 49 51 55 56 60 66 69 71 76 77 79 82 84 85 88 94 99
fareb 53
farax 53
farbe 63
farce 10 12 23 31 37 41 49 51 66 77 78 79 92
farts 44 55
farre 45 49 53 98
farsi 63
farst 55
farne 53
farol 53
farls 55
farli 53
farly 27
farms 4 10 12 21 22 27 28 32 34 39 49 51 52 61 69 70 76 79 83
farm. 79
faria 53 79
faren 9
fares 13 20 23 37 40 48 49 50 57 58 65 79
farer 20
fates 10 12 19 26 27 28 40 41 43 49 55 65 77 80 84
fater 62
fate. 39
fated 10 12 13 17 20 22 31 34 38 39 40 41 48 49 51 53 55 57 65 71 72 74 77 78 79 80 84 85 90
fatal 1 5 6 7 10 12 13 14 15 16 17 20 21 23 26 27 28 29 30 32 34 37 39 40 41 43 44 46 49 50 51 53 54 55 56 60 65 66 68 69 71 73 74 76 77 78 79 80 81 82 83 84 85 89 90 92 94 95 97 98
fatch 70
fatti 49
fatty 14 39
fatto 53 55
fatui 45 79
fatua 49
fatum 49
fatur 49
fatly 78
fatis 12 49
fatiq 53
fasts 12 14 35 41 49 65 85 92
fast. 38 71
fasse 63
favor 1 4 5 12 13 15 18 20 27 28 29 30 32 33 39 41 50 51 52 53 56 61 65 69 70 77 79 80 83 84 85 94 99
faugh 10 33 46 55 68 79
fauce 49
faute 9 12 44
faure 55
faust 12 13 41 80 92
fauna 12 55 92
fauns 28 77 82
faune 23
fauni 49
fault 4 6 7 9 10 11 12 13 14 15 16 17 19 21 22 23 26 27 28 29 30 31 32 33 34 35 36 37 38 39 40 41 42 43 44 45 46 49 50 51 54 55 56 57 58 60 65 67 68 69 70 71 72 73 76 77 78 79 80 81 82 83 84 85 88 89 92 94 97 100
fayal 53
fawns 12 65 80
fayre 45 53
fayne 53
flare 5 12 14 18 21 41 47 55 76 78 86 96
flask 12 14 18 27 38 39 40 41 43 46 48 67 71 77 78 79 94
flash 1 4 5 6 10 12 13 14 17 18 21 23 26 27 28 29 30 31 32 33 35 37 39 40 41 43 44 46 47 48 49 50 51 52 53 54 55 56 57 58 60 65 66 67 68 69 70 71 72 74 76 77 78 79 84 88 90 94 95
flaps 12 34 39 55 56 71 73 76
flamy 65
flams 49
flann 70
flank 7 12 30 33 34 39 40 43 49 55 59 65 67 83 94
flang 9
flaky 18 40 65 69
flame 3 4 8 9 10 12 13 14 16 18 20 21 22 23 24 26 27 28 29 30 31 33 34 35 37 38 39 40 41 42 43 45 46 47 48 49 51 54 55 56 57 60 64 65 66 68 69 71 72 73 74 76 77 78 79 81 83 84 85 86 88 90 93 94 98 100
flair 55
flake 12 23 40 66 85
flags 5 10 12 13 14 21 28 34 39 40 46 47 48 49 54 55 60 67 72 77 78 79 83 84 89 92
flahr 50
flail 17 39 40 52 73 79
flaws 22 27 55 66 69 70 71 77 86
flats 12 13 14 37 41 46 48 54 55 57 71 86
fleix 49
fleet 6 9 10 12 14 15 21 22 23 27 28 31 39 40 42 43 46 48 49 51 53 55 60 65 71 73 76 77 78 80 81 82 83 94
flees 12 20 26 49 55 72 77 80 92
fleck 23 39 57 63 78
fleas 12 13 22 33 39 49 55 77 91
flea. 65
f.s.a 65
fleur 12 79
flere 49
flesh 1 2 4 5 6 8 9 10 12 13 16 18 20 21 22 23 25 26 27 28 30 31 32 33 34 35 36 37 38 39 40 41 42 43 44 45 46 47 48 49 50 51 52 53 54 55 56 59 60 61 62 64 65 67 68 69 70 71 72 73 74 77 78 79 80 81 82 83 84 85 88 89 90 92 93 94 96 97 98 99
f.r.s 54 63 78
