filmer 97
furyes 45
frocks 5 10 12 14 23 39 40 55 61 68 69 70 71 78 79 94
femine 53
femina 53 73
fancie 45
filium 12 98
filius 49 55 84
furtim 49
filial 10 11 12 18 21 39 40 41 49 60 65 69 71 72 74 78 79 80 83 85 90 94 97
frog’s 8
filiis 49
filing 10 13 14 30 40 55 69 71 76 78
filipo 53
filled 1 3 4 5 6 7 9 10 11 12 13 14 15 16 17 18 19 20 21 22 23 24 26 27 28 29 30 31 32 33 34 35 37 38 39 40 41 42 43 44 45 46 47 48 49 51 52 53 54 55 56 57 58 59 60 61 63 64 65 66 67 68 69 70 71 72 73 74 75 76 77 78 79 80 81 82 83 84 85 86 88 89 90 91 92 93 94 97 99 100
filles 12 41
fillet 55
fillin 5 27
fillip 10 12 44 49 69
filers 40
fickle 7 13 19 27 38 41 49 55 56 69 71 77 78
fickly 26
female 1 2 4 8 10 11 12 14 15 16 17 19 20 22 26 27 28 32 34 35 37 39 40 41 44 45 47 49 50 51 52 53 55 56 57 60 62 65 67 68 69 71 72 73 74 75 76 77 78 79 80 81 83 84 85 88 90 92 94 97
fursey 55
furrin 70
furred 9 10 14 30 40 49 71 72 73
furrow 3 12 13 22 23 28 39 40 49 51 55 65 76 77
fill’d 65
fuisti 49
fuisse 98
foster 4 7 9 10 12 26 40 41 44 49 51 53 55 70 72 74 79 80 81 83 88 90 97
fwiend 39
furled 22 40 53 55 79
feutre 9
feuter 9
fossil 12 28 31 40 47 71 78
favour 6 7 9 10 11 14 15 16 17 19 21 22 23 26 31 34 36 37 38 40 42 43 44 45 46 49 54 55 56 57 59 60 63 65 67 68 71 72 73 74 75 76 77 78 80 81 82 83 88 89 90 92 93 95 96 98
furori 97
favors 4 12 13 15 20 27 30 32 39 41 51 61 79 94
furono 53
furore 7 41 49
fichte 39 92
fichue 55
fichus 12
ficial 41
fidges 6
fidget 10 11 16 37 56 70 71 76
fideli 53
frothy 26 48 67 73 78 85 94
froths 8 12 92
fawnes 45
froude 22 51
fawned 12 14 22 30 37 40 41 46 71
frosts 6 10 19 28 39 40 49 52 56 65 74 77 90
frosty 6 10 14 21 22 27 28 30 39 40 41 48 52 55 56 57 67 71 72 74 76 78 90 93 94
feeble 3 4 6 9 10 12 13 14 16 17 19 21 22 26 27 28 29 31 32 34 37 38 39 40 41 42 43 44 45 46 47 48 49 50 55 59 64 65 68 69 71 72 74 76 77 78 79 80 82 83 84 85 90 92 93 94 99 100
feebly 3 4 6 10 12 13 14 16 18 19 20 27 28 30 31 34 37 39 40 41 42 44 46 48 49 51 55 56 65 67 68 69 71 72 74 76 78 79 84 85 90 93
fannia 49
fronds 28 48 55
fanned 3 12 13 18 20 30 32 38 39 44 55 66 67 71 74 76 88 90 94
fanner 51 58
front. 38
fronte 49 53
fronts 12 21 28 31 37 40 41 49 54 55 57 60 68 71 76 78 84 93
fromes 57
fusion 12 18 79 80 84
fiddle 1 6 13 27 34 38 40 41 55 68 70 71 72 78 84 94
fawkes 10 71
fusine 53
fuscus 12
flying 3 4 5 6 8 9 10 11 12 13 14 16 17 20 21 22 23 26 27 28 30 31 32 33 34 35 36 37 38 39 40 41 42 43 44 45 46 47 48 49 51 52 53 54 55 56 57 58 59 60 61 65 66 68 69 70 71 72 73 74 76 77 78 79 80 81 82 84 88 89 90 92 94 99 100
fuseli 84
frolic 13 38 39 40 44 49 52 55 56 66 69 94
fusees 60
flyers 13 83
flyeth 45
fevers 7 12 26 40 41 45 48 49 56 60 65 68 71 72 92
femmes 10 39 41 55
fanged 30 33 40
fyrdne 20
foteen 70
fusaro 79
froggy 55
faenza 7 12
filter 12 55 79 86
filthy 4 6 10 12 13 21 22 26 27 37 38 39 41 42 46 48 49 50 53 55 56 60 68 71 73 74 76 77 78 79 83 85 88 90 94 99
filths 88
freddo 49
freddy 32 42 50 55
fitela 20
fren’s 13
flocks 12 16 22 24 26 28 37 38 45 49 57 64 65 77 78 79 80 84 88 94 97
fadest 40
fadeth 20 27
flogee 44
foamed 12 31 35 72 79 82 84 85 88
foamin 40
freges 63
fibres 6 12 23 40 55 65 74 75 78 79 84 90
fjords 55
freely 1 2 3 4 5 6 7 8 9 10 11 12 13 14 15 16 17 18 19 20 21 22 23 24 25 26 27 28 29 30 31 32 33 34 35 36 37 38 39 40 41 42 43 44 45 46 47 48 49 50 51 52 53 54 55 56 57 58 59 60 61 63 64 65 66 67 68 69 70 71 72 73 74 75 76 77 78 79 80 81 82 83 84 85 86 87 88 89 90 91 92 93 94 95 96 97 98 99 100
floeys 55
freest 28 64 89
foaled 40 76
freeze 4 12 13 16 19 22 24 26 28 38 40 41 43 54 55 58 64 65 71 77 86
freezn 70
fitful 10 14 17 39 40 48 51 57 71 76 78 80 84 85 90
fame’s 77
fautor 49
fauted 9
fell’s 32
fell’d 65
flock. 21
freaks 4 10 12 16 39 43 65 77 79 84 85 88 94
floats 12 13 22 28 40 49 55 65 70 77 80 81 84 85
foam’d 65
fortun 14 49 68 71
faunus 49
fetter 4 10 12 13 14 26 27 41 49 55 64 73 74 77 89 90
fauore 53
forth. 38
fortem 53
forten 51
fortes 49
fortey 91
fortin 68 91
fortis 49 73
fecero 53
fecere 49
feceno 53
feceli 53
fecemi 53
forono 53
falser 14
falsch 63
faulty 11 12 19 40 45 49 51 53 73 74 77 80 83 86 88 90 94
faults 10 11 12 14 15 16 19 21 23 26 27 28 32 39 41 42 44 45 46 49 54 55 56 65 66 68 69 71 72 73 74 75 76 77 78 79 80 81 82 83 85 88 89 90 92 94 97
forsan 98
faunal 55
falter 4 5 8 10 46 71 76 77 78 80 94
fibers 33
falsum 12
falsus 49
forrad 5
falsly 45
forres 10
falsis 49
floury 10 27 42 47 94
flouts 20 40
famoso 98
favila 77
furias 49
famous 2 4 6 7 8 9 10 12 13 14 16 17 19 20 21 22 23 26 27 28 31 33 34 35 37 38 39 40 41 42 43 44 45 49 51 52 53 54 55 56 60 65 66 67 68 69 71 72 73 76 77 78 79 80 82 83 85 88 92 94 98 100
furiis 49
furies 5 12 13 39 44 45 49 60 65 74 76 90
frever 78
fretta 70
fretus 98
freude 41
furius 49
flower 3 5 6 9 10 12 13 14 16 17 18 19 20 22 23 24 27 28 30 31 33 34 35 37 38 39 40 41 44 46 47 48 49 50 51 52 55 56 61 62 64 65 66 67 68 69 70 71 72 74 75 76 77 78 79 80 82 84 85 88 90 92 94 100
flowed 1 4 6 10 11 12 16 19 22 23 24 26 27 28 31 35 37 38 39 40 41 43 44 47 48 49 51 53 55 57 59 60 67 69 71 72 74 76 77 79 81 84 85 88 90 91 94 100
floral 12 47 55 56 79 85
flores 49
florem 84
floppy 39
furder 27 69 70 71 78 91
ficada 53
fresco 16 28 46
fresno 21
ficano 53
fitten 69 70
fitted 3 4 5 6 9 10 11 12 13 14 16 17 18 19 21 22 27 28 31 32 33 36 37 38 39 40 41 43 44 45 46 47 49 51 53 54 55 56 57 59 60 61 65 66 68 69 71 72 73 74 76 77 78 79 80 81 83 84 85 88 89 90 91 94 97
fitter 45 46 49 55 73 74 77 83 84 85 88 89 90 97
ficati 53
ficato 53
fretan 20
fitton 55
floris 9
florid 12 13 21 23 25 34 42 49 54 55 67 71 73 76 84 85 92
furens 49
florin 42 55
florio 7 49
furent 49
florry 55
florus 49
felted 39
fellow 1 3 4 5 6 7 8 9 10 11 12 13 14 15 16 17 18 19 20 21 22 23 26 27 28 29 30 31 32 33 34 35 36 37 38 39 40 41 42 43 44 45 46 47 48 49 50 51 52 54 55 56 57 58 60 61 65 66 67 68 69 70 71 72 73 74 75 76 77 78 79 80 81 82 83 84 85 86 88 89 90 91 92 93 94 97 98 99 100
flow’d 65
floods 10 12 13 20 27 39 40 44 46 48 55 57 65 69 79 84 88 92
famine 2 10 12 13 22 28 30 37 38 39 40 45 46 49 52 53 55 65 68 71 73 74 76 77 78 79 81 82 87 88 90 96 98 99
felons 14 68 70 76 77 79 83 84
felony 14 21 43 45 55 68 71 72 79
frenzy 6 10 12 13 14 17 21 22 26 27 30 31 37 39 40 41 42 44 47 49 51 54 55 56 59 65 66 69 71 72 74 76 79 80 84 88 90
family 1 2 3 4 5 6 7 9 10 11 12 13 14 15 16 17 18 19 20 21 22 23 26 27 28 29 30 31 32 33 34 35 36 37 38 39 40 41 42 43 44 45 46 47 49 50 51 52 53 54 55 56 57 58 59 60 61 62 65 66 67 68 69 70 71 72 73 74 75 76 77 78 79 80 81 82 83 84 85 88 89 90 91 92 93 94 95 96 97 99 100
fecund 12 31 55
floor. 71
floors 12 13 14 17 18 34 36 37 39 40 53 62 65 68 70 71 73 76 77 78 79 81 84 93
furl’d 65
french 1 2 3 5 6 7 9 10 11 12 13 14 15 16 18 20 21 23 26 27 28 29 30 31 34 37 39 40 41 42 43 44 45 46 48 49 50 51 53 54 55 56 59 60 62 63 65 66 67 68 70 71 72 73 74 75 76 77 78 79 80 81 82 83 84 89 90 91 92 93 94 95 96 97 98 99 100
famish 92
felice 79
felici 53
fambly 55 70
felipe 53
feline 12 18 40 55 78
fecoro 53
felt’s 85
fading 1 3 5 10 12 13 14 18 23 27 29 30 31 35 37 39 40 42 43 44 45 46 48 51 55 56 67 68 71 72 77 78 79 80 83 85 92
frejus 83
feudal 1 12 27 42 65 67 76 78 79 80 84 96
felled 4 6 9 14 15 20 27 28 38 40 41 48 60 68 69 73 77 78 96 97
feller 13 27 39 46 68 69
fellas 67
fulget 49
fulgor 49
fulgid 65
fulgur 49
fulham 42 43 48
fulfil 4 9 10 11 12 19 20 21 22 28 32 34 37 42 49 53 60 63 64 65 72 74 77 78 79 80 84 88 89 90 95
fintan 55
fagots 12 28 72 76
flinty 10 32 40 48 53 65 72 76 77 78
flints 4 8 12 14 39 40 73 76 79 83 94 99
fovent 49
fucker 44 55
fucked 44 55
flirts 32 75 94
fierce 1 4 5 6 9 10 12 13 14 17 18 20 21 22 23 25 26 27 29 30 31 33 34 38 39 40 41 42 43 44 46 47 48 49 51 53 55 57 60 61 65 67 68 69 71 72 73 74 76 77 78 79 80 84 85 90 94 98 100
finlay 42
fagend 55
foment 39 49 81
fucero 53
flimsy 13 48 49 52 55 77 83
faggot 49 55 78 92
finnen 10
flinch 12 17 31 37 41 42 44 46 69 71 80
flings 12 13 22 33 38 39 41 50 65 72 77 78
fagged 10 16 20 21 39 40 55 69 70 71 76 79
flimen 84
flight 4 5 6 7 9 10 11 12 13 14 16 17 18 20 21 22 23 26 27 28 29 30 31 32 33 34 37 38 39 40 41 42 43 44 45 47 48 49 51 52 53 54 55 56 57 59 60 61 64 65 67 68 69 71 72 73 74 75 76 77 78 79 81 82 83 84 85 90 91 92 93 94 100
fiend. 72
fiends 1 4 6 9 12 13 20 29 32 39 40 43 46 55 65 72 79 84 85 98
fienno 53
finger 1 3 4 5 6 8 9 10 12 13 14 16 17 18 19 20 21 23 26 27 28 29 31 32 33 34 35 36 37 38 39 40 41 42 43 44 45 46 47 48 49 50 53 54 55 57 59 60 62 64 66 67 68 69 70 71 72 73 74 75 76 77 78 79 80 81 82 83 84 85 88 90 92 93 94
finget 73
fingit 49
futuit 49
finire 53
finist 12
finish 3 4 5 6 7 8 9 10 11 12 13 14 16 17 18 19 21 22 23 25 27 28 29 30 31 34 37 38 39 40 41 42 44 45 46 47 48 49 52 53 55 56 57 60 62 65 69 70 71 72 73 74 76 77 78 79 80 82 83 84 87 88 90 93 94 96 98 100
finita 53
finite 12 26 39 40 45 46 49 55 63 80 84 88 95
finito 53
finium 49
futura 49
futuri 49
future 1 2 3 4 5 6 7 8 9 10 11 12 13 14 15 16 17 18 19 20 21 22 23 24 25 26 27 28 29 30 31 32 33 34 35 36 37 38 39 40 41 42 43 44 45 46 47 48 49 50 51 52 53 54 55 56 57 58 59 60 61 62 63 64 65 66 67 68 69 70 71 72 73 74 75 76 77 78 79 80 81 82 83 84 85 86 87 88 89 90 91 92 93 94 95 96 97 98 99 100
futuam 49
fodiat 49
fining 82 89
flames 4 8 10 12 13 14 18 21 22 26 28 30 31 33 34 37 38 39 40 41 42 46 47 48 49 50 52 55 56 61 65 68 71 72 73 74 76 77 78 79 80 81 82 83 84 85 90 94
flamel 79
flamed 9 10 12 18 20 23 29 33 39 41 46 48 51 65 69 76
flakey 34
flaked 40
flakes 10 12 13 14 16 27 28 38 39 40 41 42 46 47 48 55 66 71 72 77 78 79 81 82 84 85
flanks 7 30 31 39 40 49 53 55 57 76 77 83
friars 1 12 45 49 53 55 77 93 98
flamma 49 97
friant 12 39
flange 46 55
fulton 4
flaggy 65
flagon 40 55 84 88
fulvia 49
fulvie 49
foedis 49
fulvum 49
flails 52
fayled 45
feorme 20
fuller 5 9 12 16 22 26 27 29 34 39 40 41 44 45 46 49 50 51 53 55 57 64 71 73 77 78 80 81 83 84 88 89 94
fulled 56
finxit 49 73
flabby 10 12 13 14 31 35 37 39 55 67 70 71 78 85
f’them 50
faguey 68
fulmen 45
foudre 12
folked 14
folios 11 12 40 53 71 73 77 85
fewest 28 39 41 45 49 60 68 73 80 81
fouder 91
fought 4 6 7 8 9 10 12 13 14 15 17 20 21 22 23 26 27 28 29 30 31 33 35 36 37 39 40 41 42 44 45 46 48 49 51 53 55 56 58 60 61 65 66 67 68 69 70 71 72 73 74 76 77 79 80 81 82 85 88 89 90 93 96 97
fennel 12 49 55 70
foller 4 14 69
follem 49
follow 1 2 3 4 5 6 7 8 9 10 11 12 13 14 15 16 17 18 19 20 21 22 23 24 25 26 27 28 29 30 31 32 33 34 35 36 37 38 39 40 41 42 43 44 45 46 47 48 49 50 51 52 53 54 55 56 57 58 59 60 61 63 64 65 66 67 68 69 70 71 72 73 74 75 76 77 78 79 80 81 82 83 84 85 86 87 88 89 90 91 92 93 94 95 96 97 98 99 100
feelin 27
feeley 27
feeles 45
feeler 28 69
folger 40 83
folges 63
folgen 63
folies 92
foliis 12
fenius 55
fafiot 12
fustic 60
fochel 18
fussin 27
fussed 39 41 94
fenced 13 14 16 22 27 28 35 37 40 48 49 51 60 65 71 73 78
fencer 39 49
fences 13 27 28 37 39 41 48 49 51 52 56 61 65 69 70 76 91 97
frozen 6 8 10 12 13 16 18 26 27 28 29 30 32 36 38 39 40 41 49 50 55 56 57 58 60 65 67 68 71 72 73 74 76 77 78 79 84 85 88 90 93 96 99
folard 12
fustas 53
folder 12 40 84
folded 1 3 4 5 6 10 11 12 13 14 16 17 18 19 21 22 23 26 27 29 31 35 37 39 40 41 43 44 45 46 48 49 51 55 56 57 65 68 69 70 71 72 73 76 77 78 79 84 88 93 94 98
fendin 27
fended 27 70
fender 3 10 11 12 14 17 42 44 50 54 55 67 68 71 72 78 94
fenesi 53
focine 53
focile 77
feedin 46
feeder 28 40 49 52 77 80
frount 91
frough 72
frousy 93
froute 91
folk’s 10
frowns 10 12 18 31 41 51 55 65 71 74 79 85 90 94 99
frowzy 14 70
frowsy 27 55 68 78
focemo 53
feegee 40
focero 53
finn’s 55 69
faoucq 12
finbad 55
finely 4 6 10 12 13 14 20 21 23 27 28 30 32 38 39 43 44 49 55 65 73 77 78 79 81 83 84 86 91 94
finery 11 12 16 37 41 42 55 69 71 73 77 85 92 94
finest 1 5 7 10 11 12 13 14 16 17 18 19 20 21 22 23 26 27 28 29 32 33 34 38 39 40 41 42 44 49 50 51 53 55 65 67 68 69 71 72 73 74 76 77 78 79 80 81 82 84 88 90 92 94 98 99
flieth 26
fliest 65
fields 1 4 5 8 9 10 11 12 13 14 15 16 17 18 21 22 23 24 26 27 28 32 33 34 35 38 39 40 41 43 44 45 46 48 49 51 52 53 55 56 57 58 60 61 62 64 65 67 68 70 71 72 73 74 76 77 78 79 80 81 82 83 84 85 86 88 90 93 94 98 99 100
fodere 78
finden 63
findes 45
finder 12 21 28 55 77
findin 4 5
fodder 12 13 28 32 33 39 55
findon 55
finale 16 27 41 44 55 79
finals 67
finall 45
fours. 31
fourty 45
fourth 1 2 3 4 6 9 10 11 12 13 14 15 16 17 18 19 20 21 22 23 25 26 27 28 29 30 33 34 37 38 39 40 41 42 43 44 45 46 47 48 49 51 53 54 55 56 60 61 65 66 67 68 69 70 71 72 73 76 77 78 79 80 81 82 83 84 85 88 91 94 95 98 99 100
fryers 45
fouler 9 10 46 49 85
fouled 6 9 41 46 84 86
foulke 49
foulon 76
foully 9 20 49 54 88
foma’s 41
frying 3 13 28 37 41 49 55 68 69 70 71 72 76 77 83 93
futile 12 13 14 18 30 31 35 39 47 49 51 55 71 74 79 84 85 90
found. 71
founde 53
founds 49 78 80
founts 71
faiths 51 82
faites 39 55
faiter 9
footer 17 78
footed 9 10 12 14 17 20 22 23 26 27 30 32 33 38 40 41 52 55 60 65 66 67 70 71 72 74 76 77 83 85 88 90 94
frazer 69
funnel 12 31 39 48 49 55 69 71 80 83 84 85 94
farolo 53
frayed 6 12 14 21 37 40 41 43 46 55 68 71 76 78 85
faroff 55
faring 9 14 20 22 23 38 76 81
farina 53
frauds 32 39 45 49 51 55 69 70 80
fraud. 71
fairly 3 4 5 6 10 11 12 13 14 15 16 17 18 19 21 22 23 25 27 28 29 30 31 32 33 34 36 37 39 40 41 42 43 44 46 47 48 49 50 51 54 55 56 57 58 60 61 65 68 69 70 71 72 73 74 77 78 79 80 81 83 84 85 86 88 89 90 92 94 95 97
farley 42 46 55
fairie 40
fairer 4 6 9 10 19 21 26 27 28 38 39 40 44 49 51 65 71 73 74 77 78 80 85 88 90 92 94 98
fuerat 49
fuerit 49 55
farmed 68 78
farmer 3 10 12 13 14 16 23 27 28 34 35 38 39 40 41 43 44 51 52 55 56 58 61 68 70 71 72 73 74 76 77 78 80 81 83 90 94
farmes 45
farers 20
farebe 53
funera 49
fooles 45
fooled 10 13 22 30 39 41 42 46 58 61 66 67 69 70
failte 55
funded 71 79
failin 27
failed 1 4 6 7 9 10 11 12 13 14 15 16 17 18 19 20 21 22 23 26 27 28 29 30 31 32 34 35 37 39 40 41 42 43 44 45 46 47 48 49 51 53 54 55 56 57 58 59 60 61 65 66 67 68 69 70 71 72 73 74 76 77 78 79 80 81 82 83 84 85 89 90 92 93 94 95 96 99
failes 45
failer 55
fained 45
frater 49
fungus 14 25 28 30 55 72 78 84
fratin 77
foolin 27 69
faints 16 39 42 55 65 68 76 80
fraser 43
framed 7 10 12 16 18 21 23 26 27 28 29 43 45 47 48 49 55 56 57 60 65 66 67 69 71 72 73 74 78 79 80 84 88 90 94 97
frames 1 3 5 10 12 14 29 37 39 40 41 44 47 48 49 56 60 71 73 78 79 83 84 91 94
framer 77
faradj 53
farben 63
faraud 12
foot’s 26 55
farces 12 40 49 77
franca 73 79 81 94
france 3 5 7 9 10 12 13 14 15 18 21 23 26 27 28 37 39 40 41 42 45 46 48 49 51 53 55 60 62 65 67 68 70 71 73 74 76 77 78 79 81 82 83 84 85 89 90 91 92 94 96 97 98 100
franck 79
franco 21 53 77
francs 12 31 39 55 79 82 84
francy 55
franks 20 49 55 65 79 81 92
farden 14
farded 49
franzy 70
fransa 53
figure 1 2 3 5 6 9 10 11 12 13 14 16 17 18 19 21 22 23 25 26 27 28 29 30 31 34 37 38 39 40 41 42 43 44 45 46 47 48 49 50 51 52 53 54 55 56 57 60 61 62 63 65 66 67 68 69 70 71 72 73 74 76 77 78 79 80 82 83 84 85 88 89 90 91 92 93 94 95 96
figura 49 53
fluffy 13 18 21 33 39 41 46
foglie 53
foglia 53
fyndne 20
fluent 7 10 27 32 49 55 72 79
feints 6 12 40 71
feinen 63
fergus 9 55
fluido 84
fluids 27 65
ferire 53
ferine 30
fasces 40 49
feriet 49
ferial 55
ferant 9
feigne 45
feigns 12 49
feraci 49
fogged 54
fogive 70
ferdie 67
fogeys 37
fogels 68
farrow 2 55
fartax 77
fogace 53
fripon 12
fuming 18 20 23 34 35 37 41 55 77 78 92
frioul 79
frisco 21 30 55 66 67
frisks 11
frisky 17 27 40 49 55
figaro 53 79
fowler 21
frills 10 12 13 56 70 78 94
frilly 55 56
flayed 9 10 12 22 39 41 49 55 77 80
flaxen 10 14 26 28 34 37 40 41 43 47 48 71 72 76 78
fiords 5
foetae 49
foetid 78
fringe 5 12 14 21 28 33 34 37 42 43 48 55 65 71 78 79 93
foetus 55
frinds 91
flaunt 23 39
fixing 10 11 12 13 14 15 16 19 27 34 37 39 40 43 44 49 51 55 56 57 65 66 67 68 70 71 72 73 74 77 78 79 85 86 88 89 90 92
fumble 12 57 70
frigid 10 12 27 39 40 41 55 65 71 78 79
fifths 2 15 50 55 81 91
fiftie 53
fright 1 3 4 5 10 12 13 14 16 18 19 21 22 26 27 29 31 32 33 34 36 37 38 39 40 41 42 43 44 45 46 47 49 52 55 56 58 60 61 65 66 67 68 69 71 72 73 76 77 78 79 81 82 84 94
fiftly 45
fumade 12
flatly 14 37 39 40 41 49 55 56 68 72
frigus 49
flatus 73
flawed 14 71 78
fixity 10 12 31 39 41
flavin 55
flavor 5 12 13 20 28 39 40 50 56 69 79 83 85
fonder 10 11 13 14 21 39 44 49 65 71 72 73 78 82 94
fondle 44 55 78
friday 11 12 14 16 17 19 21 28 29 32 39 41 42 43 46 47 48 49 51 53 55 56 60 62 67 68 69 70 71 72 76 77 79 83 84 93 94 99
fondly 4 10 12 16 17 18 19 22 27 37 40 44 46 51 55 65 68 71 74 76 77 78 79 80 90 93
fuddle 22
fricot 12
frieze 10 23 25 39 42 55 65 77
flasks 12 40 55 60 79 85
foeman 20 43 56 77
foemen 20 39
fixens 4
friend 1 2 3 4 5 6 7 8 9 10 11 12 13 14 15 16 17 18 19 20 21 22 23 24 25 26 27 28 29 31 32 33 34 35 36 37 38 39 40 41 42 43 44 45 46 47 49 50 51 53 54 55 56 57 58 59 60 61 62 63 64 65 66 67 68 69 70 71 72 73 74 75 76 77 78 79 80 81 82 83 84 85 87 88 89 90 91 92 93 94 95 97 98 99 100
flares 39 78
flared 14 23 29 31 33 35 39 41 46 47 51
friery 55
friers 45 55
foodle 78
fehlen 63
fehler 63
fracti 49
fracto 84
fail’d 65
fool’s 6 10 11 14 22 26 28 37 49 55 72 77 80
fragen 63
figner 39
fare’s 49
figlia 55
figlio 53 55
figlol 53
foxe’s 71
figged 55 77
figgis 55
food’s 5
fazoli 53
fracas 55
fight. 39
fights 12 13 14 20 26 28 30 32 33 39 40 41 43 46 49 52 58 65 67 68 69 70 73 77 78 79 80 82 92
fontem 49
fontis 12
friton 77
figers 91
frivol 55
frusta 49
fatted 28 39 46 47 60 80 99
fatter 5 12 26 33 40 44 53 56 78
fatten 2 13 14 22 26 38 46 51 55 60 65 67 68 80
fianqi 53
faccia 12 65
fatuus 10 45
foible 40 51 55 82
fiscal 39 60 89
flecke 63
flecks 55 59
flecky 27
flecti 49
fledge 5
flebit 12
fish’s 40 55 66
fleers 55
fleets 1 12 15 28 31 40 52 53 55 60 65 77 81
fleeth 14 26 88
ford’s 16
fledst 26
forc’d 28
fleece 5 12 13 22 40 44 51 55 65 79 98
fleecy 4 21 38 39 40 44 55 57 65 72 94
festal 10 28 29 55 75 85 92
frumpy 71
frumps 55
fessus 49
fessor 70 94
flebat 49
faktum 63
fester 39 63
frugal 12 22 28 40 49 55 65 71 76 78 83 94
fathom 6 8 9 10 12 18 21 22 26 28 33 34 39 40 44 46 53 55 71 79 84 98
father 1 3 4 5 6 7 9 10 11 12 13 14 15 16 17 18 19 20 21 22 23 24 26 27 28 29 30 31 32 33 34 35 36 37 38 39 40 41 42 43 44 45 46 49 50 51 52 53 54 55 56 57 59 60 61 62 64 65 66 67 68 69 70 71 72 73 74 75 76 77 78 79 80 81 82 83 84 85 88 89 90 91 92 93 94 97 98 99 100
first. 16 38 71 79
fiacre 12 55
fatima 71 78
fruit. 41
fruits 2 6 11 12 14 18 21 22 23 24 26 27 28 32 35 37 38 39 40 41 43 44 45 47 49 53 55 60 61 65 66 67 73 75 76 77 78 79 80 81 82 83 84 88 89 92 93 97 98
fruiti 12
fatiga 53
fatica 53
fabula 49
fuyant 12 49
fyftie 53
fallow 12 20 22 28 39 44 49 55 65
fallit 49
fallin 27 78
fallen 1 3 4 5 6 7 8 9 10 11 12 13 14 15 16 17 18 19 20 21 22 23 24 26 27 28 29 30 31 32 33 34 35 36 37 38 39 40 41 42 43 44 45 46 47 48 49 51 52 53 54 55 56 57 58 59 60 61 63 64 65 66 67 68 69 70 71 72 73 74 76 77 78 79 80 81 82 83 84 85 88 89 90 92 93 94 98 99 100
fallax 49
format 1 2 3 4 5 6 7 8 9 10 11 12 13 14 15 16 17 18 19 20 21 22 23 24 25 26 27 28 29 30 31 32 33 34 35 36 37 38 39 40 41 42 43 44 45 46 47 48 49 50 51 52 53 54 55 56 57 58 59 60 61 63 64 65 66 67 68 69 70 71 72 73 74 75 76 77 78 79 80 81 82 83 84 85 86 87 88 89 90 91 92 93 94 95 96 97 98 99 100
forman 85
formam 49
formal 1 10 11 12 14 15 16 19 20 22 23 27 28 37 39 40 41 43 46 49 51 60 62 63 65 66 67 68 71 72 73 76 77 78 79 84 85 89 92 94 95
formae 49
forked 12 28 31 40 46 49 57 65 70 74 77 79 81 90
flexed 55
factum 49 97 98
factus 45
facts. 71
factry 70
factor 13 21 26 35 39 42 43 46 51 68 83
factis 49
formes 45 98
former 4 6 7 10 11 12 13 14 15 16 18 19 20 21 23 24 26 27 28 29 30 32 34 35 37 38 39 40 41 42 44 45 46 47 48 49 50 51 52 53 54 55 56 57 59 60 63 65 66 67 68 69 71 72 73 74 76 77 78 79 80 81 82 83 84 85 88 89 90 91 92 93 94 95 96 97 98 99
formen 63
formed 1 4 5 7 9 10 11 12 13 14 15 16 17 18 19 21 23 26 27 28 29 30 34 37 38 39 40 41 42 43 44 45 46 48 49 51 52 53 54 55 56 57 58 60 63 65 67 68 69 71 72 73 74 75 76 77 78 79 80 81 82 83 84 85 88 89 90 91 93 94 95 96
formic 12
foison 55
formio 39
foists 49
fisted 27 51 93
fister 91
fistic 55
foined 9 20
fletus 49
fleshy 28 31 34 37 39 40 41 42 43 44 45 48 55 71 78 79 84 88
faucet 12 13 55
fauces 49 98
foix’s 49
forged 12 14 24 28 30 36 39 40 45 49 65 68 71 72 76 77 92 93 94 96
forget 1 3 4 5 6 7 8 9 10 11 12 13 14 15 16 17 18 19 21 22 23 24 26 27 28 29 31 32 33 34 35 36 37 38 39 40 41 42 43 44 45 46 47 48 49 50 51 54 55 56 57 58 59 60 61 62 63 64 65 66 67 68 69 70 71 72 73 74 75 76 77 78 79 80 81 82 83 84 85 86 88 89 90 92 93 94 95 96 97 99 100
forges 12 40 49 55 65 71
forger 12 21 40 49 55 71 76 79
faucal 84
forgif 94
forgie 10 72
forgiv 71
forgit 14 70
forgot 1 3 4 5 6 8 10 11 12 13 14 16 17 18 19 21 22 23 24 25 26 27 28 30 31 32 33 34 36 37 38 39 40 41 42 43 44 46 48 49 50 51 54 55 56 57 58 59 60 61 65 66 67 68 69 70 71 72 73 74 76 77 78 79 80 81 83 85 88 90 94 96 100
faudel 23
flewed 17
fetish 48
fleury 12 55
fleurs 10 12 23
forded 65 78
forder 91
facito 28 49
falcon 9 10 12 20 22 26 35 39 41 55 65 77
fordid 9
forced 1 2 4 6 7 9 10 11 12 13 14 15 16 17 18 19 20 21 22 23 26 27 28 30 31 32 33 34 35 36 37 38 39 40 41 42 43 44 45 46 48 49 51 53 54 55 56 57 59 60 61 65 66 67 68 69 71 72 73 74 75 76 77 78 79 80 81 82 83 84 88 89 90 92 93 94 95 97 99
forces 7 10 12 13 17 18 20 21 26 27 28 31 35 36 39 40 41 42 43 44 45 46 47 48 49 51 53 55 65 69 71 72 73 74 76 77 78 79 80 81 83 89 90 92 95 96 97 99
forcer 39
force. 22
forest 1 5 6 8 9 10 12 13 14 16 17 20 22 23 26 27 28 30 31 32 33 35 37 38 39 41 44 46 47 49 51 52 54 55 57 58 60 61 64 65 66 67 68 69 71 74 76 77 78 79 84 85 90 92 99
foiled 4 9 12 26 34 40 46
febres 49
falers 91
falero 53
forego 10 11 12 19 26 29 30 41 46 48 51 65 71 72 77 78 88 89 90
foreno 53
forerd 68
facets 26 56
faceua 53
facere 45 49
facero 53
facers 71
facela 53
fiasco 23
falada 38
forano 53
forard 78
fished 13 14 21 27 28 30 38 40 54 55 60 70 76 94
fishes 3 6 7 12 17 20 21 22 26 27 28 31 33 35 37 38 40 45 46 47 49 53 55 65 66 68 69 70 73 76 77 79 81 84 88 91
fisher 12 13 26 28 35 36 42 45 49 55 67 69 79 83 94
fiatta 53
forate 53
fishin 69
forays 76
forbad 45 49
form’d 65
form’s 28 40 42 44 69 71 72
forbes 50
fall’n 65
forbid 4 8 9 10 11 12 14 15 16 17 19 21 22 26 27 28 29 34 36 37 38 39 40 41 42 43 44 45 46 48 49 50 55 65 68 71 72 73 74 75 76 77 78 79 80 81 83 85 88 89 90 93 94 98
facile 7 10 23 44 49 53 55 74 83 90
facili 49
falces 77
facing 1 6 7 12 13 14 16 18 21 22 23 27 29 30 31 33 34 35 37 39 40 41 42 43 44 46 47 48 49 50 51 53 56 57 61 64 66 67 68 69 71 72 77 78 79 80 82 87 94 96
facine 53
flemed 9
faciet 49
faciem 49
facies 49
facias 49
faciat 49
faciam 49
facial 12 43 55 57 63 72 79
forain 45
forage 10 33 39 41 49 65 76 83
fervor 12 14 27 39 41 51 52 79 84 85 94
fasque 65
fassen 63
fizzed 47
fizzle 27 41
fluxes 49 60
fad’st 65
fluxit 98
faster 1 3 5 6 8 10 12 13 14 16 17 19 20 21 22 23 25 26 27 28 30 32 38 39 40 42 44 46 47 49 51 53 55 57 58 60 64 65 67 68 69 70 71 72 73 76 77 78 79 81 83 84 88 94 96
fasten 7 10 12 16 18 21 22 27 28 31 32 34 37 38 39 40 44 46 48 49 51 53 56 58 60 61 66 69 70 72 73 78 79 80 86 92 94
fasted 28 33 35 39 45 49 55 72 73 81
fear’d 10 65
fear’s 12 39
ferrum 49
ferroe 84
ferrol 23
ferrea 49 79
ferret 10 12 17 21 27 34 49 67 72 76 77 78 93
flurry 3 16 29 38 39 40 48 67 71 72 73 77 79 94
fertur 49 97
fervid 10 26 49 51 65 66 78 79 84 88
fervet 49
flutes 12 23 26 49 55 73 77 79 80 83
fluted 12 18 23 55
ferunt 49
ferule 40 52 69 84
fiques 12
fernel 49
ferney 12
fernal 78
fernan 53 77
feront 92
ferons 39 55
flunec 73
flukes 40
ferito 53
ferits 49
ferita 53
feriti 53
fuochi 53
fuocho 53
flumen 49
fermor 23
fakirs 5 12
fugire 53
fugino 53
fateri 49
fugite 53 77
fructi 53
fructo 53
fabric 10 22 31 40 41 49 54 55 65 66 67 76 77 80 84 88 92 95 97
firkin 28
fyodor 37 41
feared 1 3 4 5 6 7 9 10 11 12 13 14 15 16 17 18 19 20 21 22 23 26 27 28 29 30 31 32 33 34 35 36 37 38 39 40 41 42 43 44 45 46 47 48 49 51 52 53 54 55 56 57 58 59 60 61 64 66 68 69 71 72 73 74 76 77 78 79 80 81 82 83 84 85 88 90 92 93 94 97 99
feares 45
fearer 77
fables 9 12 15 28 45 49 55 65 77 78 84 88
fabled 27 30 40 55 65 76
fatal. 41
firmly 4 5 7 10 11 12 13 14 15 16 17 18 19 20 21 22 26 27 28 29 32 33 34 35 36 37 38 39 40 41 42 44 46 47 48 49 50 51 52 53 55 56 59 60 64 65 67 68 69 71 72 73 74 76 77 78 79 80 81 82 83 84 85 88 89 90 92 94 95
fatale 39
feasts 7 9 13 22 32 40 41 49 53 64 65 71 78 80 81 83 92
feast. 38
firmus 49
fugere 49
featly 55
firman 79
firmar 53
firmer 10 12 19 27 28 37 39 40 43 44 45 49 55 68 71 72 79 84 96
fealty 9 14 27 55 77 79 97
fate’s 49 65
firing 6 7 12 13 14 23 27 28 31 33 34 39 41 44 46 48 53 55 60 65 69 70 71 72 74 76 78 79 81 90
fugare 49
fugavi 49
fabius 7 49
firm’s 18
firers 48
fam’ly 71
