galgan 20
gordon 12 21 55 81 83 95
galine 53
galina 53
gauche 44
going. 26 34 71
gnnayh 73
goings 12 14 16 19 22 27 28 39 41 43 44 46 55 56 70 71 72 80 94 98
gorged 10 13 38 44 46 49 65 71 76 78 80
gorget 12 52 55 65 77 85
gorges 12 23 26 34 39 40 46 55 79
gorgha 53
gorgon 12 22 28 48 65 75 76
gether 91
galbet 73
galbey 53
galant 39
galaor 77
gall’d 65
gatzuk 41
galaxy 10 55 71 78 87
getare 53
galatz 46
gebiet 63
gleich 63
grurin 12
gialus 65
giallo 53
gialla 53
gatsby 67
gale’s 65
gisard 91
gisarm 9
gianur 83
giants 9 10 12 13 14 20 22 23 26 28 30 38 40 41 44 45 48 49 52 53 55 56 60 65 71 73 76 77 79 80 93 98
grusha 41
gore’s 32
goaded 10 14 17 28 30 32 34 40 55 68 72 78 79 80 84 88
goader 26
gibith 53
gibing 22 37 41
galway 42 55
gauter 9
gelais 49
game’s 3 6 17 21 48
giblet 55
gen’ly 27
ghosts 1 4 10 12 13 22 26 27 28 32 33 37 40 41 45 46 47 48 51 52 55 56 65 67 68 69 70 71 72 73 74 76 78 79 80 85 88 90 93
gaules 45
gibers 73
galvey 53
gortyn 22
ghouls 12 28
gettin 5 6 27 46
getter 49
getten 72
gypsum 13
gettee 40
gama’s 53
grdtvg 20
gibbes 81
gibbet 2 6 12 14 49 53 68 73 77
gibber 27 48 80
gibbed 55
goiter 41
goitre 46 49
galore 25 55 56
gibbon 39 83
galoot 55 70
gorman 55
gormed 71
grdvtg 20
goromo 66
goroos 71
gisors 12
goring 33 40 74 90
gaudet 49 80
gaudia 49
gwynne 50
gauged 41 51 72
galled 10 39 49 60 65 68 69 84
gallon 14 40 55 60 66 70 71 72 76
gallop 1 6 9 10 12 13 18 19 21 23 27 33 34 37 38 39 40 41 43 44 46 49 55 60 68 70 72 76 77 78 79 81 82 92 94
gallus 49 53 55
gallic 10 12 79
gallie 9
galley 6 12 14 39 40 46 49 65 70 71 76 77 78 79 81 82 94 97
gallio 49
gav’st 65
gabled 40 43 71
gables 1 10 13 21 48 56 68 71 84
gesetz 63
geared 27
girdle 6 9 10 12 14 22 23 26 38 39 40 44 49 55 60 64 65 66 73 76 77 78 79 100
girded 20 22 26 28 29 49 51 55 69 76 79 88 93
gesagt 63
gesabo 55
gaston 18 53
girl’s 1 4 5 6 10 12 13 14 16 18 21 22 23 27 31 32 37 38 39 40 41 42 50 54 55 56 61 66 67 68 69 71 75 76 77 79 85
gaster 12
gabble 20 49 55 70 78 79 94
giraud 79
gastro 79
gabber 55
geahnt 63
gaspar 53 77 98
gasped 5 6 8 10 13 14 17 21 23 27 29 30 33 34 37 39 40 41 43 44 46 51 55 56 67 68 69 71 72 74 79 84 85 88 90 94 100
gertie 56
gleams 10 12 26 31 40 46 48 55 65 71 76 78 79 84 85 88
grumps 94
gleamy 65
grumpy 5 39 46 71 94
gestis 20
gested 55
gebaut 63
gestas 12
gesses 49
grunts 5 13 33 39 41 55 80
grunth 39
gatz’s 67
grunde 63
grundy 55 94
gabrio 77
gheris 9
grudge 9 12 13 14 17 19 22 26 39 40 49 50 51 55 60 64 65 71 72 74 76 77 79 80 90 94
gwovel 39
gather 3 4 6 7 8 9 10 12 13 16 17 18 21 22 23 24 27 28 31 32 33 35 37 38 39 40 41 42 43 44 45 46 48 49 51 53 55 56 57 59 60 63 64 65 66 67 68 69 70 71 72 73 74 77 78 79 80 81 82 85 88 89 90 92 94 99
ghetto 12 13 55 100
girths 9 28 33 39 52 77
girted 81
gesner 40
gesmas 12
girned 72
girls. 38
gearwe 20
girlie 55
ghelhe 53
gesing 91
grubby 46
girofl 82
guards 7 8 10 12 13 14 23 27 30 33 38 39 41 42 45 46 48 49 50 53 55 64 65 69 70 71 72 73 74 76 77 78 79 80 82 85 90 92 94 97
guarda 81
guard. 41 80
grow’d 14 27 71
gushed 10 14 22 28 32 34 37 39 41 43 46 49 55 59 66 72 74 77 79 85 88 90
gushes 21 53 55 85
gusher 78
gemunt 49
giusto 20
giunge 65
gothel 38
gothic 1 12 14 18 20 23 28 40 53 55 66 67 77 79 84 93 96
groggy 55
giunte 53
giunti 53
gemmis 49
ganges 10 28 40 53 73 79 92
grogan 55
gemmed 10 55 69
gemoni 12
gush’d 65
gilpin 28
gandan 53
gander 10 41 55 76 91
gandys 51
grocer 12 14 18 42 43 57 67 76 79 93 94
gemitu 49
gilolo 53
gemina 49
gemini 40 55 83
giulio 77
ganged 20
gaelic 43 55
goblet 12 13 22 26 38 40 49 55 56 65 76 78 84 98
goblin 10 12 14 27 33 52 56 68 71 72 76 78
gillis 56
gilles 12
guadjo 17
gemein 63
god.57 22
groans 4 5 6 12 13 20 22 23 27 31 32 33 34 39 40 41 48 49 50 51 55 56 65 68 69 71 73 74 75 77 79 81 85 88 90
god146 65
gotama 35
gilmer 55
gilman 13 25 83
golden 1 3 5 6 8 10 12 13 17 18 20 21 22 23 24 26 27 28 29 31 33 34 35 37 38 39 40 41 42 43 45 46 47 48 49 50 51 52 53 55 56 57 61 64 65 66 67 71 72 73 74 76 77 78 79 80 81 83 84 85 87 88 90 91 92 93 94 96 97 98 100
gender 8 62 71 76 78 80
golfer 55
gaffer 55
giveth 9 14 20 26 27 45 46 55 69 79 88
givers 15 22 45 49 88 92
givest 9 26 64 65 77 88 94
geneva 18 40 41 45 55 68 71 74 79 81 83 85 90
genevi 12
genera 7 26 40 49
generi 49 97
generl 70
genere 49
given. 38
genero 53
genesi 49
gimlet 4 12 44 55 56 73 78 84
ganzen 63
ganzes 63
geegee 55
growes 45
grower 66 71
growin 5 70
growls 3 14 22 30 33 46 55 56 66 71 78
growne 45
growth 2 6 10 11 12 13 14 15 18 22 23 26 27 28 29 30 39 40 41 43 44 46 48 49 51 53 54 55 56 58 60 64 66 68 69 71 72 73 74 77 78 79 80 81 84 85 88 89 90 92 93 94 95 97
gustav 55
guster 78
gotzap 53
gusset 55
groyne 60
grotta 22
grotto 12 44 55 60 65 66 79 92 94
grotte 12
gotter 13
gotten 9 13 20 25 27 32 35 45 51 55 58 60 65 67 73 77 81 88 97
grotio 49
grosse 12 28 45 49
growed 5 14 50 71 76 94
grovel 49 51 65 72 74 78 90
groves 4 9 10 22 24 26 27 28 40 45 49 51 52 55 56 65 66 71 73 77 84 88 92 94 98
grouse 13 37 41 55 58 72
groued 91
ground 1 3 4 5 6 7 8 9 10 11 12 13 14 15 16 17 18 19 20 21 22 23 24 25 26 27 28 29 30 31 32 33 34 35 36 37 38 39 40 41 42 43 44 45 46 47 48 49 50 51 52 53 54 55 56 57 58 59 60 61 63 65 66 67 68 69 70 71 72 73 74 76 77 78 79 80 81 82 83 84 85 86 88 89 90 91 92 93 94 95 96 97 98 99 100
groups 7 8 10 12 13 18 20 23 34 37 39 40 41 42 46 48 51 53 55 57 61 63 67 68 69 71 76 78 79 84 92 93 94
gropin 78
gropes 12 32 36 40 55 78
groped 4 6 10 12 14 26 28 38 42 51 55 57 67 68 69 70 71 72 76 79 84 85 93 94
grooms 12 23 30 39 43 46 72 77 78 79 82 94
groome 98
groove 12 22 28 39 40 41 42 44 46 47 55 56 73
gujrat 53
give’s 55
gideon 15 39 45 97
glooms 55 92
gloomy 1 4 5 6 10 11 12 14 16 17 19 20 21 22 23 26 27 30 31 34 35 37 38 39 40 41 42 43 46 49 51 55 56 58 61 65 68 69 70 71 72 74 76 77 78 79 81 82 83 84 85 90 92 93 94 98
gaming 2 7 11 12 14 27 28 45 49 55 72 73 78 79
gamins 12 66
gelong 55
grenze 63
grenzf 63
grey’s 19 53
goshen 45 70
grenne 12
goatee 55 69
goates 45 98
gavest 9 12 39 65 77 88
gamest 71
gamely 56
guided 1 4 6 7 9 10 11 12 14 16 19 20 22 27 28 29 30 35 39 40 41 43 44 45 46 49 50 51 53 54 56 57 60 64 65 68 71 72 73 74 76 77 78 79 80 81 83 84 85 89 90 94 97
guides 10 12 13 26 28 32 39 40 43 45 49 60 65 72 73 75 77 78 79 83 84 89
guiche 49 79
gremio 49
glow’d 65
gibson 10 19
gauzes 23
glogau 39
gadfly 22 26 80
greese 9
greets 20 51 55 65 71 78 80
gibran 64
greece 7 9 12 28 39 40 44 45 46 49 55 65 74 76 77 78 79 80 83 89 90 92 94 98
greedy 12 13 14 17 18 20 23 28 31 35 38 39 40 41 44 49 54 55 56 57 58 65 67 68 71 72 75 76 77 78 79 80 88 93 99
greek. 74
greeks 7 12 13 22 23 26 28 40 45 46 49 53 55 65 74 77 79 80 81 82 84 88 89 90 92 95 98
greeke 45
green. 24
greens 12 14 38 46 55 56 65 70 71 78 85 92 95
greeny 55 95
greene 23 55
gloire 12
gambia 60
guiana 60
gamble 12 13 27 55 67 89
gambol 22 27 40 65
gregor 55 59
gamboa 53
goat’s 12 13 22 33 38 53 60 65
globes 8 10 12 42 44 47 48 49 55 66 73 78 93 94
globed 55
globus 28
gechel 53
greate 62
greasy 12 13 14 21 23 27 28 31 37 39 41 44 47 49 55 56 57 68 70 71 77 78 79 86 93
grease 9 12 13 14 16 22 27 28 37 38 39 40 42 55 56 68 69 70 71 77 78 79 81 86 99
great. 26
guzman 53 77
greafe 91
gelded 49 55
gadded 94
giuane 53
gang’s 69
gurson 49
gurrhr 55
gilgal 45
guizot 89 96
gwinep 81
gokbey 91
gwinas 9
gilian 28
gilded 12 13 14 20 22 23 26 27 28 38 40 42 49 51 53 55 59 65 69 74 77 79 82 84 85 88 90 92 94 98 100
gobble 12 17 27 28 39 41 49 56 58 70
gilbey 55
guitar 12 14 37 39 41 55 66 70 71 74 77 78 79 81 84 90 94
gobbet 55
gobern 40
gilder 40 77
gilead 10 45 55 69
gospel 4 10 12 13 18 21 26 27 32 37 39 40 41 45 51 55 60 66 69 72 74 77 78 79 80 81 85 88 89 90 96 97
glowed 1 5 6 8 10 18 23 26 30 33 34 37 39 40 41 42 43 46 47 48 49 55 57 61 67 69 72 74 77 84 85 88 90 94 100
glower 56
gill’s 55
goster 42
gnomes 17 79 84
gossip 1 4 10 12 13 16 18 19 21 22 27 28 33 34 37 38 39 41 42 43 51 52 55 56 59 67 69 71 72 74 76 77 78 79 90 94 99
greyly 48 55
guises 26 49
guised 51
gnomon 40 42
gnomol 65
greyer 14 47 71 72
god’ll 55 69
guimar 53
glossy 5 6 18 21 23 27 31 32 33 39 40 42 44 55 56 65 71 72 78 79 84 85 94
guilty 4 6 8 10 11 12 13 14 16 17 19 21 22 23 26 27 28 29 30 32 34 36 37 38 39 40 41 43 45 49 51 54 55 56 58 60 64 65 67 68 69 71 72 73 74 76 77 78 79 80 81 84 85 88 89 90 91 93 94 96 97
grescs 9
gelten 63
guilds 7 22 55 96
gloria 39 49 55 56 67 92
glorey 91
gammon 6 16 55 68 71 78 98
gammer 55
gelver 53
gavisa 49
greuze 12
gloved 5 12 13 18 23 39 41 42 55 67 71 78
glover 56 77
gloves 1 2 3 4 5 10 12 13 14 16 18 19 21 23 26 27 29 36 37 39 40 41 42 44 46 48 49 50 55 56 60 62 65 66 68 70 71 72 73 75 78 79 83 84 85 91 93 94
guinea 3 6 10 11 12 14 16 17 21 23 28 40 52 53 55 60 71 73 76 77 78 79 81 82 85 87 94
gretna 11
guinas 9
gaviac 49
gretta 42 55
gurgly 33
gurgle 26 33 39 70
guimpe 12
gretel 38
gladys 23 55
gifest 94
ghazis 34
gulled 27 49
gullet 12 21 33 55 72
gulped 5 12 14 17 27 28 30 37 39 40 41 42 44 46 55 58 77
gladly 1 4 5 6 8 9 10 11 12 13 14 16 19 20 22 26 27 28 32 34 36 39 40 41 44 46 50 51 53 55 60 61 64 65 68 69 71 72 73 74 75 77 78 79 80 81 83 85 88 90 92 93 94 97
gladio 49
glades 1 40 55 57 78 84
glabra 28
glacis 12
gapped 70
glaces 12
gulick 67
gaping 6 10 12 14 18 21 23 29 30 37 38 39 40 42 43 44 45 48 49 55 65 66 70 71 72 77 78 79 81 84 85 92 99
gomode 53
george 4 6 7 10 11 14 16 17 21 23 26 27 28 32 34 39 40 43 44 46 48 49 50 51 55 65 66 67 68 69 70 71 73 75 76 77 78 79 81 83 89 91 92 94 95
georgy 10
gayest 12 16 17 68 71 76 77 78 79 82 84 93 94
gayety 12 20 30 41 49 51 69 79 85
godwin 74
govern 1 2 3 4 5 6 7 8 9 10 11 12 13 14 15 16 17 18 19 20 21 22 23 24 25 26 27 28 29 30 31 32 33 34 35 36 37 38 39 40 41 42 43 44 45 46 47 48 49 50 51 52 53 54 55 56 57 58 59 60 61 63 64 65 66 67 68 69 70 71 72 73 74 75 76 77 78 79 80 81 82 83 84 85 86 87 88 89 90 91 92 93 94 95 96 97 98 99 100
ginrel 91
glises 39
godson 9 11 39 77 78
glissa 65
gulfer 55
grijol 53
grilse 55
grills 49
giorno 53
giorni 53
giornj 53
griffe 18
grieve 1 4 9 10 11 12 14 16 17 19 20 22 27 28 37 39 40 41 44 45 46 49 55 61 64 65 66 69 70 71 72 74 76 77 78 79 84 88 90 93 94 97 98 99
grief. 76
gonela 77
griego 53
griefs 10 11 12 13 20 24 27 28 40 45 49 60 65 67 68 69 71 72 74 79 81 82 88 90 94
griefe 45
goners 69
glaris 12 83
glares 12 55 65 70 75 78
glared 5 6 10 12 14 21 22 27 29 33 34 38 40 42 43 44 46 47 48 55 56 65 66 70 72 74 78 79 84 90 93 94
glaubt 63
glauce 65
glaube 63
gionte 53
gepids 20
gifted 10 12 14 16 26 27 31 35 39 40 41 42 44 46 49 51 55 59 63 65 66 68 71 77 79 80 85 88 89 91 92 94
gowans 71
glasse 45 98
glassy 4 12 17 27 28 31 33 39 40 46 52 55 57 65 68 78 79 84 90
gonged 66
griate 53
glands 13 21 48 55 79
glance 1 5 6 10 11 12 13 14 16 17 18 19 21 22 23 26 27 29 30 31 34 35 36 37 39 40 41 42 43 44 46 47 48 49 50 51 52 54 55 56 57 58 59 61 63 65 66 67 68 69 70 71 72 74 76 77 78 79 80 82 84 85 88 90 92 93 94 95
gnaden 83
guddee 33
gridau 53
glaive 9
gegenw 63
gwudge 39
gentry 5 10 14 27 39 41 43 44 45 49 55 72 73 77 80 82 83 99
goujon 12
gaoler 14 29 72 76 77
golpho 53
gentle 1 4 5 6 9 10 11 12 13 14 16 17 18 19 20 21 22 23 25 26 27 28 29 31 32 33 34 36 37 38 39 40 41 42 44 46 47 48 49 51 52 53 55 56 58 59 60 64 65 66 68 69 70 71 72 73 74 76 77 78 79 80 82 83 84 85 88 90 91 92 93 94 97 98
gently 1 3 4 5 6 7 8 10 12 14 16 17 18 19 21 22 23 25 26 27 28 29 31 33 34 36 37 38 39 40 41 42 43 44 46 47 48 49 50 51 52 53 54 55 56 58 59 60 61 65 66 67 68 69 71 72 73 74 76 77 78 79 80 84 85 88 90 93 94 100
gentil 44 49 53 65 91
gentis 97
gentel 91
gentes 34 49 55 65
genrot 12
ghimel 55
gewgaw 12 49
gouged 25 28 40
gouger 55
genlmn 78
genlis 12 16 39
gouels 91
gewiss 39 63
ghinea 53
genies 70
gent’s 55
genial 10 12 13 14 16 17 19 21 23 27 28 30 34 37 39 40 46 50 51 54 55 57 65 69 71 72 74 76 78 79 85 90 93 94
goliar 70
golias 77
goliah 69
giving 2 3 4 5 6 7 9 10 11 12 13 14 15 16 17 18 19 20 21 22 23 26 27 28 29 30 31 32 33 34 35 37 38 39 40 41 42 43 44 45 46 47 48 49 50 51 52 53 54 55 56 57 58 59 60 61 63 64 65 66 67 68 69 70 71 72 73 74 76 77 78 79 80 81 82 83 84 85 86 88 89 90 92 93 94 95 97 100
genius 1 7 9 10 11 12 13 14 16 17 19 23 26 27 28 29 31 34 37 39 40 41 43 45 49 50 51 52 53 55 56 57 60 65 66 68 69 71 72 73 74 76 77 78 79 80 81 82 83 84 88 89 90 91 92 93 94 100
gewear 20
geweor 20
ghrefn 20
glinda 61
ginned 51
gagged 12 17 40 55 69 79
ghappi 53
guchia 53
glints 21 55 67
glione 53
godiva 55
ginhot 55
guttur 49
gutted 6 48 55
gutter 8 12 13 31 37 49 50 54 55 67 68 70 78 83 94 100
gierus 49
gomedi 53
gomedo 53
gomela 20
gineys 91
gineta 77
glides 12 27 40 49 52 55 65 69 71 78 84
glided 1 4 10 12 14 18 20 21 27 31 33 39 40 44 47 51 55 57 66 68 69 70 71 72 74 76 78 79 84 85 88 90 93 94
goddam 79
gindre 12
ginger 13 14 23 28 40 42 48 50 52 53 55 68 71 78
gomara 53
gefahr 63
gourds 23 28 53 81
gourme 55
gliche 63
goutte 55
grynna 20
godard 9
goutey 91
glibly 16 18 55 56 75
gerald 55 75
gerade 63
goggle 55 56 71
gizard 91
gerard 12 49 55 79
garter 12 13 14 23 40 41 44 55 70 79 82
garten 55 94
garths 55
gunnel 60 70
gunner 6 39 53 60 81
garret 4 9 10 12 13 14 19 27 28 37 38 41 42 56 61 68 69 70 71 72 73 76 77 78 79 83 84 93 94 100
garlot 9
garlon 9
guerco 53
garlic 12 28 46 49 53 55 65 77 79
grazes 40 78
grazed 3 12 13 14 17 27 33 34 37 38 39 40 41 43 71 72 73 84
grazie 55
guesse 45
guest. 38
guests 1 2 3 4 6 9 10 11 12 13 14 16 18 19 20 22 23 26 27 28 35 36 37 38 39 40 41 42 43 47 49 50 51 52 55 56 57 60 61 64 65 67 68 69 71 72 75 77 78 79 80 81 82 85 91 92 93 94
goose. 38
grayer 51 56 61 94
goosey 56
goosie 27
garnet 18 23 51 53 55 79 94
garner 55 77 88
guerin 81
gaiter 18
guerra 7 53
guerre 12 18 37 39
gaskin 6
gasjet 55
german 1 7 10 12 13 17 20 21 26 27 28 31 34 37 38 39 40 41 42 43 44 45 46 47 49 50 51 52 53 55 56 57 62 63 65 66 67 69 71 73 74 75 76 77 78 79 80 82 83 84 85 89 90 92 94 95 96 98
geisha 55 66
germen 84
gerous 78
gashed 37 40 47 48
gashes 12 32 49 55
glumly 39 50 55
gashly 70
gluglu 18
gascon 12 39 49 53 77
gering 63
gash’d 65
guffaw 27 37 39 55 72
gerene 22
goperi 53
gyndas 49
grace. 41
graces 5 7 10 11 12 14 16 19 22 23 27 28 40 42 44 45 49 55 56 62 65 69 71 73 76 77 78 79 80 81 82 94
graced 14 18 55 65 71 76 78 80
guvnor 55
graeco 26
grades 13 26 28 30 37 39 51 55 74 78 80 86 90 92
graded 27 40 66
gracie 69
gnawed 4 10 12 14 23 25 26 28 33 34 40 42 43 45 48 49 55 65 69 76 77 79 85 88 93
grives 12
guving 91
gehabt 63
gyurls 66
giggle 5 16 27 37 41 55 56 71 78 94
gumret 9
grisly 13 20 38 40 46 65 69 71 76 77 85 92
gumley 55
gnarly 25
gazing 1 3 4 5 10 12 13 14 15 17 18 19 21 23 26 27 29 32 34 37 38 39 40 41 42 43 44 45 46 49 51 52 55 56 59 60 61 64 65 66 68 69 70 71 72 73 74 76 77 78 79 80 83 84 85 88 90 92 94
gritty 21 71 86
gowned 17 55 56 66 88
gigant 55
gummed 21 43 55
giouan 53
goethe 12 13 27 40 80 92 94
glazed 10 12 23 30 31 40 47 52 54 55 57 60 67 71 78 79 85 93
grinby 71
grinds 13 27 49 55 64 65 72 76
grimes 42 55
grimed 14
giotto 79
grimms 38
grimly 9 10 13 14 17 20 21 22 27 30 33 37 40 41 42 46 47 50 51 55 56 57 65 68 69 71 72 75 76 78 85 94
grimod 12
grippe 13 39 56
gazers 28 39 40 42 52 55 68 80 88
gazeth 26
gazest 26
griped 55 71 79
giovan 53
gripes 49 55
gonoph 78
gained 3 4 5 6 7 10 11 12 13 14 15 16 18 19 20 21 22 23 27 28 29 30 32 33 34 37 38 39 40 41 42 43 44 45 46 48 49 51 52 53 55 56 57 58 59 60 65 68 69 70 71 72 73 74 76 77 78 79 80 81 82 84 85 88 89 90 92 94
gainer 16 21 28 49 79 80 83
gratae 49
grated 4 6 10 12 13 14 27 38 39 40 42 68 69 72 74 76 77 78 79 80 84 90 94
grates 10 69 72 76 78
grater 14 27 68 71 94
gratia 12 45 49 53
gainus 9
grasps 10 12 20 36 40 49 51 55 65 72 78 88 92
grasse 12
gainst 20 26 40 49 65 88 94
grassy 1 10 12 18 22 27 28 31 33 40 43 46 48 56 61 65 70 72 85 88 94
guelph 7 49 55
guneus 65
graved 10 40 65 77
grave. 31 79
gravel 6 10 11 14 16 18 19 20 21 23 27 29 30 33 34 39 42 43 44 46 48 49 55 60 67 69 71 76 78 79 84 86 94
graves 1 4 5 10 12 13 14 24 26 27 28 29 39 40 43 44 45 46 49 51 52 55 56 57 64 65 66 68 69 71 72 73 74 76 77 78 79 80 81 84 90 93
graver 1 16 21 29 37 41 48 49 71 72 77 78 80 85 94
graven 10 12 13 18 20 30 39 40 43 45 49 55 69 77 80 84 98
gravid 55
gravis 49
gratio 53
gratis 12 41 45 49 55 73 77 79 83 89 93
gratum 49
garish 55
gardar 53
gunn’s 6
gardez 10
gardes 49
garden 3 4 5 9 10 11 12 13 14 16 17 18 19 21 22 23 24 25 26 27 28 29 32 33 34 35 37 38 39 40 41 42 43 44 45 46 47 48 49 50 51 54 55 56 57 60 62 64 65 66 67 68 69 70 71 72 73 74 75 76 77 78 79 81 82 83 84 85 88 90 91 92 93 94 97 100
gardie 53
gooing 70
gardia 53
granny 27 39 41 55 58 69 70
granum 28
grants 8 12 22 45 49 61 65 68 77 79 81 83 97
granci 53
granby 10
grands 12 39
grandp 23
granda 53
garcon 94
grandi 53
grande 10 12 18 22 23 34 39 49 53 65
grange 10 12 44 55 72 81
gray’s 5 19 23 42 53 55 67 68 71
garcia 43 53 91
gookin 28
gareth 9
grapes 10 11 12 14 18 22 23 26 28 40 49 52 55 56 60 64 69 70 71 77 78 79 81 85 93 94 98
gaiety 1 10 11 16 17 19 23 29 39 42 44 46 49 54 55 57 67 68 71 74 77 78 80 82 90 92 94
goodge 21
goodle 78
goodly 4 5 9 14 16 18 20 22 26 27 34 40 42 44 46 49 51 53 55 56 65 69 76 77 78 79 80 85 88 93 94
goods. 38
graize 55
goodby 19
garaya 77
garate 53
garbin 53
garble 26 86
garbed 55 56
garage 67
grafts 12
giglot 55
giglio 79
gigote 77
grainy 55
grains 10 12 14 26 28 39 40 41 42 46 49 53 54 55 60 66 68 73 76 77 78 79 80
gain’d 65
graham 32 55
