hypenor 65
harness 8 9 12 21 26 27 28 30 31 33 38 39 40 41 42 46 49 52 55 56 57 61 64 65 68 73 76 77 78 79
harelip 55
hurlock 81
honoris 55
honoria 21 78
honorii 49
hutched 55
hutches 76
honorau 53
honores 49
honored 1 4 8 12 20 27 28 30 39 41 45 50 51 53 79 84 85 94
hover’d 65
halfway 5 13 14 21 29 30 31 33 37 38 39 43 44 48 53 55 56 61 67 69 74 79 94
hundred 1 2 3 4 5 6 7 8 9 10 11 12 13 14 15 16 17 18 19 20 21 22 23 26 27 28 30 31 32 33 34 35 36 37 38 39 40 41 42 43 44 45 46 47 48 49 50 51 52 53 54 55 56 57 59 60 61 65 66 67 68 69 70 71 72 73 74 75 76 77 78 79 80 81 82 83 84 85 86 87 88 89 90 91 92 93 94 95 96 97 98 99 100
hosanna 12 39 55
homburg 23 44
honours 7 11 16 19 22 26 34 35 37 39 44 45 49 55 65 68 71 72 77 78 80 82 83 84 88 89 92
halfwon 55
humidor 67
hawhorn 55
house’s 69 71
hazlitt 49 53
hodiaua 53
hundwed 39
hapence 50
hovenia 23
hooking 40 55 69 78
hushaby 55
hamsher 91
huffing 49
huffily 37
harem’s 40
henyard 58
haitian 27 79
hifalut 70
hibbert 81
hhrrmph 33
hoverin 70
hovered 9 10 12 14 22 26 29 31 35 40 43 48 51 66 67 68 69 71 72 73 74 79 80 84 88 90 94
hibbins 85
heroics 18
heroica 65
heroine 17 18 23 41 50 55 56 66 68 72 79 84 89 90 94
heroism 12 16 19 26 27 28 29 37 39 41 48 51 68 74 76 79 90 92
hornets 33 38
hreosna 20
horning 55
hornies 55
haven’t 3 4 5 6 10 12 13 14 17 18 23 25 27 28 29 31 32 33 34 35 36 37 39 40 41 42 43 48 50 51 55 56 59 61 66 67 68 69 71 75 77 79
hamburg 12 14 39 46 48 55 94
hailing 6 14 26 32 40 54 55 66 72 76 79
haveing 12 91
hanover 15 19 21 50 65
hoile’s 72
honor’s 39
honor’d 45
hornmad 55
hemlock 12 28 40 49 55 57 58 63 92 94 99
hareton 72
hunderd 70
harnois 53
harwich 46 48
hpdftex 63
hurleur 12
hebamme 13
hateful 1 4 10 13 15 16 17 19 20 22 23 26 27 32 34 36 37 39 41 43 45 46 47 48 49 51 54 56 65 69 72 73 74 76 77 78 79 80 85 88 90 94 96
hotness 54
hurling 1 9 10 12 13 21 30 40 50 52 55 77 79 96
hnliche 63
hornsey 71
haveano 49
helicon 65
hassock 29
hassome 13
hostage 6 49 53 55 79
harford 42
hanging 1 3 5 6 8 9 10 11 12 13 14 16 17 18 19 20 21 22 23 25 26 27 28 30 31 33 35 36 37 38 39 40 41 42 43 44 45 46 48 49 50 52 53 54 55 56 57 59 60 61 65 66 68 69 70 71 72 73 74 76 77 78 79 81 82 83 84 85 87 88 90 93 94 98 100
habitat 28 47 49 53
habitau 53
hopping 5 6 10 12 17 26 38 39 41 47 49 55 69 71 76 78 85 94 99 100
habitet 49
habited 82 84
habits. 80
habitum 49
hybrids 28
humaine 92
humains 49
hilaric 55
hilaris 49
hostels 41 55
hostess 4 10 12 17 18 19 20 23 27 38 39 41 42 49 50 55 66 72 77 78 79 81 82 94
humanum 37 39 41 49 79
hydra’s 28 49 80
hadrian 77
humanly 26 49 59 63 78 81
humanos 49
harolds 55
humanas 49
humanae 49
humaner 26 92
hangman 12 14 26 38 49 55 71 74 76 77 78 84 90 91
hemming 12 17 22 56 57 77
hosting 55
hydrate 26
hyaenas 35
hostile 7 10 12 13 17 19 20 22 26 30 31 35 37 39 40 41 42 45 46 49 53 59 65 66 67 69 72 73 76 77 78 79 80 83 85 89 92 95 96 97
hydrant 13
heine’s 66
hypotyp 49
hobbe’s 49
hostler 68 79
heimweh 94
hyssopo 45
hueless 10
hilaire 12
hanged. 31 38
hangest 38
hangeth 9 26 65
hangers 9 49 60 65 71 77 78 89
hangdog 55 76
housbon 91
hooting 12 18 22 28 34 48 52 69 94 99
happied 55
happier 1 4 6 10 11 12 13 14 16 17 18 19 22 23 26 27 32 33 35 37 39 40 41 44 46 49 50 51 54 55 56 57 65 67 68 69 71 72 74 75 76 77 78 79 80 81 82 83 84 85 88 89 90 92 93 94 97
hapgood 12 46
happens 1 3 5 7 8 10 11 12 13 15 16 19 20 21 22 23 26 27 28 31 33 34 35 36 37 38 39 40 41 44 45 46 47 49 50 51 53 55 57 58 60 61 63 67 68 69 70 71 73 75 77 78 79 80 81 82 83 84 85 86 88 89 92 94 95 97
hawsers 14 22 40 81
hushing 10 14 21 37 44 51 76 78 84 94
houses. 38
hastens 4 10 12 28 39 41 49 55 65 68 78 79
hauberk 9 55 77
hirrold 78
happily 1 2 10 11 12 14 15 16 17 18 19 21 22 23 26 27 28 29 34 35 36 37 38 39 40 41 42 44 46 47 48 49 51 52 53 54 55 56 58 60 61 66 68 69 71 72 73 74 75 76 77 78 79 80 81 82 83 84 88 89 90 92 94
hinslow 81
housing 14 39 44 49 50 86 97
heaping 12 14 27 47 49 55 56 65 71 72 79 94
hear’st 65
humabon 53
hamlets 12 28 40 41 55 69 77
hurdles 12 22 41 55 60
hoxetts 91
heinous 11 21 22 80 81 83 88 98
hotfoot 33 55
hoppeth 26
hoppers 13 28 49
higgins 42 50 55
howards 28
hakluyt 53
hauteyn 9
hauteur 10 11 17 19 55 67
highest 2 3 4 6 7 8 9 10 11 12 13 14 15 16 18 19 21 22 23 26 27 28 29 32 34 35 37 38 39 40 41 42 43 44 45 46 49 50 53 55 56 57 60 64 65 66 67 68 69 70 71 72 73 74 75 76 77 78 79 80 81 83 84 85 88 89 90 92 93 94 95 97 99
higher. 39
humbles 12 41 65 77
humbler 10 18 21 27 28 41 49 65 68 77 78
humbled 4 7 10 11 12 14 19 20 26 37 41 50 54 57 65 66 71 77 78 79 80 81 84 88 94
harpist 42
humblot 12
hammers 12 13 14 20 28 31 33 34 40 41 48 55 66 67 68 72 73 76 77 78 84 86
hilting 44
harpoon 40 53 55 81
hasting 20 45 49 88
hidden. 38
hastily 1 3 4 5 6 9 10 11 12 14 16 17 18 19 20 21 22 23 26 27 28 31 32 36 37 38 39 40 41 42 44 47 48 49 50 51 53 55 56 57 58 60 65 67 68 69 71 72 74 76 77 78 79 81 83 84 85 90 94 99
howe’er 65
hygelac 20
hilkiah 45
hussars 12 33 39 48 55
hussar. 37
happy’s 28
horhorn 55
humbugs 14 27 70 71
henry’s 16 23 27 43 44 50
hiddest 88
hastier 40
hungary 12 23 42 46 49 53 55 79
hussies 12 22 39 41 44 68
hautboy 16 23
harping 9 12 14 37 41 55 70 76 78 79
harpies 54 89 92
hipshot 55
harpers 69
hayseed 55 56
homer’s 28 49 55 65
henrich 53
henries 49
heifers 34 55 65 72
howbeit 9 14 15 22 55 71 76 78 80 81 97
henares 53 77
highway 9 12 14 20 21 26 27 28 34 35 38 40 49 51 55 65 68 72 73 76 77 81 82 97 98
hogwash 55 70
hammond 56
hammock 13 18 31 33 40 55 60 66 71 73 79 81 94
henshaw 94
hibemis 49
hobbema 79
hirsute 55
herring 4 10 40 49 55 71 98
hillcat 55
haulage 55
hobbs’s 4
hinting 16 18 21 37 39 40 41 55 68 71 77 78 80 94
hobbies 21 55
helsing 46
halibut 33 40 55 91
hawkish 66
hawkins 6 16 46 55 81 83
hawking 1 9 49 55 68 70 77
holiday 3 4 10 12 13 14 16 18 21 26 27 28 29 37 38 39 40 42 44 46 48 49 51 52 55 59 61 67 68 69 70 71 72 74 77 78 79 80 81 83 85 89 90 93 94 98
hawkers 23 39 48 49 55 68
herrero 53
herrera 53 79
hobbled 4 5 6 12 13 18 27 31 33 34 38 42 46 48 58
hobbles 12 22 55 78
holiest 26 27 28 40 41 46 70 76 85 89
herilus 65
hooding 44
halifax 21 65 81 83 85 94
hav’n’t 40 72
hideous 1 5 9 10 12 13 14 18 21 22 23 25 26 27 28 29 32 37 38 39 40 41 43 46 48 54 55 60 65 66 68 69 72 73 74 76 77 78 79 81 82 83 84 85 88 90 93 94 99
hosea’s 40
heralds 9 10 12 22 23 26 28 39 45 49 51 65 92
hoggets 22 55
hearaes 91
huskily 14 17 23 37 39 40 46 55 71 94
huskier 67
huskies 30
henbane 85
hilltop 6 33 39 64 66 70
hiermit 63
hamelei 65
horrida 79
hurgada 77
horrify 21 40 41 46
halitus 47
hierius 88
hilloes 55
hillock 12 17 38 39 40 44 47 55 60 72 73 77 79 85
haulers 39
holster 12
hillier 61
hymen’s 16
horroar 71
hustled 13 27 34 51 55 70 71 76 78 93 94
horrour 45
horrors 1 6 10 12 13 14 16 19 20 21 23 27 28 29 31 32 36 37 39 40 41 44 46 49 53 54 55 60 65 68 69 71 74 76 78 79 80 81 82 84 90 93 94 95
heights 5 6 10 12 13 19 26 28 39 40 41 46 49 51 55 64 66 69 71 72 77 78 79 85 88 92 94
heighth 71 78
hauling 6 14 18 21 30 33 39 40 55 56 57 60 68 71 76 99 100
haytian 51
holberg 84
hindbar 55
haggard 4 6 10 12 13 14 17 18 21 23 26 27 29 34 39 41 42 46 47 48 49 51 54 55 65 68 69 71 72 74 76 77 78 79 85 90 93
hungers 23 55 80
halsing 9
howleth 26
howlers 55
hunger. 38
hearken 4 5 6 9 15 20 26 38 39 40 45 49 51 66 72 79 84 85 88 92 97 99
hearsay 12 13 41 48 49 51 53 72 77 88
hearsed 40
hearses 40 55
hitting 4 13 14 17 22 23 27 30 37 39 40 41 44 48 49 55 56 59 66 71 72 76 77 78 85
hittite 40
honiton 19
hauding 55 72
hussy’s 55
hotholm 84
hayling 21
howling 1 3 10 12 13 14 20 21 22 24 26 30 31 33 37 38 39 40 43 46 48 49 52 53 55 56 60 65 66 68 69 70 71 73 76 77 78 80 81 84 92 93 94 99
herseys 67
homeric 28 65 80 92
heareth 26 45 88
husband 1 4 6 9 10 11 12 13 14 15 16 17 18 19 20 21 22 23 25 26 27 29 30 32 33 34 36 37 38 39 40 41 42 43 44 45 46 48 49 50 51 52 55 56 57 60 61 62 64 65 66 67 68 69 70 71 72 73 74 75 76 77 78 79 80 81 82 83 84 85 88 89 90 93 94 97 99
hearest 26 37 77 85 88
hearers 11 22 39 40 42 45 47 49 55 56 65 68 74 76 77 78 80 83 85 88 89 90 92 94
homerus 49 77
homeros 65
hispano 53
heuenly 53
hetaira 41
haricot 48
hearing 1 3 4 5 6 7 8 9 10 11 12 13 14 16 18 19 20 21 22 23 24 26 27 28 29 30 31 32 34 35 36 37 38 39 40 41 42 44 45 46 48 49 50 51 52 53 55 56 57 58 59 60 65 66 68 69 70 71 72 73 74 75 76 77 78 79 80 81 82 83 84 85 88 89 90 91 92 93 94 95 99 100
heart’s 10 13 14 18 22 24 26 27 38 39 40 42 44 49 55 56 64 72 73 77 79 84 85 100
hillyho 55
hillyer 47
herself 1 3 4 5 6 7 9 10 11 12 13 14 15 16 17 18 19 21 22 23 25 26 27 28 29 30 31 32 33 34 35 36 37 38 39 40 41 42 43 44 46 47 48 49 50 51 53 54 55 56 57 58 59 61 64 65 66 67 68 69 70 71 72 73 74 75 76 77 78 79 80 81 82 83 84 85 88 90 92 93 94 97 99 100
hounds. 38
hiessen 63
hounded 20 42 55
harrrow 94
hindred 45
hummock 6 28 31 48
horsell 48
hubbles 14
hirundo 28 53
houeman 91
horatio 41 53 55
horatii 40 49
hatreds 12 13 49 54 56 71 78 80 95
hicks’s 32
halberd 9 12 49
humdrum 21 51 55 56 78 94
horsham 21
hitched 12 27 34 39 42 51 56 68 69 70 77
hitches 27 55
hepburn 10 81
hellish 1 13 15 21 26 27 39 43 45 46 54 60 72 74 84 85 88 90 98 99
honking 28 55
halkett 12
hansoms 21
hindoos 4 40 89 90
hanaper 55
holle’s 38
hayloft 53 55 69
huominj 53
huomini 53
hellene 53 80
herbert 14 23 26 55 81 89 92
haggles 55
haggled 12 70
hansard 81
harimon 55
hindley 72
hindleg 55
hearty. 71
hearts. 38
hearten 17 65 94
hearted 4 5 6 10 11 12 13 14 16 17 18 19 20 21 22 26 27 28 30 32 33 34 37 38 39 40 41 42 43 45 46 50 51 52 54 57 60 61 66 68 69 70 71 72 73 74 76 77 78 79 81 84 85 88 90 92 94 99
hobediu 53
hearths 10 12 14 32 45 49 55 64 76 78 79
hummums 14
harried 13 20 43 52 72
harriet 4 11 16 27 32 89
harrier 39
harry’s 23 27 44 54 55
hebenno 53
hinders 27 39 41 45 49 79 82 92 97
hoarser 68 74 76 77 90
herbage 22 26 45 49 60 65 74 79 84 90
hoarsed 55
harrows 12 27
herbaut 12 79
holland 10 12 13 15 21 31 34 40 42 45 46 51 55 73 74 77 78 79 81 82 83 90 91 97 99
hollabr 39
hinds’s 13
hatrack 55
halsted 13
hymning 80
heldest 26 88
hankers 78 92
here’ll 69
haddies 55
horizon 1 6 10 12 13 14 18 19 22 26 27 28 33 34 37 39 40 41 42 43 46 47 48 51 52 55 56 65 67 69 71 73 74 76 77 78 79 80 81 84 85 90 92
having. 16 71
halting 6 8 12 14 26 29 32 33 36 39 40 41 42 44 49 50 55 64 65 68 69 72 76 77 78 79 80
harshly 4 10 11 12 13 14 16 19 21 22 23 26 27 28 37 38 39 41 44 46 47 48 49 55 59 61 66 67 68 69 71 76 77 79 85
hubbard 23 55 78 99
hyrie’s 65
hrethel 20
hound’s 6
hrethla 20
horse’s 4 9 10 12 14 21 27 33 34 37 38 39 40 43 48 49 52 55 71 72 76 77 79 84
hauendo 53
harshed 55
harsher 12 39 42 45 51 55
haddock 28 55
hencods 55
hummels 94
hencoop 81
hesouls 55
hickory 27 28 32 40 51 52 69 84
holborn 14 19 21 23 34 68 71 78 81
hedelin 65
homoque 49
humming 5 6 10 12 17 18 21 22 28 31 33 34 36 37 38 39 40 41 42 46 48 51 55 57 66 67 71 72 73 78 79 82 84 85 94 99
hederae 49
holburn 19
haddest 9
halters 40 55 98
hickman 51
hoarded 14 18 19 27 40 41 49 51 55 71 94 97
hubbies 55
himself 1 3 4 5 6 7 9 10 11 12 13 14 15 16 17 18 19 20 21 22 23 24 26 27 28 29 30 31 32 33 34 35 36 37 38 39 40 41 42 43 44 45 46 47 48 49 50 51 52 53 54 55 56 57 58 59 60 61 63 64 65 66 67 68 69 70 71 72 73 74 75 76 77 78 79 80 81 82 83 84 85 86 88 89 90 91 92 93 94 95 96 97 98 99 100
haunted 1 4 6 7 8 10 12 13 14 15 16 18 22 23 25 27 28 29 30 31 34 37 38 39 40 41 43 46 47 48 49 51 52 54 55 56 60 66 67 68 69 71 72 74 76 77 78 79 83 84 85 90 93 94
haunter 26
habenas 49
heather 5 10 12 21 48 55 71 72 79 100
habenda 49
heathen 4 5 9 10 20 24 27 28 32 40 41 45 49 51 53 55 56 65 66 69 72 73 76 77 78 79 80 81 85 88 99
habendi 49 97
herlews 9
havanas 36 79
haihoop 55
havanna 60
halleck 51
huggard 55
habemus 12 49 55
habeant 49
habebat 49
hetty’s 23
habebis 45
habebit 49
heiress 10 11 14 16 21 23 27 39 41 52 77 79 84 85 94
helming 20
huggeth 26
holders 20 27 28 40 51 78 79 85 89 94
holdeth 9 20 26 45 55
holdest 20 27 40 77 88
haarlem 40 46
hottest 12 15 20 32 39 44 49 55 60 70 72 77 78 79
hauerli 53
hauerle 53
hauernj 53
haueria 53
halle’s 34
hampers 73 94
ha’nted 69
hertwig 55
holding 1 3 4 5 6 7 8 9 10 11 12 13 14 16 17 18 19 20 21 22 23 26 27 28 29 30 31 32 33 34 35 36 37 38 39 40 41 42 43 44 45 46 47 48 49 51 52 53 55 56 57 58 59 60 61 63 65 66 67 68 69 70 71 72 73 74 75 76 77 78 79 80 82 83 84 85 86 88 89 90 93 94 98
hurries 12 27 50 51 55 60 65 66 74 76 78 80 90
hurried 1 3 4 5 6 7 9 10 11 12 13 14 16 17 18 19 20 21 22 23 27 28 29 30 31 32 33 34 36 37 38 39 40 41 42 43 44 46 47 48 49 51 52 54 55 56 57 58 59 60 65 66 67 68 69 71 72 73 74 76 77 78 79 80 81 82 83 84 85 88 90 93 94 99
hanbury 71 83
hugging 14 31 33 37 39 40 41 44 55 57 66 70 71 77 78 82 88 94
hoplite 80
helmers 36
helmets 9 12 13 20 22 39 45 53 55 65 77 78
higkeit 63
holmes. 21 43
hurrira 53
hampden 74 90
hopkins 20 21 32 69 71 81
hancock 55
heleine 9
harbury 75
halcyon 10 26 34 49 55 84 92
hypanis 49
hartiga 53
however 1 2 3 4 5 6 7 8 9 10 11 12 13 14 15 16 17 18 19 20 21 22 23 24 25 26 27 28 29 30 31 32 33 34 35 36 37 38 39 40 41 42 43 44 45 46 47 48 49 50 51 52 53 54 55 56 57 58 59 60 61 63 64 65 66 67 68 69 70 71 72 73 74 75 76 77 78 79 80 81 82 83 84 85 86 87 88 89 90 91 92 93 94 95 96 97 98 99 100
hallway 13 18 42 51 55 59 62 67
harkers 46
hinfant 46
heating 14 18 27 35 45 49 72 80
helen’s 10 12 22 65
haerens 49
heathor 20
hekinah 73
harking 30 41 55
harbour 6 7 9 16 19 22 26 37 42 46 49 55 60 64 65 71 73 74 76 77 78 80 81 82 88 90 92 98 100
hollows 1 5 10 12 13 28 33 39 40 49 56 57 71 72 76 77 98
harbors 28 40 79
hooping 12 99
hallows 55
hercule 49
habetur 49
hampton 22 40 46 48 51 55 68 94
hanched 55
hatband 14 40 68 75 76
humeris 49
hiccups 55
hallock 85
hegarty 55
halloed 72
hinxman 97
hjckrrh 3
hazards 4 12 16 32 40 49 60 65 71 73 77
humours 7 16 21 26 44 45 49 65 68 71 72 73 77 78 80 82
hogarth 40 94
humored 12 18 19 27 39 40 41 50
humorem 49
hermoin 65
hermosa 55
hervise 9
hogshed 88
hedging 34 60
healing 12 14 18 19 26 27 35 38 41 46 48 51 55 56 65 68 69 71 76 77 78 80 81 85 88 92 94
huddled 5 6 8 12 13 17 21 22 23 27 33 34 37 39 42 48 49 51 54 55 57 58 60 65 68 69 77 78 83 94
hyrtius 65
handeln 63
handelt 63
hermine 79
hermits 12 40 41 69 77
hermite 26
homijah 55
handbag 48 55
huswife 16
hairier 44
hockley 68
heissen 63
hagadah 55
hurst’s 11
hanukah 55
hominem 49
homines 49 84 92 98
hectors 77
hominum 40 49 98
hominis 7 49
hominnm 49
herdmen 9
hemison 9
hunting 1 3 4 5 6 9 10 11 12 13 15 16 17 21 22 23 26 27 28 30 32 33 34 35 37 38 39 40 41 43 45 46 48 49 51 53 55 56 58 60 67 68 69 70 71 72 73 76 77 78 79 80 88 92 94 97
helenas 65
hoffset 63
helenes 65
hermann 80
hatters 3
helenus 65
hapless 10 13 22 24 27 37 40 55 65 69 71 74 77 78 79 88 90 94 98
hatbrim 55 94
hunters 4 5 6 9 12 19 23 27 28 30 31 32 33 38 39 40 41 43 45 46 49 56 65 66 76 77 80 81 94
hunter. 21
healers 39
herding 22 33 40 51 67 92
healeth 26 27 88
hielten 63
headers 6 14 40 45 63
hackett 55 97
hatless 12 13 18 48 55 56 72
heregar 20
hatched 5 14 22 28 33 37 38 39 40 47 53 55 57 60 80
hatchet 1 17 22 30 32 38 39 40 47 48 49 53 55 60 69 70 77 79 88 94 99
hatches 5 6 28 40 60 81 98
hernani 12 84
hoboing 13
harlowe 83
hogan’s 42
harlots 26 41 55
heauton 49
hospice 55
hospita 49
heeling 40 48 70
heading 6 12 13 14 21 22 27 30 33 34 35 39 40 41 43 53 55 66 70 71 76 78 82
hacking 28 39 40 51 55 60
hashbaz 55
humor’s 40
huseful 12
herealt 45
handsaw 85
handsel 9
hinging 34
heredia 53
heelers 13
haldudo 77
hulkers 14
haughty 7 9 10 11 12 13 14 17 19 26 27 28 37 38 39 40 41 42 43 46 49 51 53 55 65 67 68 70 71 72 74 76 77 78 79 81 83 85 90 94 100
hairoil 55
handing 1 5 12 13 14 18 21 22 23 27 34 37 39 40 42 45 46 50 55 56 68 71 75 77 78 79 80 94
holdups 13
handier 6 27 55 56 57
halving 40
handily 27 60
health. 38 41
hayfork 39
healthy 1 2 5 8 10 11 12 14 16 18 19 21 23 24 26 27 28 29 34 35 36 37 38 39 40 41 44 46 48 49 50 51 54 55 56 57 59 60 61 62 65 68 70 71 72 73 76 77 78 79 80 81 83 84 85 88 89 90 92 94 97
healths 45 46 76 94
hairpin 36 42 55
haworth 5
handful 9 10 12 13 14 17 18 20 23 26 28 29 30 31 37 38 39 40 41 46 48 49 50 55 60 68 69 72 76 77 78 79 81 83 85 92 93 94 99 100
hissing 4 13 14 23 27 28 31 33 39 40 42 46 47 48 53 54 55 59 65 68 76 77 84 93 98
hulking 6 22 51 67 80
handker 55
hurryin 70
henetia 65
handles 9 12 13 14 28 40 46 47 49 56 65 66 68 75 77 79 91 94
handled 6 7 9 10 12 13 14 16 18 20 21 22 31 33 39 40 43 44 45 46 49 54 55 60 61 69 70 71 77 78 79 81 84 88 94
hisseln 72
hisself 6 13 27 34 40 46 70 71 78
hygiene 12 40 55
honesti 84
honesta 49
honesty 2 4 6 7 12 13 15 16 19 22 26 27 28 29 37 40 41 42 45 46 49 51 54 60 71 73 78 79 80 81 83 88 89 92 94 97
hardily 10 60 93
hardier 9 20 28
heavins 68
heaving 5 6 10 12 13 14 21 22 27 28 32 37 39 40 41 44 46 48 55 57 59 65 68 69 70 71 72 73 74 76 77 78 79 83 84 85 90 93
heavily 1 4 5 6 9 10 12 13 14 17 18 19 20 21 22 23 26 27 29 30 31 32 33 34 37 38 39 40 41 42 43 44 46 47 48 49 51 55 56 57 59 60 61 66 67 68 69 71 74 76 77 78 79 81 82 83 84 85 86 88 90 92 93 94 98
hurteth 26 45
heavier 4 5 6 8 11 14 17 21 22 26 27 30 31 35 38 39 40 44 46 48 49 51 55 65 68 69 71 72 74 76 77 78 80 83 88 89 90 93 94 99
hippias 49 80
heavied 55
honnore 53
hunched 6 8 17 22 39 43 48 55 70
headsep 63
haley’s 27
harmful 20 37 39 59
hereric 20
heureux 12
hosiery 18 55
hosiers 55
honeyed 10 17 22 39 41 77 79 80
harvard 40 51 83
hurting 10 12 13 14 16 26 27 30 37 38 39 41 44 45 46 49 50 51 55 61 70 71 73 77 78 81 88 94 97
horne’s 55
hurtful 7 9 12 15 44 49 60 72 80 81 83 88 89 97
helotic 55
heretic 26 41 49 77 82 89
headway 6 12 28 40 51 56 69 70 81 84
heremod 20
heremon 55
hiantes 49
hiantem 49
hackney 9 11 12 14 55 68 71 76 77 78 79 83
herward 20
headman 31
hauynge 53
hackles 43
hurtled 9 48
hafflin 46
hackman 27
hackmen 4
holohan 42 55
heloise 94
heavers 40 68 71
heaven. 22 37 80
heavens 1 4 11 12 13 14 16 17 19 20 21 22 23 26 27 28 29 31 36 37 38 39 40 41 43 44 45 46 47 48 49 50 51 55 57 64 65 66 67 68 69 71 72 74 75 76 77 78 79 80 81 82 84 85 88 90 92 94 95 98 99 100
hornato 53
hopeton 56
hardest 4 10 11 12 14 21 22 26 27 28 30 31 33 34 37 38 39 40 44 47 48 49 50 51 55 56 57 58 59 68 69 70 71 76 77 78 81 84 85 94
hardens 8 10 12 14 23 49
hornbug 27
hashish 12 79
hordine 53
huntley 31 81
helping 4 5 6 10 12 13 14 16 19 20 21 22 23 26 27 28 30 31 32 33 34 35 36 37 39 40 41 42 43 44 45 46 48 49 51 55 56 57 59 60 62 65 70 71 72 73 75 76 77 78 79 80 81 88 89 91 92 93 94
hessian 12 13 39 52
heron’s 35 40
herodes 84
heroded 84
hanwell 48
herodot 65
hebrews 7 12 26 28 40 41 45 55 81 89 99
hengest 20
halffed 55
history 1 3 4 7 8 9 10 11 12 13 14 15 16 19 20 21 22 23 26 27 28 29 30 32 33 34 37 38 39 40 41 42 43 44 45 46 47 48 49 50 51 52 53 55 56 57 60 61 63 65 66 67 68 69 70 71 72 73 74 75 76 77 78 79 80 81 82 83 84 85 88 89 90 92 94 95 96 97 98
helpers 10 13 20 30 31 45 46 80
humphry 32 83
helpful 7 12 14 18 36 39 46 47 48 53 56 60 65 71 76 77 83 85 88 92 94 95
higelac 20
herod’s 40 55
heedeth 20
hidalgo 55 77
honneur 49
harvest 4 10 12 13 15 21 22 23 26 28 32 33 35 39 40 41 45 46 47 49 51 52 55 56 60 64 65 66 69 71 72 73 74 75 76 77 78 80 81 84 85 86 88 90 94 97 98
hulling 73
hoisted 4 6 10 12 13 14 18 22 23 30 31 33 34 40 42 48 53 55 65 68 69 70 71 73 76 77 79 81 82 94
hoister 13
harming 10 14 35 39 46 72 76 80 94
hooroar 14 76
harmony 8 10 11 12 13 15 16 18 19 20 21 23 26 27 28 35 37 39 40 41 45 46 47 49 51 53 55 57 65 69 71 74 77 78 79 80 81 82 83 84 85 88 89 90 92 95 96
hetwars 20
heiling 92
heeding 10 12 14 22 29 37 39 40 41 48 49 68 72 77 78 85
heilige 41
hurtado 77
hringed 20
hebraic 12
hodgson 5
heedful 14 24 40 65 66 69 76 77 85
hopeful 2 3 4 10 12 14 17 21 26 28 31 39 40 46 49 51 55 57 66 68 69 71 72 73 76 78 79 83 88 92 93 94
