i. 12 38 41
ia 12 53 85
ic 20 63
id 12 22 41 49 55 63 65 68 84 97 98
ie 53 64
if 1 2 3 4 5 6 7 8 9 10 11 12 13 14 15 16 17 18 19 20 21 22 23 24 25 26 27 28 29 30 31 32 33 34 35 36 37 38 39 40 41 42 43 44 45 46 47 48 49 50 51 52 53 54 55 56 57 58 59 60 61 62 63 64 65 66 67 68 69 70 71 72 73 74 75 76 77 78 79 80 81 82 83 84 85 86 87 88 89 90 91 92 93 94 95 96 97 98 99 100
ii 1 3 4 5 7 9 10 12 13 14 15 16 17 18 19 20 21 22 23 26 27 29 30 31 32 34 36 37 39 40 41 44 45 46 47 48 49 50 51 53 55 56 57 58 59 60 61 65 67 68 69 70 71 72 73 75 76 77 78 79 80 81 82 83 84 85 88 89 90 92 93 95 96 97 98
il 7 10 12 18 22 39 41 44 49 53 55 65 79 84 92
im 31 46 55 63 69 70
in 1 2 3 4 5 6 7 8 9 10 11 12 13 14 15 16 17 18 19 20 21 22 23 24 25 26 27 28 29 30 31 32 33 34 35 36 37 38 39 40 41 42 43 44 45 46 47 48 49 50 51 52 53 54 55 56 57 58 59 60 61 62 63 64 65 66 67 68 69 70 71 72 73 74 75 76 77 78 79 80 81 82 83 84 85 86 87 88 89 90 91 92 93 94 95 96 97 98 99 100
io 12 40 49 53 92
ip 39
ir 13 27 39 53
is 1 2 3 4 5 6 7 8 9 10 11 12 13 14 15 16 17 18 19 20 21 22 23 24 25 26 27 28 29 30 31 32 33 34 35 36 37 38 39 40 41 42 43 44 45 46 47 48 49 50 51 52 53 54 55 56 57 58 59 60 61 62 63 64 65 66 67 68 69 70 71 72 73 74 75 76 77 78 79 80 81 82 83 84 85 86 87 88 89 90 91 92 93 94 95 96 97 98 99 100
it 1 2 3 4 5 6 7 8 9 10 11 12 13 14 15 16 17 18 19 20 21 22 23 24 25 26 27 28 29 30 31 32 33 34 35 36 37 38 39 40 41 42 43 44 45 46 47 48 49 50 51 52 53 54 55 56 57 58 59 60 61 62 63 64 65 66 67 68 69 70 71 72 73 74 75 76 77 78 79 80 81 82 83 84 85 86 87 88 89 90 91 92 93 94 95 96 97 98 99 100
iu 53
iv 1 3 4 5 7 9 10 12 13 14 16 17 18 19 20 21 22 23 26 27 29 30 32 34 37 39 40 41 44 45 46 47 48 49 50 51 53 55 56 57 58 60 61 65 67 68 69 70 71 72 73 76 77 78 79 80 81 82 83 84 85 88 89 90 91 92 93 95 96 97 98
ix 1 3 4 5 7 9 10 12 13 14 16 17 18 19 20 21 22 23 26 27 29 32 39 41 42 45 46 47 48 49 51 53 56 57 58 60 61 65 67 68 69 70 71 72 73 76 77 78 79 80 81 82 83 85 88 90 92 95 97
