l’a 12
l’h 12
l’s 12
l’u 39
l.a 92
la. 12
lad 3 4 5 6 7 8 9 10 11 12 13 14 17 21 23 27 34 38 39 40 41 42 43 44 46 48 49 50 51 52 55 56 59 66 68 69 71 72 73 77 78 79 81 83 93 94
lac 12 40 53
lag 22 26 46 49 52 55 65 68
lal 55 84
lak 30
lan 12 53 70
lam 17 69 81 91
lap 3 4 5 6 7 9 10 12 13 14 17 18 19 20 21 23 24 27 28 30 31 33 38 39 40 41 42 44 46 49 52 55 56 59 61 66 67 69 70 71 72 73 74 76 77 78 79 88 90 92 94 96 99
lao 53
lar 78 94
lat 20 49 81
las 12 30 53 55 70 77
lav 23
lax 32 51 71 75 78 83
law 1 2 3 4 5 6 7 8 9 10 11 12 13 14 15 16 17 18 19 20 21 22 23 24 25 26 27 28 29 30 31 32 33 34 35 36 37 38 39 40 41 42 43 44 45 46 47 48 49 50 51 52 53 54 55 56 57 58 59 60 61 62 63 64 65 66 67 68 69 70 71 72 73 74 75 76 77 78 79 80 81 82 83 84 85 86 87 88 89 90 91 92 93 94 95 96 97 98 99 100
lay 1 3 4 5 6 7 8 9 10 11 12 13 14 15 16 17 18 19 20 21 22 23 24 25 26 27 28 29 30 31 32 33 34 35 37 38 39 40 41 42 43 44 45 46 47 48 49 50 51 52 53 54 55 56 57 58 59 60 61 63 64 65 66 67 68 69 70 71 72 73 74 75 76 77 78 79 80 81 82 83 84 85 88 89 90 91 92 93 94 95 97 98 99 100
lbs 40 55 83
lea 10 28 39
led 1 3 4 5 6 7 8 9 10 11 12 13 14 15 16 17 18 19 20 21 22 23 24 26 27 28 29 30 31 32 33 34 35 36 37 38 39 40 41 42 43 44 45 46 47 48 49 50 51 52 53 54 55 56 57 58 59 60 61 65 66 67 68 69 70 71 72 73 74 75 76 77 78 79 80 81 82 83 84 85 88 89 90 92 93 94 95 97 100
lee 6 10 14 15 21 40 51 55 60 68 69 71 73 76 81 84 94
leg 4 5 6 8 9 10 12 13 14 16 17 18 21 22 26 27 28 30 31 33 34 37 38 39 40 41 42 44 46 48 49 53 55 56 58 59 60 61 62 65 66 67 68 69 70 71 72 73 76 77 78 79 81 82 83 84 85 91 92 93 94 98 99 100
lei 55 92
len 12 39 53 63 70
leo 7 12 20 39 40 41 42 45 49 53 55 79 83
ler 20
let 1 2 3 4 5 6 7 8 9 10 11 12 13 14 15 16 17 18 19 20 21 22 23 24 25 26 27 28 29 30 31 32 33 34 35 36 37 38 39 40 41 42 43 44 45 46 47 48 49 50 51 52 53 54 55 56 57 58 59 60 61 62 63 64 65 66 67 68 69 70 71 72 73 74 75 76 77 78 79 80 81 82 83 84 85 86 88 89 90 91 92 93 94 95 96 97 98 99 100
les 9 10 12 18 23 37 39 41 43 44 49 53 55 79 84 91 92 94
lev 37 97
leu 12
lex 12 45 55 80 97
ley 53
lga 39
lib 4 49 53 55 63 65 84 97
lid 6 10 12 14 18 21 22 27 28 37 38 39 40 42 44 46 48 50 55 56 59 62 66 68 69 70 71 72 76 78 79 84 93 94
lic 55
lie 1 3 4 5 6 7 8 9 10 11 12 13 14 15 16 17 18 19 20 21 22 23 24 25 26 27 28 29 30 31 32 33 34 35 36 37 38 39 40 41 42 43 44 45 46 47 48 49 50 51 53 54 55 56 57 58 59 60 61 62 63 64 65 66 67 68 69 70 71 72 73 74 76 77 78 79 80 81 82 83 84 85 88 89 90 91 92 93 94 97 98 99 100
lig 55 72
lii 14 26 49 68 71 77 78
lil 55
lik 83 91
lin 53 55 83
lim 12 53
lip 1 4 10 12 14 16 17 18 19 21 23 26 27 28 30 31 33 34 37 39 40 41 42 43 44 46 48 49 50 53 54 55 60 67 68 69 70 71 72 73 75 76 77 78 79 84 88 89 93
lit 3 6 8 10 13 17 18 19 21 22 23 27 28 30 33 34 35 36 38 39 40 42 43 46 47 48 49 54 55 57 59 65 66 67 68 69 70 72 77 78 79 83 84 86 91 94 100
lis 23 79
liv 14 26 49 55 65 71 77 78 83
lix 12 14 18 26 53 55 71 77 78
liz 55 78
lka 39
llc 6 7 8 9 22 27 29 30 48 56 64 66 70 84
lle 63
lli 62
llt 63
lna 39
lob 53
loe 45
log 4 5 6 12 13 18 23 27 28 29 30 33 34 35 37 38 39 40 41 43 44 46 51 53 56 57 60 63 69 70 71 76 77 78 79 83 85 94
loi 39
lol 68
lon 12 73
lop 6 49 78
loo 11 14 40 55 66 68 76
lor 4 14 27 46 49 53 55 63 68 71 83 94 98
lot 1 2 3 4 5 6 7 8 9 10 11 12 13 14 15 16 17 18 19 20 21 22 23 24 25 26 27 28 29 30 31 32 33 34 35 36 37 38 39 40 41 42 43 44 45 46 47 48 49 50 51 52 53 54 55 56 57 58 59 60 61 62 63 64 65 66 67 68 69 70 71 72 73 74 75 76 77 78 79 80 81 82 83 84 85 86 87 88 89 90 91 92 93 94 95 96 97 98 99 100
los 53 55 60 63 66 70 77 87
lov 20 37 39 83 98
lou 55
low 1 3 4 5 6 7 8 9 10 11 12 13 14 15 16 17 18 19 20 21 22 23 25 26 27 28 29 30 31 32 33 34 35 36 37 38 39 40 41 42 43 44 45 46 47 48 49 50 51 52 53 54 55 56 57 58 60 61 65 66 67 68 69 70 71 72 73 74 76 77 78 79 80 81 82 83 84 85 86 88 89 90 91 92 93 94 96 97 98 99 100
loy 12 53
lsk 39
ltd 55 63 89
lub 12 53 55
lud 78
luc 12 53
lug 14 40 55 69 70 72 73
luj 53
lui 10 12 39 41 53 55 65 84
luk 39 45
lun 49
lum 20 55
lus 12 55
lux 12 42 49
luz 53
luy 49 53
lvi 14 26 49 71 77 78 98
lvl 63
lxi 26 53 71 77 78
lxv 26 49 77 78
lxx 26 77
lya 39
lye 40 45 77 80 91 98
lys 12 79
