ltnis 63
l.f.b 61
ltsev 39
l.l.d 54
l.m.c 4
llama 12 53 82
llana 77
lcker 20
lubom 39
ludit 49
ludum 49
lucum 28 49
ludat 49
lucet 49
lucem 77
lucis 49
luck. 38
lucia 53 55 77 79
lucid 10 12 14 21 28 29 39 47 49 65 69 71 73 77 80 84 88 94
lucie 76
lucky 1 4 5 6 11 12 13 14 16 17 19 21 22 23 25 26 27 28 29 33 35 36 37 38 39 40 41 43 44 45 48 49 51 55 56 57 58 61 66 67 68 69 70 71 72 73 76 77 78 79 82 83 84 92 94 100
lucre 10 12 41 55 65 80 88 94
lucar 53 77
lucas 9 11 13 53 55 81 83
lucat 49
lucan 9 42 49 55 65
llige 63
lucca 7 20 39 45 49 79
luffs 40
luffy 78
lloyd 10 13 32 46 51 81
luisa 77
luise 12 37
luigo 53
luigi 7 55 77 79
lumen 27 49
lulls 12 18 27 28 40 55 64 65 78
lully 84
luken 81
luoco 53
luogo 53
lunae 49
lunam 49
lunar 10 14 26 40 55 71
lunas 77
lunch 5 10 13 14 18 21 23 28 34 35 37 39 41 42 43 46 47 48 55 56 57 62 66 67 70 71 76 78 93 94
lunes 9
lundy 55
lunge 17 20 30 44 55 65
lungs 5 8 10 12 13 14 16 27 28 34 37 39 40 46 47 48 49 55 57 59 65 66 68 70 71 72 73 78 79 84 85 88 92
lummy 68
lumos 73
lumpy 5 18 23 55 78 94
lumps 5 9 12 13 18 31 33 37 39 40 42 46 48 49 55 57 66 67 71 72 75 76 77
lupus 49 55
lupis 49
lusit 49
lurch 6 13 24 38 41 42 67 71 77 78 84 94
lured 12 13 14 17 21 23 26 35 39 46 55 71 76 78
lures 26 30 41 49 71 77 88
lurid 10 20 21 23 25 27 29 31 40 41 46 47 48 54 55 56 71 78 84 85 94
lurks 12 23 40 43 49 51 55 72 76 92
lutum 49
lusus 10 49 73
lustr 49
lusts 1 9 10 12 13 26 31 32 37 42 44 45 48 49 55 60 80 88
lusty 9 22 28 30 31 40 44 49 51 55 60 71 72 77 78 79 93 98
lutea 49
lutes 23 42 77
luxus 49
luzon 53
ldotp 63
ldots 63
lvaro 77
lviii 14 26 53 71 77 78
lee’s 32
leaps 12 13 14 18 21 26 28 39 40 49 51 55 61 65 77 79 88 89 98
leapt 6 8 9 10 17 20 24 34 35 37 38 39 41 46 47 51 59 66 72 81 98
least 1 2 3 4 5 6 7 9 10 11 12 13 14 15 16 17 18 19 20 21 22 23 25 26 27 28 29 30 31 32 33 34 36 37 38 39 40 41 42 43 44 45 46 47 48 49 50 51 52 53 54 55 56 57 58 59 60 61 63 64 65 66 67 68 69 70 71 72 73 74 75 76 77 78 79 80 81 82 83 84 85 86 88 89 90 91 92 93 94 95 96 97 98 99 100
leath 55
learn 1 2 3 4 5 6 7 8 9 10 11 12 13 14 15 16 17 18 19 20 21 22 23 24 25 26 27 28 29 30 31 32 33 34 35 36 37 38 39 40 41 42 43 44 45 46 47 48 49 50 51 52 53 54 55 56 57 58 59 60 61 62 63 64 65 66 67 68 69 70 71 72 73 74 75 76 77 78 79 80 81 82 83 84 85 86 87 88 89 90 91 92 93 94 95 96 97 98 99 100
lears 9
leary 55
lease 6 11 12 15 25 44 49 51 55 71 73 79 85
leash 39 40 47 48 49 67
leave 1 2 3 4 5 6 7 8 9 10 11 12 13 14 15 16 17 18 19 20 21 22 23 24 25 26 27 28 29 30 31 32 33 34 35 36 37 38 39 40 41 42 43 44 45 46 47 48 49 50 51 53 54 55 56 57 58 59 60 61 62 63 64 65 66 67 68 69 70 71 72 73 74 75 76 77 78 79 80 81 82 83 84 85 86 87 88 89 90 91 93 94 97 98 99 100
leach 28
lead. 80
leade 91
leads 4 6 7 10 11 12 13 14 15 16 20 21 26 27 28 34 36 37 38 39 40 41 42 43 44 46 49 50 51 52 53 55 56 61 63 64 65 68 70 71 72 73 75 76 77 78 79 80 81 82 84 85 88 92 94 95 97
leafy 9 10 18 23 39 49 52 56 65 70 71 77 79 84
leaks 40 55 73 97
leaky 13 14 31 40 49 60 68 69 70 71 73 80
leans 10 12 13 22 36 40 49 55 70 77 78 85
leant 3 6 10 17 19 38 41 44 46 47 59 68 71 72 77 78
lecto 49
lecoq 34
lecti 53
lebel 12
leben 26 63
leein 5
leeke 45
leeks 45 49
leers 55
leeuw 74
leech 4 9 12 26 40 42 46 55 78 85
leeds 43 44 46 83
ledge 3 6 10 17 27 29 30 33 34 37 39 40 46 55 57 60 69 70 71 72 76 78 84 94
leo’s 42
ledst 85
lehar 50
legni 53
legno 53
legs. 38
legui 53
legua 53
legue 53
legal 1 2 3 4 5 6 7 8 9 10 11 12 13 14 15 16 17 18 19 20 21 22 23 24 25 26 27 28 29 30 31 32 33 34 35 36 37 38 39 40 41 42 43 44 45 46 47 48 49 50 51 52 53 54 55 56 57 58 59 60 61 63 64 65 66 67 68 69 70 71 72 73 74 75 76 77 78 79 80 81 82 83 84 85 86 87 88 89 90 91 92 93 94 95 96 97 98 99 100
leged 91
legem 49 55
leger 55
leges 49
legge 53
leggo 70
leghe 53
lefte 53
left. 31
lefts 55
leite 53
leith 14 55 81
leigh 68
let’s 3 5 6 12 14 17 19 21 25 27 28 33 35 37 39 40 41 42 47 50 51 55 56 59 67 68 69 71 76 77 79
lehre 63
lenka 39
lenox 32 53 81
lenta 49
lente 46 98
lento 92
lents 40 83
lemys 12
lence 6
lend. 71
lends 12 20 23 26 32 40 44 49 53 64 65 77 79 88 89 94
lency 39
lenis 49
lemme 13 67 69 70
lemon 6 14 18 21 27 37 48 55 56 60 66 67 71 73 78 81 94
lemos 77
lemur 47 55
leman 9 55
lepre 49
lepus 28
leper 9 23 39 40 46 49 55
leona 53 81
leone 53 81
leoni 49 53
lniki 39
leovs 91
leroy 13
leuar 53
letez 12
letho 49
lethe 12 46 55 85
lethi 49
letum 49
letti 53
leste 12
letch 44
lesse 45
lewes 37 78
lewis 3 11 28 55 56 67 76 80 81
levin 10 55
levis 49
levit 45
levna 39
levee 12 27 39 55 73 83 94
levem 49
level 4 6 10 12 13 14 16 17 18 21 22 26 27 28 30 31 32 33 34 35 37 39 40 41 42 43 44 46 47 48 49 50 51 55 57 60 63 65 67 68 70 71 72 73 74 76 77 78 79 80 84 85 89 90 92 94 95 96 97 98
leven 12
leves 49
lever 10 12 13 26 28 39 47 55 67 71 79 84 86
levia 49
leuke 65
leurs 10 12
lexic 65
lexil 65
leyte 53
leyva 49
local 1 11 12 13 14 15 16 19 21 27 39 40 41 43 44 46 48 49 51 52 55 56 57 65 66 67 68 71 73 76 77 78 80 85 86 89 94 96 97 100
locas 49
lobes 28 40 42 55
lobed 28
loath 9 18 20 22 30 40 41 43 44 46 47 48 49 53 60 94
loavs 91
lobau 12
lobby 1 10 11 12 13 19 29 72 79
loads 12 13 27 28 31 39 40 49 53 65 69 70 73 76 78 79 88
loafs 69
loans 21 39 42 55 71 83
lodes 34
lodge 5 6 9 10 11 12 14 18 21 28 30 34 37 39 40 41 43 44 48 49 55 57 60 65 66 68 69 71 72 73 76 77 78 79 81 83 99
locis 49 97
locho 53
locks 1 3 5 8 9 10 12 13 14 15 24 26 27 28 36 37 38 39 40 41 42 43 44 45 46 48 49 52 55 56 58 61 65 68 71 72 74 76 77 78 79 83 85 86 90 94
locke 80 83 89 92 95 97
locos 49
locus 21 49 55 84
locum 49 55
logas 81
logan 40 83
logge 53
logik 63
logic 12 18 21 23 27 28 29 31 37 39 41 46 49 51 63 77 78 79 80 83 84 88 89 92 95 98 100
lofts 44 71
lofty 1 6 7 10 11 12 13 14 18 20 22 26 28 31 32 33 34 37 38 39 40 41 42 43 44 46 49 50 51 52 53 55 65 66 68 69 71 73 74 76 77 78 79 80 82 83 84 85 88 89 90 92 93 94 100
loewe 65
lot’s 9 10 55
lfoot 62
loike 5 72
loins 12 22 26 28 29 31 38 39 40 44 46 53 55 56 69 73 77 79 81 99
loire 12 44 53 79
logon 65
logos 45 55
logue 55
lov’s 37 39
lokum 55
loker 27
lomas 53
lolls 25 55
low’s 12 55
lxiii 26 71 77 78
loons 28
loops 6 14 29 31 33 35 55 79
loose 1 2 3 4 5 6 7 8 9 10 11 12 13 14 15 16 17 18 19 20 21 22 23 24 25 26 27 28 29 30 31 32 33 34 35 36 37 38 39 40 41 42 43 44 45 46 47 48 49 50 51 52 53 54 55 56 57 58 59 60 61 63 64 65 66 67 68 69 70 71 72 73 74 75 76 77 78 79 80 81 82 83 84 85 86 87 88 89 90 91 92 93 94 95 96 97 98 99 100
loots 39
looee 13
look. 31 71
looke 28 45 98
looks 1 4 5 6 7 8 9 10 11 12 13 14 16 17 18 19 20 21 22 23 25 26 27 28 29 31 32 33 36 37 38 39 40 41 42 44 45 46 47 48 49 50 51 52 53 54 55 56 57 58 60 61 64 65 66 67 68 69 70 71 72 73 74 75 76 77 78 79 80 81 84 85 86 87 88 90 91 92 93 94 95 97 98 99 100
looky 69 70
looms 22 55 65 71 78 85 94
long. 38 71 80
longa 49 53 55
longi 49 53
longe 49 98
longs 23 26 41 44 49 55 64 66 70 85 88 92
longo 49 53
loqui 49
lord. 38 41 79
lopus 98
loqal 53
loped 30 55
lopes 55
lopez 12 53 55 77 98
losin 27
loss. 72
losse 45
lost. 24 31 38 41
lossa 13
lose. 79
losel 55
loses 7 10 12 23 26 27 28 35 39 40 41 45 49 55 57 58 64 66 68 70 71 72 77 78 79 80 83 84 85 88 89 92 93 94 96 97
loser 11 16 30 49 54 66 71 77 79 80
lordy 69 70
lords 7 9 12 14 15 16 21 22 26 27 28 33 37 40 45 48 49 55 65 68 71 73 74 76 77 78 79 80 81 82 83 88 90 91 94 96 97 98
lorn. 71
lorry 55 76
love. 17 71 75
loved 1 4 5 7 8 9 10 11 12 13 14 16 17 18 19 20 21 22 23 26 27 28 29 30 31 32 33 35 36 37 38 39 40 41 42 43 44 45 46 48 49 50 51 52 53 54 55 56 57 60 61 64 65 66 67 68 69 70 71 72 73 74 75 76 77 78 79 80 81 82 83 84 85 87 88 90 92 93 94 97 99 100
lovey 55 94
lover 1 2 4 7 9 10 11 12 13 14 15 16 18 19 21 22 23 26 27 28 35 37 38 39 40 41 42 44 46 49 51 52 54 55 59 64 65 66 67 68 71 72 73 74 76 77 78 79 80 81 82 83 84 85 88 90 92 94 100
loves 4 6 10 11 12 13 14 16 18 19 20 21 22 23 24 25 27 28 32 33 36 37 38 39 40 41 42 44 45 46 49 50 51 55 56 57 58 63 64 65 66 67 68 71 72 76 77 78 79 80 82 84 85 88 91 92 94 95 97 98
loups 12
louse 12 37 39 49 73
lousy 41 49 55
lours 65
louth 55
louts 22 59
louck 91
lough 9 55
loues 91
louis 6 7 12 13 23 27 34 39 40 41 49 51 53 54 55 69 70 74 76 79 82 83 90
lotio 53
lotos 65 66
lotus 10 22 23 28 31 40 46 49 55 64 80 100
lotte 68
lotty 55 94
lowry 55
lowed 39 55 69 70
lower 1 3 4 5 6 7 8 9 10 11 12 13 14 16 17 18 19 20 21 22 23 26 27 28 29 30 31 32 33 34 35 36 37 38 39 40 41 42 43 44 45 46 47 48 49 51 53 54 55 56 57 58 59 60 62 63 64 65 66 67 68 69 70 71 72 73 74 75 76 77 78 79 80 81 82 83 84 85 86 88 89 90 92 93 94 95 96 100
lowly 4 7 9 10 12 16 27 32 40 41 48 51 52 55 65 68 71 77 78 85 88
lovna 39
lozon 53
loyal 1 4 7 12 17 20 22 31 32 39 40 41 47 49 53 55 56 65 66 71 72 76 77 78 79 80 83 94
li’le 18
lxvii 26 49 77 78
lya’s 39
lxxii 26 77
lxxix 26
lxxiv 26 77
lxxvi 26 53
lyaeo 49
lyars 45
lydia 11 49 55 65 80
lycia 12 65
lycon 49 65
lybia 49
lybis 49
lyeth 45 53
lying 1 3 4 5 6 7 8 9 10 11 12 13 14 17 18 19 20 21 22 23 25 26 27 28 29 30 31 32 33 34 35 36 37 38 39 40 41 42 43 44 45 46 47 48 49 50 51 52 53 54 55 56 57 58 59 60 61 65 66 67 68 69 70 71 72 73 74 76 77 78 79 80 81 83 84 86 87 88 89 90 91 92 93 94 95 97 98 99 100
lynns 10
lynam 55
lynch 12 32 51 55 69 70
lynde 56
lynne 55 81
lymph 12 37
lyons 12 42 43 44 45 49 55 74 79 81 83 90
lyric 12 49 55 65 67 77 80 82
lyran 65
lyres 26 78 80
l’inf 13
l’aer 55
l’agr 39
l’air 12
l’abb 12
l’ame 49
l’arm 39
l’art 49 55
l’eau 12 23
lhead 62
l’oil 49
l’ira 49
l’usa 65
l’uso 49
lie’s 39
liana 55
liard 12 49
liars 10 12 13 26 27 40 41 45 49 68 70 71 77 82 89 92
lib.2 45
licit 12
licht 63
licks 24 28 39 55 69 70 71 77
licky 55
licod 53
licud 53
libya 22 49 84
licet 7 12 26 49
lices 44
libra 40 49 83
libre 53
libri 53
libro 7 49 77
librr 53
liben 92
libel 4 15 37 41 49 55 67 68 94
liber 9 28 49 81 97
libey 49
liens 51
lies. 40
liest 9 26 40 63 65 77
liete 65
lieth 9 20 26 45 81 88 94
liers 91
lieut 16 55 84
lieve 9 70
lieto 49
lieue 53
liebe 94
liege 9 20 27 34 49 55 77
liegt 63
lida. 77
lidas 77
lides 49
ligue 10
ligar 49 53
lir’s 55
light 1 4 5 6 7 8 9 10 11 12 13 14 15 16 17 18 19 20 21 22 23 24 25 26 27 28 29 30 31 32 33 34 35 36 37 38 39 40 41 42 43 44 45 46 47 48 49 50 51 52 53 54 55 56 57 58 59 60 61 62 63 64 65 66 67 68 69 70 71 72 73 74 76 77 78 79 80 81 82 83 84 85 86 87 88 89 90 91 92 93 94 95 97 99 100
ligna 49
ligne 12 39
ligny 12 49 79
lifts 5 10 12 13 22 27 31 39 40 42 46 49 55 64 65 69 70 71 73 78 79 84 88 94
life. 16 31 38 41 49 71 76 79 80
lifer 14 68
liffs 39
lilac 5 10 12 18 23 27 28 37 39 41 55 56 67 71 72 78 100
lilas 23
lilia 49
likin 5
like. 14 38 41 42 71 77
liked 1 3 4 5 6 8 9 10 11 12 13 14 16 17 18 19 21 22 23 26 27 28 29 31 33 35 36 37 38 39 40 41 42 43 44 45 46 49 50 51 54 55 56 57 59 60 61 62 65 66 67 68 69 70 71 72 73 75 76 77 78 79 80 81 83 85 88 91 93 94 97 100
liken 40 49 80
liker 6 9 72 88
likes 3 4 5 6 10 11 12 13 14 16 17 18 19 20 22 23 27 29 34 35 36 37 38 39 40 41 43 44 46 48 49 50 55 56 58 59 68 69 70 71 72 75 77 78 79 80 82 88 89 93 94
lina. 38
linas 79
linea 49 53 55
lined 1 6 7 10 12 13 16 18 21 22 23 25 28 31 34 37 39 40 41 42 43 48 51 55 56 57 60 61 65 67 68 70 72 73 76 77 78 79 82 83 84 85 88 91 94
linen 1 7 10 12 13 14 16 18 19 21 22 23 27 28 31 32 34 35 37 38 39 40 41 43 44 46 49 50 53 55 60 65 66 67 68 70 71 72 73 74 75 76 77 78 79 80 82 83 84 85 90 93 94 100
lines 1 3 4 5 6 7 9 10 11 12 13 14 16 17 18 19 20 21 22 23 26 27 28 29 32 33 34 35 36 37 39 40 41 42 43 44 45 46 47 48 49 50 51 53 54 55 56 57 59 63 65 66 68 69 70 71 72 73 74 76 77 78 79 80 81 82 83 84 85 86 88 89 90 92 93 94 98 99
linda 4 30
linde 36
linga 53
lingo 39 40 50 55 70
linet 9
linie 63
lingy 94
linke 63
links 1 2 3 4 5 6 7 8 9 10 11 12 13 14 15 16 17 18 19 20 21 22 23 24 25 26 27 28 29 30 31 32 33 34 35 36 37 38 39 40 41 42 43 44 45 46 47 48 49 50 51 52 53 54 55 56 57 58 59 60 61 63 64 65 66 67 68 69 70 71 72 73 74 75 76 77 78 79 80 81 82 83 84 85 86 87 88 89 90 91 92 93 94 95 96 97 98 99 100
limps 12 18 21 27 33 49 55 77 94
limam 12
limbs 1 3 4 5 6 7 8 9 10 12 13 14 17 18 19 20 21 22 23 24 26 27 28 31 32 33 34 35 37 38 39 40 41 43 44 45 46 47 48 49 51 52 54 55 57 60 61 64 65 66 68 69 70 71 72 73 74 76 77 78 79 80 81 82 84 85 88 90 92 93 94 97 98
limbe 45
limbo 12 22 55
limed 88
limes 14 16 39 41 60 78 81 94
limit 4 10 12 13 18 20 21 23 26 29 31 37 39 40 41 42 44 45 46 49 51 55 56 57 63 65 67 69 71 72 74 77 78 79 80 84 89 90 92 95 97
lille 12
lilly 67 99
lilts 55
lipan 53
lips. 71
liogh 53
lion. 38 49
lions 5 6 9 12 17 22 23 26 27 32 33 38 39 46 49 53 55 56 60 61 64 65 66 71 76 77 78 79 82 89 91 92 94 97 98 99 100
linna 81
linus 65
lirra 40
lique 12
lad’s 5 23 39 41 72
litre 34
litto 53
littr 53
litch 4
lithe 1 9 13 14 21 23 27 34 40 51 55 56 71 78 84
lisle 10 55
lisps 12 28
lisse 27
lista 53
lists 9 16 27 34 39 40 41 45 46 49 52 53 56 63 65 75 76 77 78 79 88 89 92 97
lisch 39
livor 49
livry 12
livre 49 55
livro 53
lived 1 3 4 5 6 7 8 9 10 11 12 13 14 15 16 17 18 19 20 21 22 23 26 27 28 29 30 31 32 33 34 35 37 38 39 40 41 42 43 44 45 46 47 48 49 50 51 52 53 54 55 56 57 58 59 60 61 63 65 66 67 68 69 70 71 72 73 74 76 77 78 79 80 81 82 83 84 85 87 88 89 90 91 92 93 94 95 97 98 99 100
live. 38
lives 1 2 3 4 5 6 7 8 9 10 11 12 13 14 15 16 17 18 19 20 21 22 23 27 28 29 30 32 33 34 35 36 37 38 39 40 41 42 43 44 45 46 47 48 49 50 51 53 54 55 56 57 58 59 60 61 63 64 65 66 67 68 69 70 71 72 73 74 75 76 77 78 79 80 81 82 83 84 85 87 88 89 90 91 92 93 94 95 96 97 98 99 100
liver 5 6 9 12 14 21 22 25 28 39 40 41 45 49 53 55 65 66 67 71 72 76 79 99
livia 49
livid 1 6 10 12 13 14 21 29 34 39 40 43 46 47 48 55 65 68 72 74 76 79 84 90 93
livio 7
livin 27 34 46 70
liure 49
laban 41 45 91
lizzy 10 11 27
laber 91
labeo 49
label 3 12 13 14 21 23 34 40 46 55 57 63 66 70 77 79 91 92 94
labia 44
lized 94
lades 83
laden 1 4 6 9 10 12 13 14 20 21 23 26 27 28 34 35 37 38 39 40 42 45 46 47 49 51 53 54 55 56 57 60 64 67 68 69 71 72 73 76 77 78 79 81 82 83 84 85 88 93 94
ladey 91
ladle 9 10 12 40 68 77
ladra 53
lacus 55
lacum 49
laces 12 18 27 31 38 55 56 57 66 71 79 94 99
lacer 12
laced 6 9 12 38 39 40 42 44 49 55 68 69 72 76 77 81 94 99
lacey 74 90
lacis 23
lacie 3
lacks 7 12 23 35 39 40 51 66 85 92
labor 4 8 12 13 17 18 19 20 27 28 32 39 40 41 49 51 52 53 69 79 83 84 85 94 99
labra 49
labri 53
lafon 12
laeto 49
laeve 49
lafed 91
laede 92
laert 65
laeta 49
lady. 41 71 77
ladys 55
lagie 12 18
lagny 12
lagos 53
lagus 53
lagan 53 55
lager 13 31 42 55 94
laime 13
laing 28
laine 12
lair. 38
lairy 68
lairs 17 22 33 46
laird 55 79
laity 1 11 45 55 78 81 89
laith 72
laide 12 49
laida 77
lalto 53
lalte 53
lalta 53
lambe 45 55
laman 53
lambs 6 10 12 13 22 24 26 28 38 46 49 55 65 66 70 71 72 73 78 79 94 99
lalba 53
lalan 53
law’s 10 11 12 16 19 32 39 51 54 71 72 77 79
lally 70
lalor 55
lalac 53
lake. 38 66
lakes 5 11 12 13 28 30 31 39 40 42 44 53 55 56 65 69 74 77 84 90 94 98
lakin 55
lanze 53
lanza 53
laoco 39 93
lanes 5 10 11 12 14 18 19 21 26 28 35 39 40 42 43 48 55 56 67 68 69 70 71 73 78 83 85 93 100
lange 20 55
langs 72
lanky 31 33 37 41 70 77 78
lanno 53
lansk 39
lanty 55
lamus 22
lance 7 9 12 20 28 33 39 40 46 49 53 55 60 65 77 79 94
land. 11 38
lancs 55
lands 6 7 8 9 10 12 13 14 15 16 20 22 26 27 28 32 33 34 35 38 40 41 43 45 46 48 49 51 52 53 55 56 60 65 70 72 73 74 76 77 78 79 80 81 88 90 92 93 94 96 97 100
lamed 14 49 60 68 72 73 78
lamer 14 33
lamia 77
lamps 1 3 5 10 12 13 14 18 19 21 23 33 34 37 38 39 40 41 42 43 46 48 49 53 54 55 59 67 68 71 73 76 77 78 79 83 84 91 93 94
laqal 53
laqel 53
lapis 23 33 49 53
lapin 55
lappe 12
lapse 7 10 12 14 15 16 21 22 23 27 28 29 34 39 40 41 44 46 48 51 55 68 71 72 74 77 78 79 84 85 90 94 95
lapel 42 55 69 78
larnt 27
larns 4
larst 46
larry 13 42 55
larum 55
larva 12 28
larby 55
larch 34 55 57 72
lardy 55
lares 45 71
large 1 3 4 5 6 7 9 10 11 12 13 14 15 16 17 18 19 20 21 22 23 25 26 27 28 29 30 31 32 33 34 35 36 37 38 39 40 41 42 43 44 45 46 47 48 49 50 51 52 53 54 55 56 57 58 59 60 61 62 63 65 66 67 68 69 70 71 72 73 74 75 76 77 78 79 80 81 82 83 84 85 86 87 88 89 90 91 92 93 94 95 96 97 98 99 100
larga 53
largo 53 65
larid 53
larks 10 14 39 49 55 66 71 72 78 79 94
laudo 49
laude 49 53
laugh 1 3 4 5 6 7 8 9 10 11 12 13 14 16 17 18 19 21 22 23 24 25 26 27 28 29 30 31 32 33 34 35 36 37 38 39 40 41 42 43 44 46 47 49 50 51 52 54 55 56 57 58 59 60 61 64 65 66 67 68 69 70 71 72 73 74 75 76 77 78 79 80 82 83 84 85 88 90 92 93 94 98
laund 9
lauro 49 53
laura 1 43 56 77 78
latro 49
latte 53
latus 49
lauar 53
late. 71
latch 10 12 14 21 23 28 34 37 38 39 40 41 43 44 46 48 55 57 68 69 70 71 72 79 84 94
lated 91
latex 63
latet 49
later 1 3 4 5 6 7 8 10 11 12 13 14 15 16 17 18 19 20 21 22 23 26 27 28 29 30 31 32 33 34 36 37 38 39 40 41 42 43 44 45 46 47 48 49 50 51 53 54 55 56 57 58 59 61 62 63 65 66 67 68 69 71 72 73 74 75 76 77 78 79 80 82 83 84 85 86 87 88 89 90 92 93 94 95 96 98
lathe 38 39 86 88
lathy 27
laths 28 60 70 93
latio 49
latin 3 6 7 10 12 14 17 20 27 28 34 39 40 41 42 44 45 49 50 55 56 60 63 64 65 69 71 72 73 76 77 78 79 80 82 83 84 88 92 94 95 98 100
latil 12
laton 9 53
latol 53
latoe 49
last. 11 34
lasso 40 49 79
lassa 49
lasts 8 12 14 16 20 23 26 27 28 37 40 41 46 49 53 55 56 58 65 68 72 76 77 78 79 80 89 97 98 100
lassy 55
lawn. 47
lawny 54
lawns 5 30 65 67 94
lawsy 70
lawes 45
laves 28 65
laved 12 20 44 55 84
lavra 39
lauto 53
lauti 49
laute 63
lsing 20
layne 9
layes 45
layer 12 13 14 31 34 39 40 48 55 56 57 69 70
layed 98
layin 5 69 70 78
laxly 28 66 88
laxas 49
lazy. 71
lazar 9
lazes 49
