n. 71
na 10 12 13 16 18 20 29 37 39 41 46 49 53 55 63 72 79
ne 9 10 12 18 20 27 28 37 39 41 44 45 49 53 55 58 63 65 68 71 72 74 78 79 83 90 91 92 97 98
ni 18 39 49 53 55 66 79 92
nn 39
no 1 2 3 4 5 6 7 8 9 10 11 12 13 14 15 16 17 18 19 20 21 22 23 24 25 26 27 28 29 30 31 32 33 34 35 36 37 38 39 40 41 42 43 44 45 46 47 48 49 50 51 52 53 54 55 56 57 58 59 60 61 62 63 64 65 66 67 68 69 70 71 72 73 74 75 76 77 78 79 80 81 82 83 84 85 86 87 88 89 90 91 92 93 94 95 96 97 98 99 100
nr 53
ns 39
nt 70
nu 53 63
nw 20 60
ny 39
