nazar 41
naxos 49
nster 12
nsten 37
ntara 77
ntgen 55
nting 70
ntich 39
n.f.s 20
ne’er 24 26 33 40 49 51 65 71 74 77
ntsev 39
ntyev 39
n.n.e 6 60
n.n.w 60
nubem 49
nubes 49
nudum 49
nudus 49
nudge 10 27 29 30 55 71 78 94
nun’s 12 55 85
nugas 49
nuffn 70
nuevo 53
nugis 49
numbs 35
numen 49 98
nulli 97
nulls 49
nullo 49
nulla 49 55 77 98
nuovo 65
nuoua 53
nuoue 53
nuove 79
nuova 65
nuper 49
nuses 91
nurse 1 3 4 5 7 10 12 13 14 16 17 18 19 21 22 27 29 31 34 35 36 37 38 39 40 41 44 46 49 50 51 55 56 57 60 65 66 67 68 70 71 72 73 74 76 78 79 80 81 84 85 88 90 94 97 100
nutty 13 55
nutum 12
nutri 53
ndert 63
ndern 63
nuzas 77
no’th 51
ndige 63
ndnis 63
ndung 63
neben 63
neare 91
neath 12 20 26 33 51 55 62 77 94
neast 91
neary 55
nears 96
neagh 55
necos 22
neck. 38
necho 45
necks 5 6 9 10 12 13 22 26 32 33 34 38 39 40 45 46 48 49 53 55 57 65 68 69 70 71 76 77 78 79 80 81 84 85 98
nebul 84
nefas 12 49
neere 45 98
need. 74
needy 4 12 28 32 41 45 48 66 69 70 71 76 77 81 88 92 97 99
needs 3 4 5 7 8 9 10 12 13 15 16 17 18 20 21 22 23 27 28 30 32 33 34 35 36 37 39 40 41 43 45 46 47 48 49 50 51 53 55 56 57 58 60 61 63 64 65 67 68 70 71 72 73 76 77 78 79 80 82 83 85 86 88 89 92 93 94 95 97 98
needn 46 57 58 70 78 94
negus 10 71 72 78 93
negli 7 49 53
negra 53
negro 4 12 13 14 18 21 23 27 28 31 32 39 40 42 43 47 51 52 53 55 60 66 67 69 70 76 79 81 82 91
negri 53
negat 49
neill 51
neive 72
neigh 9 26 28 38 46 49 55 65 77
nelly 55 56 72
nello 7
nelli 7 53
nelle 49 53 79
nella 53
nekum 55
nende 20
ney’s 12 39
nenny 49
nennt 63
nenne 63 66
nempe 49 97
nepos 49 79
neros 12
nerry 27
nervy 55
nervi 49
nerve 6 10 13 19 21 23 27 28 29 30 33 34 37 39 40 43 46 48 50 55 56 57 65 67 68 71 72 76 79 80 84 85 94
nerva 49
neque 49 97
neuf. 79
neues 63
neuer 63
neuen 63
netto 12
nesle 49
nesse 12 45
nests 5 10 12 17 19 22 23 28 30 33 40 49 56 60 64 71 72 73 77 78 79 80 88 94
newer 10 19 21 26 28 39 44 51 61 78 79 87 92
newes 45
newel 55
newly 5 6 7 10 11 12 13 14 15 16 18 19 21 22 23 27 28 32 33 34 35 37 38 39 40 41 42 44 45 46 49 51 55 56 60 64 65 67 71 72 73 76 77 78 79 80 83 84 85 92 94 98 99
news. 71 80
nevvy 14 94
newby 6 7 8 9 22 24 27 29 30 33 34 48 49 52 53 56 57 58 63 64 66 70 71 77 78 81 82 83 84 86 87 88 89 90 91 92 94 95 96 97 98 99
never 1 2 3 4 5 6 7 8 9 10 11 12 13 14 15 16 17 18 19 20 21 22 23 24 25 26 27 28 29 30 31 32 33 34 35 36 37 38 39 40 41 42 43 44 45 46 47 48 49 50 51 52 53 54 55 56 57 58 59 60 61 63 64 65 66 67 68 69 70 71 72 73 74 75 76 77 78 79 80 81 82 83 84 85 86 87 88 89 90 91 92 93 94 95 96 97 98 99 100
nevis 81
neurs 12
nnone 49
neuve 12
next. 38 71
nexus 39 63 96
nnten 63
nocet 49
nobly 4 7 9 10 12 17 19 20 22 31 37 40 42 46 49 51 55 65 66 71 77 78 80 82
nobby 69
nobel 91
noble 1 4 6 7 9 10 11 12 13 14 15 16 17 18 19 20 21 22 23 26 27 28 31 32 33 35 37 38 39 40 41 44 45 46 49 50 51 53 54 55 56 61 65 66 68 69 70 71 72 73 74 75 76 77 78 79 80 81 82 84 85 88 89 90 91 92 93 94 100
nobis 49 55 71 77 98
nodum 49
noddy 55
noded 55
noder 40
nodes 55
nocte 49 53
noers 91
noire 9 12
noise 1 3 4 5 6 7 9 10 11 12 13 14 15 16 17 18 19 21 22 23 24 26 27 28 29 30 31 32 33 34 35 36 37 38 39 40 41 42 43 44 46 47 48 49 50 51 52 53 54 55 58 59 60 61 65 66 67 68 69 70 71 72 73 74 75 76 77 78 79 80 81 82 83 84 85 88 90 91 92 93 94 95 97 98 99 100
noisy 10 11 12 13 14 16 19 22 26 27 28 31 34 37 39 40 42 43 44 46 48 51 52 55 65 67 68 69 72 73 74 78 79 80 90 92 93 94
nohow 6 27 55 70 71
noked 91
nov’s 39
nonce 40 49 55 68
nomen 49 55 63
nomos 45
nomad 34 41 55
noman 22 55
nolan 55
now’s 27 40 69 71
nolim 49
nolit 49
nolis 49
nolle 12
nolly 68
nooks 10 12 14 28 40 52 68 69 71 78 84 92
noons 28
noose 10 14 21 22 28 37 41 44 49 55 68 77 84
nones 55
nonne 49
noriz 77
notat 49
notch 6 16 22 28 44 55 60 69
notai 49
noter 94
notes 1 4 5 6 9 10 11 12 13 14 15 16 18 19 20 21 22 23 24 26 27 28 29 31 32 33 34 36 37 38 39 40 41 42 43 44 45 46 47 48 49 50 51 53 55 56 57 59 65 66 67 68 69 71 72 73 74 76 77 78 79 80 81 82 83 84 85 88 90 92 94 98 100
noted 4 6 7 10 12 14 17 18 21 23 27 29 30 34 37 39 40 41 42 43 44 45 46 47 48 49 51 52 53 54 55 56 60 63 67 68 71 74 76 77 78 79 80 81 83 84 85 88 90 91 92 95 98
notin 4
notis 91
nosov 41
nosti 22
nosse 49
nosed 12 17 21 27 33 37 39 40 42 55 57 67 68 71 77 78 80 94
nosce 45 49
nose. 40 41
noses 5 9 12 13 14 22 23 26 27 30 31 33 37 39 40 41 46 49 53 55 57 59 66 67 68 69 70 71 77 78 80 82 84 85 94
nosey 42 55 68
norma 55
norms 73
norse 40 55
norsk 63
north 1 2 3 4 5 6 7 8 9 10 11 12 13 14 15 16 17 18 19 20 21 22 23 24 25 26 27 28 29 30 31 32 33 34 35 36 37 38 39 40 41 42 43 44 45 46 47 48 49 50 51 52 53 54 55 56 57 58 59 60 61 63 64 65 66 67 68 69 70 71 72 73 74 75 76 77 78 79 80 81 82 83 84 85 86 87 88 89 90 91 92 93 94 95 96 97 98 99 100
novel 7 10 12 14 17 19 20 21 23 26 27 28 29 32 34 37 39 41 42 43 44 48 49 55 56 66 68 69 71 75 77 79 80 83 84 94
novit 49
novis 49
novna 39
novos 39
novsk 39
novam 49
novas 49 97
nough 69 70 78
nouns 62 73 77 95
notre 12 37 39 41 49 55 76 79 80 82
notte 49 65
notts 55
notum 49
notus 49 65
novum 12
noway 27 70 89
noyon 79
noyse 45 98
nya’s 39
ngige 63
nyght 53
nymph 12 13 22 28 44 45 49 55 65 66 77 78 79 83 85 94
n’est 10 18 39 41 84
n’eut 12
nie’s 79
niall 55
nicey 55
nicer 5 16 39 55 56 71 72 74 75 78 90 92
nin’s 39
nicht 39 41 46 51 63
niche 10 12 55 57 74 79 82 84 90
nicks 55
nieuw 53
nieto 53
niece 1 4 9 10 11 12 14 16 19 21 29 37 39 41 42 44 49 56 62 66 68 70 71 74 77 78 79 90 93 94
nidre 55
nihil 37 41 49
night 1 3 4 5 6 7 8 9 10 11 12 13 14 16 17 18 19 20 21 22 23 24 25 26 27 28 29 30 31 32 33 34 35 36 37 38 39 40 41 42 43 44 45 46 47 48 49 50 51 52 53 54 55 56 57 58 59 60 61 62 64 65 66 67 68 69 70 71 72 73 74 75 76 77 78 79 80 81 82 83 84 85 86 88 90 91 92 93 94 95 97 98 99 100
nigme 41
nigne 12
nigri 49
niger 7 28 45 49 78 84
nifty 55
nihon 53
nilly 66
nikan 39
nikki 66
nikol 39
nines 37 55 71 77 79
ninny 12 19 56 72
ninth 9 12 13 16 20 23 26 28 33 38 39 44 45 48 49 51 53 54 55 65 67 68 73 76 79 80 84 88 98 99
nimue 9
nine. 34 71
nimis 49
nimio 84
nimbi 55
nippy 17
nipin 53
niobe 49 65 80 84 94
nitri 53
nitre 27 73 84
nag’s 33 55
nitet 49
nisus 12 22 55 77
niver 10 13 68 72
niveo 49
nivir 72
niuno 53
niuna 53
nixon 44
nabis 7
nabon 9
nabob 70 79
nadab 45 82
nadir 12 55
nacks 66
nacre 23
nahum 45
naiad 12 22 65 84
nagel 63
nagle 55
naked 4 6 8 9 10 12 13 15 17 18 20 21 22 23 24 26 27 28 30 31 32 33 35 37 38 39 40 41 43 44 45 46 47 48 49 51 53 54 55 60 64 65 66 68 69 70 72 73 76 77 78 79 80 81 82 83 84 85 86 87 88 92 93 95 96 98 99
naker 49
naive 18 27 35 44 92
nails 5 6 10 12 13 14 18 21 27 28 34 35 37 38 39 40 41 42 43 44 46 49 50 52 53 54 55 60 66 68 70 71 72 73 76 77 78 79 82 84 86 88 93 94 98 100
namby 55
namai 13
named 2 3 4 5 6 7 8 9 10 11 12 13 14 16 17 18 19 20 21 22 23 24 25 26 27 28 29 30 31 32 33 34 35 37 38 39 40 41 42 43 44 45 46 47 48 49 50 51 52 53 54 55 56 57 58 59 60 61 63 64 65 66 67 68 69 70 71 72 73 74 75 76 77 78 79 80 81 82 83 84 85 86 87 88 89 90 91 92 93 94 95 96 97 98 99 100
name. 24 31 38 56 71 77 79 80
names 1 3 4 5 6 8 9 10 11 12 13 14 15 16 17 18 19 20 21 22 23 26 27 28 29 30 31 32 33 34 37 38 39 40 41 42 43 44 45 46 48 49 50 53 55 56 58 60 62 63 64 65 66 67 68 69 70 71 72 73 74 75 76 77 78 79 80 81 82 83 84 85 86 88 89 90 91 92 93 94 95 97 98
namen 63
nalis 49
naomi 10
nanny 32
nance 68 69
nancy 4 19 53 55 56 68 71 81 91
namur 12 81
napol 39 53 79
nappy 55
nasus 49
nasty 3 5 6 10 11 12 13 14 17 19 27 31 33 36 37 38 39 40 41 44 45 46 48 55 56 68 71 72
nasal 10 12 27 28 34 42 52 55
nasci 49
nares 49 98
naris 49
narba 49
naram 9
naran 53
nardo 7
nardi 7
natum 49
natus 49 83
natur 6 10 14 27 40 49 63 68 73 83 91
natty 69
natta 66
natas 49
natal 10 12 49 65 85
nates 49 55
nater 91
natee 49
natia 53
nskis 39
navvy 39 50 55
navan 55
naval 12 15 39 40 48 49 51 55 65 68 71 74 76 77 78 79 85 90 95
navet 12 53
naves 65
navel 9 22 26 37 40 44 49 53 55 65 80 82
navis 40 49
navim 49
