p.713 65
pammy 67
palsy 4 10 12 40 46 51 65 68 69
palus 49 82
pale. 80
paled 12 17 30 40 42 44 51 55 56 57 69 78 79 82
palan 53
palat 45
palai 65
palam 49 97
paw’d 65
paler 4 6 10 11 12 13 18 27 36 37 39 40 41 42 43 46 48 49 55 69 71 76 78 79 85 94
pales 11 12 16 65
paley 28
palli 79
palle 53
palmo 53
palme 53 55
palmi 53
palma 49 53 79
palls 65
pall. 22
palps 47 55
palms 6 8 18 23 26 27 31 37 39 40 42 44 46 51 53 55 56 60 65 66 68 69 71 72 73 77 78 80 94 100
palmy 23 40
palos 53
palad 53
paoli 79
paolo 79
panza 55 77 83
pangs 10 12 13 16 19 22 26 27 28 30 34 35 39 40 41 42 49 51 54 55 59 65 69 70 71 74 77 79 80 84 88 90 92 94
panie 41
panic 1 5 6 12 13 16 17 22 27 30 31 37 39 40 41 46 47 48 49 51 52 59 65 67 68 74 77 80 81 84 89 90 94
panes 5 10 12 23 26 27 34 37 38 39 41 42 46 49 51 55 61 68 71 72 74 78 79 83 84 90 94 98
panel 10 12 21 31 40 44 49 55 57 68 78 79
panem 28 41 55
pay’s 55
panis 23
panni 53
pannj 53
panno 49 53
panne 53
panny 53
panto 55
pants 6 13 27 28 40 55 65 66 67 70 78 98
panth 12
pansy 42 56 69
psalm 10 12 14 26 27 28 32 45 49 52 55 66 68 81 83 88 92 99
paned 57 71
panay 53
panap 53
papli 55
papin 77
papua 53
papa. 71 74
papas 12 16 55
papal 7 12 42 53 55 77 79 81
paper 1 2 3 4 5 6 7 8 9 10 11 12 13 14 15 16 17 18 19 20 21 22 23 24 25 26 27 28 29 30 31 32 33 34 35 36 37 38 39 40 41 42 43 44 45 46 47 48 49 50 51 52 53 54 55 56 57 58 59 60 61 62 63 64 65 66 67 68 69 70 71 72 73 74 75 76 77 78 79 80 81 82 83 84 85 86 87 88 89 90 91 92 93 94 95 96 97 98 99 100
past. 34
passi 49
passa 12
passe 9 39 45 55 98
pass. 12
paste 10 12 22 23 27 41 43 55 57 60 68 70 73 77 79
passy 12 79 83
pasta 49 79
passt 63
pasty 21 55 66 68 77
pasha 12 55 79
parny 12
parte 12 49 53
parth 12
parti 31 37 40 41 46 53 65 68 77 79 84 94
parum 49
parue 53
parts 1 2 3 4 5 6 7 8 9 10 11 12 13 14 15 16 17 18 19 20 21 22 23 25 26 27 28 29 30 31 32 34 35 36 37 38 39 40 41 42 43 44 45 46 47 48 49 50 51 52 53 54 55 56 58 59 60 61 63 64 65 66 67 68 69 70 71 72 73 74 75 76 77 78 79 80 81 82 83 84 85 86 88 89 90 91 93 94 95 97 98 99 100
party 1 2 3 4 5 6 7 8 9 10 11 12 13 14 15 16 17 18 19 20 21 22 23 24 25 26 27 28 29 30 31 32 33 34 35 36 37 38 39 40 41 42 43 44 45 46 47 48 49 50 51 52 53 54 55 56 57 58 59 60 61 62 63 64 65 66 67 68 69 70 71 72 73 74 75 76 77 78 79 80 81 82 83 84 85 86 87 88 89 90 91 92 93 94 95 96 97 98 99 100
part. 56 71
parry 54 78 79 94
parrs 28
parvo 40 49
parva 49
parco 49
parce 12 39 65
parch 71
pardy 55
pardi 12
parar 49
paras 49
parat 49
parao 53
paria 49
paret 49
parem 49
pares 92
pared 55 72 80 88
paree 55
parge 53
parla 53
parks 12 13 14 40 51 55 71 78 93 94
parme 55
parma 23 79 98
parlo 53
paris 1 3 7 9 10 12 13 14 18 20 21 22 23 27 28 34 37 39 40 41 42 44 45 46 48 49 53 55 60 65 66 67 68 70 71 74 75 76 77 78 79 80 82 83 84 90 92 94 98
parke 67
paula 55
pauls 45
paulo 49 53
paura 53
paure 53
pausa 49
pause 1 3 4 6 10 11 12 13 14 16 17 19 20 21 22 23 26 27 28 29 30 31 34 35 36 37 39 40 41 42 43 44 45 46 47 48 49 50 51 52 54 55 57 60 65 66 67 68 69 70 71 72 74 75 76 77 78 79 80 84 85 88 90 93 94 100
pauro 53
patti 23
patsy 55
patty 16 55 94
patch 4 5 6 8 10 12 13 16 18 21 23 27 28 29 31 33 38 39 40 41 42 43 46 48 49 55 57 58 59 61 65 68 69 70 71 73 76 77 78 79 80 81 84 94 95
paths 4 5 7 8 10 12 13 14 20 22 25 26 27 28 31 33 34 35 37 38 39 41 42 43 46 49 51 53 55 56 58 64 65 71 72 73 74 77 78 79 80 81 83 84 85 88 89 90 92 93 94
pater 12 41 49 53 55 98
pates 13 92
patet 45 49 98
patey 55
paten 12
path. 38
patio 55 77 87
paton 10
pshaw 21 27 55 79 84
pawin 27
pawns 39 55 79
paws. 38
pawed 12 33 39 55 57 70
pavia 7 9 49 98
paver 28
paves 40
pavet 49
pavel 41
paven 23 55
paved 7 12 13 14 18 22 23 27 28 34 39 40 41 45 46 49 54 55 60 61 68 71 72 76 77 78 79 82 83 84 93 96
pavie 9
pavor 49
payne 45 51 65 97
payre 53
payen 49
payer 12 43 77
payes 45
payee 55
payed 45
pazzi 45
pssst 12
psyra 22
ptake 55
p.l.g 42
pue’s 55 85
plane 7 12 13 20 28 38 40 46 47 48 51 55 63 65 67 73 76 79 80 84 86 87 91 95 97
plans 1 4 5 6 7 8 10 11 12 13 14 15 16 18 19 21 22 23 27 31 32 34 35 37 39 40 41 42 43 46 48 49 51 53 55 56 58 59 61 65 67 68 69 70 71 72 74 76 77 78 79 80 83 84 85 90 94 96
plant 4 5 10 11 12 13 14 22 23 26 27 28 29 30 32 33 34 35 38 39 40 45 46 49 50 51 53 55 56 60 64 65 66 68 70 71 72 76 77 78 79 80 81 84 85 86 88 92 94 97
plann 83
plank 4 6 10 12 14 15 17 22 27 28 31 37 38 39 40 43 46 48 49 51 55 60 65 69 70 71 72 73 74 77 78 79 81 82 84 90 94 100
plash 38 41 55 72 85
plase 4 72 91
play. 71
plati 53
plate 3 4 5 6 10 11 12 13 14 18 19 20 21 22 23 27 28 29 37 38 39 40 41 42 47 48 49 50 53 54 55 56 57 61 62 65 66 67 68 69 70 71 72 73 75 76 77 78 79 83 85 86 91 94 98
plata 40 53 60
plast 39
plaud 98
platz 63
platt 55
plato 12 23 28 31 40 45 47 49 51 55 63 65 71 73 77 79 80 82 89 92 94 95
plaza 55 67 77
p.p.s 6 41
plays 4 5 8 9 11 12 13 14 16 20 21 23 26 27 28 30 34 35 36 39 40 41 46 49 50 51 55 56 65 66 67 69 71 73 74 75 77 78 79 80 82 83 85 88 90 92 94
plaga 49
place 1 2 3 4 5 6 7 8 9 10 11 12 13 14 15 16 17 18 19 20 21 22 23 24 25 26 27 28 29 30 31 32 33 34 35 36 37 38 39 40 41 42 43 44 45 46 47 48 49 50 51 52 53 54 55 56 57 58 59 60 61 62 63 64 65 66 67 68 69 70 71 72 73 74 75 76 77 78 79 80 81 82 83 84 85 86 87 88 89 90 91 92 93 94 95 96 97 98 99 100
plait 12 19 33 39 55
plais 55
plain 1 2 3 4 5 6 7 8 9 10 11 12 13 14 15 16 17 18 19 20 21 22 23 24 25 26 27 28 29 30 31 32 33 34 35 36 37 38 39 40 41 42 43 44 45 46 47 48 49 50 51 52 53 54 55 56 57 58 59 60 61 62 63 64 65 66 67 68 69 70 71 72 73 74 75 76 77 78 79 80 81 82 83 84 85 86 87 88 89 90 91 92 93 94 95 96 97 98 99 100
plaid 10 21 27 40 42 55 67 72 78 81 83 94
plagu 98
pleas 13 45 50 55 83 91
plead 4 10 11 13 19 22 26 27 28 36 41 42 44 45 49 56 65 71 72 73 74 77 79 80 81 83 85 88 90 93 96 97
plein 49
plena 12
plese 91
pleon 65
plies 54 65 77 78
plied 10 12 14 17 18 21 22 23 29 39 40 48 52 55 60 65 68 71 76 77 85
pucat 53
pubic 55
pudgy 61
pudor 49 55
pudet 49
pliny 12 40 49 53 79
puget 12 30 79
puffs 5 12 18 23 39 40 42 47 48 54 55 56 66 71 72 78 94
puffy 10 14 27 37 39 41 42 55 71 78 83
pueri 49
puero 49
plood 39 55
plops 55
plots 10 12 14 28 39 42 49 55 68 71 73 76 77 79 80 85 88
puhse 39
pugna 65
puked 55
plows 39
puits 12
pumps 14 39 40 55 60 67 68 69 76 78 79 81 94
pulls 14 26 27 28 36 37 39 40 41 42 49 50 55 56 60 71 75 78 80 86 98
pulpy 28 40 44 55 93
pulse 1 5 6 10 12 16 19 23 28 29 30 31 37 39 40 42 45 46 48 49 51 53 54 55 56 57 60 65 68 69 71 72 74 76 77 78 79 80 81 84 85 88 90 93
pulao 53
pulci 98
puono 53
pluvi 12
plush 12 13 21 27 55 68
pluto 49 51 65 80 83 84
puote 53
pluck 1 5 6 10 12 17 21 26 27 29 30 31 38 40 42 46 49 51 53 54 55 66 68 69 70 71 72 76 77 78 79 81 85 88 92 94 100
pluie 39
plugs 21 77 86
plump 2 5 9 10 12 14 16 18 19 26 27 28 29 34 37 38 39 40 41 42 44 49 51 52 55 56 60 66 71 72 76 77 78 82 93 94
plums 10 19 39 40 52 55 56 61 66 78 93 94 97 100
plume 10 12 26 27 38 39 43 55 56 65 71 73 77 79 84 93 94
plumb 18 29 39 40 55 57 70 73
plunk 70
plune 73
plumy 10 55 65 94
plura 49
punks 55
punkt 55 63
punta 49 53
punch 1 6 11 12 13 14 27 32 37 39 40 41 42 46 48 52 55 60 67 68 71 72 76 77 78 79 81 83 86 93 94
punic 12 49
punit 12
puppe 49
puppy 3 4 10 14 16 19 27 37 39 41 50 70 71 73 80 81
pupil 7 10 12 14 16 19 28 29 33 39 42 44 46 49 50 52 55 56 63 66 68 69 71 72 74 75 76 77 78 79 80 82 84 89 90 94 97
pusut 53
putes 49
putet 49
putas 49
putat 49
pusey 27 88
pusie 40
pussy 27 55 57 66
purun 33
purty 40 55
pursu 83 98
pursy 12 71
purse 4 5 10 11 12 13 14 16 18 19 21 22 27 28 32 34 36 37 38 39 40 41 42 45 46 49 51 53 54 55 66 68 70 71 73 76 77 78 79 80 83 89 94 97 98
purer 4 10 12 27 28 35 41 49 51 55 64 65 71 77 78 79 80 85 88 92
purge 12 40 41 45 49 51 55 65 73 77 78 80 85
puros 45 79
putty 12 21 28 46 55
puzzo 53
pease 91
pears 4 12 22 27 38 41 52 55 69 72 77 85 88 93 100
peart 27 70
pearl 10 12 17 21 23 27 28 33 38 39 40 42 46 49 53 55 56 67 71 72 77 78 79 82 84 85 88 94 98 100
peape 91
peas. 38
peaty 43 72
peach 5 6 12 13 14 23 27 47 51 52 55 66 68 69 71 78 79 100
peace 1 4 5 6 7 8 9 10 11 12 13 14 15 16 17 18 19 20 21 22 23 24 26 27 28 29 30 31 33 34 35 36 37 38 39 40 41 42 43 44 45 46 47 48 49 51 52 53 54 55 56 57 58 59 60 61 62 64 65 66 68 69 70 71 72 73 74 75 76 77 78 79 80 81 82 83 84 85 88 89 90 91 92 93 94 95 97
peaks 6 8 10 26 28 30 34 39 40 42 46 47 55 74 78 79 85 90 94
peake 42 55
peals 12 13 14 26 27 39 40 42 46 65 93 94
pedum 49
pedro 28 40 53 73 77 94
pedre 53
pecto 53
pecus 49
pedal 16 39 55
pedes 49
pedem 49
pecks 12 40 70 94
pecho 53
peche 53
pechi 53
pecie 53
pecta 53
pecqi 53
pecan 18
peeks 94
peels 35 40 55
peers 12 15 38 39 49 51 55 65 73 77 79 80 85
peepy 78
peeps 12 17 29 36 52 55 71 78 79 94
peece 45 98
pehee 40
peggy 55 68 94
pegio 53
pejus 49
pet’s 55
peine 12 41 84
peile 75
pew’s 6
peles 53
pelle 49 53
pelli 53
pella 49 53
pelly 30
pelts 13 55
pelag 39
peleg 40
pelei 49
pelea 53
pekee 40
pekin 12 66 89
penis 49 53 55
penne 53
penna 53
penny 2 4 5 6 7 9 10 12 13 14 15 19 21 23 28 31 36 37 38 39 40 41 42 43 45 46 48 49 50 54 55 56 60 66 67 68 71 72 73 78 79 81 83 85 93 94 97 98
pense 41
pensi 55
pened 63
pendu 12
penal 12 13 21 37 40 41 45 53 55 83 85 88 89 92
pence 3 5 10 14 17 21 38 41 45 50 55 68 71 73 77 78 80 81 83 88 97
penem 40
peppe 55
peper 91
pepin 77
peons 51
peony 37 41 42 94
peski 37
pesky 70
pesso 73
perth 23 40 74 90
perso 55
perse 22
perry 16 40
percy 21 44 55 94
perch 1 6 9 10 12 14 21 23 27 28 38 40 41 49 53 54 55 56 69 71 73 76 78 79 83 94
perdy 9
perdu 12
perez 45 53 77
perla 53
perle 12 53
perit 49
peril 4 6 7 9 10 12 13 14 20 23 27 29 30 32 34 38 40 41 46 48 49 51 53 54 55 57 65 68 69 71 72 73 74 76 77 78 79 80 84 85 88 89 90 92
perin 9
peris 9
perkh 39
peron 9
peter 4 12 17 21 26 27 29 32 39 40 41 45 46 49 53 55 56 58 67 69 70 71 72 73 77 78 79 80 81 82 83 93 97 98 99
petis 49
petit 9 10 12 23 39 49 55 82 92
petto 12
petty 4 10 12 13 19 21 26 28 30 35 37 39 41 48 49 51 52 55 66 68 71 74 77 78 79 80 81 83 84 85 88 89 90 92 96 97 98
petro 53
petre 53
petra 82
petsk 39
pests 12 97
pesth 12 46
peste 49 79
pesty 84
petat 49
petav 65
petal 23 39 66 100
pewee 28
pfalz 51
poe’s 34
pocho 53
pochi 53
poche 53
pocha 53
pocqi 53
pocus 49 92
pobre 77
poema 20
poena 49
poems 7 12 20 22 27 37 39 41 42 45 49 55 64 65 66 74 77 79 80 83 88 90 94
poets 9 12 13 22 23 26 27 28 37 39 40 41 45 49 55 57 65 66 71 74 76 77 80 81 82 83 84 88 90 92 98 100
poeta 51
poesy 28 49 66 77 79 80 88
podgy 39
podge 49 66
podes 65
pogue 55
poise 10 18 22 30 40 46 49 51 55 65 67 71 88
pfooh 55
point 1 4 5 6 7 8 9 10 11 12 13 14 15 16 17 18 19 20 21 22 23 26 27 28 29 30 31 32 33 34 35 36 37 38 39 40 41 42 43 44 45 46 47 48 49 50 51 52 53 54 55 56 57 58 59 60 61 63 65 66 67 68 69 70 71 72 73 74 75 76 77 78 79 80 81 82 83 84 85 86 88 89 90 92 93 94 95 96 97 98 99 100
poias 22
polar 10 28 40 41 54 65 71 73
poldo 55
poles 4 12 13 17 27 28 37 39 40 41 42 45 46 49 53 55 60 61 65 67 68 70 71 73 76 77 78 79 92 94 98
poled 30 40
poldy 55
pokin 5
pokey 71
pov’s 39
pokol 46
pokes 13 41 55 71 78 92 94
poker 3 14 17 21 27 40 48 54 55 61 66 68 71 72 78 93 94
poked 12 13 14 18 27 28 30 33 37 38 40 41 55 56 57 59 68 70 71 73 78 93 94
ponas 13 49
ponce 77
ponds 12 16 19 26 28 39 45 49 53 79 81
ponde 53
pondu 12
ponit 49
pomme 12
pomps 40 42 49 78 79 84
pompe 45
pompa 45 49 53
polyb 49
polya 37
polyp 12 48
polka 94
polit 80
polis 55 80 92
polin 45
polpa 53
polon 53
polly 13 27 42 55 66 69 70 71 78 94
polls 13 51 55
polla 55
polso 53
polum 49
pope. 38
popes 12 39 41 42 45 49 53 55 77 89
poor. 38
pooty 70
poour 91
poore 45 91 98
pooah 55
pfuel 39
pooly 55
pools 4 11 12 13 14 16 18 26 28 29 30 33 39 43 48 55 67 68 76 78
poole 10 23 54
ponne 53
ponta 53
ponts 12 55
ponto 49 53 55 84 98
ponte 53 84 98
poret 12
pores 15 18 28 49 55 65 69 71 77 78 79 81 84
pored 10 13 18 55 56 60 68 71 84
poris 49
porla 53
porky 58
porro 49
porqi 53
porco 53
porch 6 9 10 12 13 14 18 21 25 27 28 37 38 39 40 41 42 43 46 51 52 55 56 57 65 66 67 68 70 71 72 78 93 94 100
porci 53
porce 53
poppy 5 12 26 33 39 61 66 92 94
poppa 53
potos 79
potts 83
potus 49
potum 49
potat 49
potch 92
poteu 53
poter 46
potes 49 92
posit 92
posey 27
poses 12 18 21 37 44 55 78
poser 40 46 50 55
posny 39
posts 10 12 14 17 19 22 26 27 28 31 33 34 37 39 41 45 46 49 50 53 56 60 65 68 70 71 73 77 78 79 80 86 89 92 93 94
poste 12
posud 53
posse 27 28 40 49 55 69 71
portu 49
ports 6 12 28 40 45 46 49 53 55 65 73 77 79 91
porto 26 49 53 79 82
porti 41 53 79
porth 78
porte 9 10 12 18 49 53 55 77 79 82
porta 49 53 79
porus 40 49
posad 53
posen 39
posed 18 23 35 37 39 44 55 66 91 94
poule 12
poula 55
pound 2 4 5 6 9 10 12 13 14 17 21 24 25 27 28 30 34 36 37 38 39 40 41 42 43 48 49 50 51 52 55 56 60 65 68 70 71 76 77 78 79 81 83 91 99
pouts 28
pourr 12
pours 10 12 20 22 27 40 46 48 49 51 55 62 65 70 74 77 78 79 80 90 92
poure 53
pouch 14 18 30 35 39 40 42 55 57 60 73 77 78 94
pouer 91
poxes 73
powre 45
powel 83
powaw 99
power 1 2 4 5 6 7 8 9 10 11 12 13 14 15 16 17 18 19 20 21 22 23 25 26 27 28 29 30 31 32 33 34 35 36 37 38 39 40 41 42 43 44 45 46 47 48 49 50 51 52 53 54 55 56 57 60 61 64 65 66 67 68 69 70 71 72 73 74 76 77 78 79 80 81 82 83 84 85 86 88 89 90 91 92 93 94 95 96 97 98 99 100
pozzo 53
pozon 53
poyet 49
poynt 53
pye’s 56
pglaf 1 2 3 4 5 6 7 8 9 10 11 12 13 14 15 16 17 18 19 20 21 22 23 24 25 26 27 28 29 30 31 32 33 34 35 36 37 38 39 40 41 42 43 44 45 46 47 48 49 50 51 52 53 54 55 56 57 58 59 60 61 63 64 65 66 67 68 69 70 71 72 73 74 75 76 77 78 79 80 81 82 83 84 85 86 87 88 89 90 91 92 93 94 95 96 97 98 99 100
pyatt 55
pyari 33
pydna 12
pygmy 12 28 78 79
pylon 65
pylos 22 65
pa’ll 27
pyotr 37 41
pyrus 65
pyres 26 40 65
p’int 6
pytus 65
phagy 46
phase 4 10 12 18 22 27 39 40 41 44 46 51 55 57 67 69 71 72 80 84 85 86
pharo 79
phaon 41
pytho 22 65
pheae 22
phine 12 18 94
philo 45 49
phial 10 12 44 54 55 71 79 83 85
photo 22 55 90
phoym 49
phoca 22
phone 55 62 67
p’tit 18
phyll 49
phylo 22
pig’s 22 33 39 55 66
piato 53
piaza 53
piano 10 12 13 14 17 18 19 23 26 27 29 31 36 37 39 41 42 44 50 53 55 56 57 62 66 67 68 70 71 75 78 79 93 94
piati 53
piace 53 55 77
picks 6 12 24 27 28 34 37 50 55 70 75 77 78 86
picis 53
picta 92
pin’s 48 69
pim’s 42
pieno 53
piene 49 53
pieni 49 53
piena 53
piero 7
piers 23 26 40 46 48 55 68 78
pieta 53 55 84
pierc 20
piety 1 4 6 10 12 15 26 27 28 32 39 40 41 45 48 49 53 55 71 73 76 77 79 80 81 85 88 92 94 97
pieve 7
piece 1 2 3 4 5 6 7 8 9 10 11 12 13 14 15 16 17 18 19 21 22 23 25 26 27 28 29 30 31 32 33 34 35 36 37 38 39 40 41 42 43 44 45 46 47 48 49 50 51 53 54 55 56 57 58 59 60 61 62 63 65 66 67 68 69 70 71 72 73 74 76 77 78 79 80 81 82 83 84 85 86 88 89 90 92 93 94 95 96 97 98 99 100
pip’s 14 40
pieds 12
piedi 53
piede 49 53
prais 83
prank 21 39 41 49 52 55 94
prams 17
pratt 11 19 81
prato 7
prate 23 26 40 41 45 49 77 83 85
praus 53
prask 39
prays 4 12 14 22 24 27 35 41 49 55 65 70 77 78 81
prava 49
piger 49
piged 91
prado 12
pight 9
pigne 53
praef 49
pigmy 10 12 49 55 64 65 71 76 82 92
pills 5 14 34 39 40 45 49 55 69 71 72 79 94 96
pilla 53
pilly 33
pilot 6 10 12 14 21 28 31 40 49 53 60 64 65 68 70 71 73 77 78 79 80 81 94
pilon 79
pilos 49
pilso 49
preti 53
prete 53
prest 65 91
press 1 4 9 10 11 12 13 14 16 17 19 21 22 23 24 25 26 27 28 29 37 39 40 41 42 43 44 46 47 48 49 50 51 52 54 55 59 60 61 63 65 66 68 69 71 72 73 74 76 77 78 79 81 82 83 84 85 86 88 89 90 91 92 94 95 96 100
presa 49
preys 49 65 79 84
pilam 49
pilac 53
preur 39
piled 4 6 8 10 12 13 14 18 21 22 23 27 28 30 31 33 34 35 39 40 42 46 47 48 49 55 56 59 60 65 66 67 68 69 70 71 72 77 78 79 84 85 88 92 93 94 100
prezo 53
pilax 53
pilau 40 79 84
pilas 49 53
piles 6 10 12 13 14 23 27 28 39 40 46 48 49 52 55 56 60 65 67 68 70 71 73 77 78 79 83 93 94
prech 39 91
prece 49
prego 53
preen 5 12 55
prega 53
premi 12
preis 39
prepo 53
pikes 6 7 12 40 49 53 55 60 72 73 76 77
piked 9 72
pinny 40
pinto 53
pints 27 49 55 60 70 71 78 79 81
pinti 53
pint. 71
pindi 33
pinda 53
pinel 9
pined 12 24 27 34 38 43 55 57 70 71 72 76 78 92 96
pinay 79
pinch 3 5 6 10 12 13 14 17 18 21 22 27 29 34 38 39 40 44 45 46 48 49 55 56 66 68 69 70 71 72 73 76 77 78 84 86 94
pince 21
pines 6 12 18 26 28 30 33 40 41 51 57 65 72 74 77 79 85 88 90 94
pinky 33 44 55 56
pinks 5 18 56 73 94
pimps 73
pipe. 71
piped 5 6 13 14 17 24 48 55 77 92
prize 3 5 9 10 12 13 14 16 17 21 22 27 28 36 37 38 39 40 41 42 43 45 46 49 53 55 56 60 65 66 69 74 76 77 78 79 80 81 82 83 85 88 90 93 94 99
pipin 5
pipes 5 6 12 13 14 17 21 23 26 30 31 33 37 39 40 49 50 53 55 60 67 68 69 70 71 73 76 77 78 79 80 81 82 84 86 91 93 99
piper 24 26 28 55 78 98
pippi 55
piora 53
prime 2 7 9 10 12 14 16 21 22 24 27 28 29 31 33 34 39 40 42 44 45 47 49 50 51 55 56 60 63 65 68 69 70 71 72 73 76 77 78 79 80 85 93 94 95 96
prima 7 21 42 45 49 53 55 56 80 84 92
prior 7 11 12 15 19 21 32 39 40 49 50 53 55 60 65 68 72 75 80 82 84 85 86 88 89
primo 7 49 53 98
primi 53 65
pious 1 4 6 7 10 12 14 26 27 28 32 35 40 41 42 44 45 46 48 49 54 55 65 69 70 71 72 73 77 78 79 80 81 82 83 84 85 88 89 92 94
print 1 2 3 4 5 6 7 8 9 10 11 12 13 14 15 16 17 18 19 20 21 22 23 24 25 26 27 28 29 30 31 32 33 34 35 36 37 38 39 40 41 42 43 44 45 46 47 48 49 50 51 52 53 54 55 56 57 58 59 60 61 63 64 65 66 67 68 69 70 71 72 73 74 75 76 77 78 79 80 81 82 83 84 85 86 87 88 89 90 91 92 93 94 95 96 97 98 99 100
prink 94
pioue 53
prist 91
prism 55 75
prise 9 70 91
prius 49 55 89
privy 9 12 16 37 41 45 49 55 60 67 73 76 77 78 83 85 98
piojo 77
prick 12 21 26 34 37 38 39 40 44 46 49 55 58 69 77 79 85
price 2 4 6 10 11 12 13 14 15 16 18 19 20 21 22 23 24 26 27 28 29 30 31 32 33 34 35 37 38 39 40 41 42 43 44 45 46 47 48 49 50 51 53 55 56 59 60 62 65 66 67 68 70 71 72 73 74 75 76 77 78 79 80 81 82 83 84 85 88 89 90 92 93 94 96 99 100
pride 1 2 4 5 6 8 9 10 11 12 13 14 15 16 17 19 20 21 22 23 24 26 27 28 29 30 31 32 33 34 35 36 37 38 39 40 41 42 43 44 45 46 48 49 50 51 52 55 56 57 59 60 64 65 66 67 68 69 70 71 72 73 74 76 77 78 79 80 81 82 83 84 85 88 89 90 92 93 94 97 98
priap 49
priam 22 49 65 80
pries 78
pried 12 28 49 66 69 79 89
pisan 7
piron 12 41 79
pique 12 16 19 37 44 46 49 53 55 77 81 82 84 94
pirch 12
procl 83
proas 40
probo 98
probe 8 9 12 14 28 46 79 80
pitis 53
pitti 44 79
pitto 53
pitty 45 94
pitch 4 6 9 10 12 13 14 15 16 18 19 21 26 28 30 31 32 34 37 38 39 40 41 42 43 44 46 47 48 49 50 52 53 54 55 57 60 63 65 67 68 69 70 71 72 76 77 78 79 80 81 84 85 88 89 92 93 94 97
pital 12
pitij 53
pithy 7 10 49 56 83 85
pison 14 70
pisto 55
pivot 12 40 42 44 48 67 68 70 78 87
prows 40 55
prowl 12 14 17 26 29 39 46 55 56 71 76 79 80
proxy 11 42 72 76 94
prove 1 3 4 6 7 9 10 11 12 13 14 15 16 17 18 19 20 21 22 23 26 27 28 29 31 32 34 36 37 38 39 40 41 43 44 45 46 47 48 49 50 51 52 53 54 55 56 57 58 59 60 63 65 66 68 69 70 71 72 73 74 75 76 77 78 79 80 81 82 83 84 85 88 89 90 91 92 94 95 96 97 98 100
prouv 79
progr 12
proem 49
piume 53
prokh 39
proic 53
proof 1 4 7 10 11 12 14 15 16 17 19 20 21 22 26 27 28 29 32 34 36 37 38 39 40 41 43 44 45 46 49 51 52 53 55 56 57 60 61 63 65 66 68 69 71 72 73 74 75 76 77 78 79 80 81 82 83 84 85 86 88 89 90 92 93 94 95 97 98
props 12 40 49 55 65 77
propg 63
prope 49 63
promi 53
prono 49
prong 55 71 86
prone 1 10 11 12 14 16 17 18 26 30 39 40 41 45 49 55 65 66 68 69 72 78 79 80 81 94 98
prona 49
prosy 69 71 94
pross 76
proud 1 3 4 5 6 8 9 10 11 12 13 14 15 16 17 18 19 20 21 22 23 26 27 28 29 30 31 32 33 34 35 36 37 38 39 40 41 42 43 44 45 46 48 49 50 51 52 55 56 57 59 61 64 65 66 67 68 69 70 71 72 73 74 75 76 77 78 79 80 83 84 85 88 90 91 92 93 94 97 98 99 100
proua 53
protr 41
proto 39 65
prose 7 9 12 14 16 19 20 22 23 27 29 39 40 41 45 49 51 55 64 65 69 72 73 77 78 79 80 82 83 88 90 92 93 94 98
pixao 53
prude 12 55
prune 5 12 49 55 77 79
prund 46
pizza 62
pablo 53
padua 12 22 49 82 98
padre 49 53 77
padri 53
paean 26 40 51
paddy 42 55 62
pacts 45 65
pacto 49
pruth 46
pan’s 17 41 55 80
paces 1 6 8 12 13 14 18 19 21 23 26 27 28 31 33 35 37 38 39 40 41 42 43 48 49 55 60 68 71 73 76 77 78 79 82 84 92 93
paced 5 10 12 13 17 21 27 35 37 39 40 41 42 43 48 55 65 66 68 71 72 73 76 77 79 84 94
pacem 55
packs 12 16 30 33 39 40 46 49 73 84 94 99
packe 65
pachi 66
pache 12
pacis 49
pacio 53
pryin 27
pagan 9 10 12 23 26 40 41 46 49 55 60 65 66 71 75 76 77 78 80 84 89
pagau 53
p.127 49
p.124 65
paget 55
pages 1 2 3 4 5 6 7 8 9 10 11 12 13 14 15 16 17 18 19 20 21 22 23 24 25 26 27 28 29 30 31 32 33 34 35 36 37 38 39 40 41 42 43 44 45 46 47 48 49 50 51 52 53 54 55 56 57 58 59 60 61 63 64 65 66 67 68 69 70 71 72 73 74 75 76 77 78 79 80 81 82 83 84 85 86 87 88 89 90 91 92 93 94 95 96 97 98 99 100
p.110 65
paggi 53
paged 14
pryed 40 49
paete 49
paeto 49
pap’s 69
paeon 65
paele 49
p.298 65
pagia 53
pakhr 39
pajol 12
paint 3 4 6 10 11 12 13 17 18 19 21 23 25 26 27 28 31 37 38 39 40 42 43 44 45 46 49 51 53 55 56 57 61 66 67 68 69 70 71 72 77 78 80 81 82 83 84 85 86 89 92 94
pains 4 5 6 7 9 10 11 12 13 14 15 16 17 19 20 21 22 23 25 26 27 28 29 30 32 34 35 37 38 39 40 41 43 44 45 46 48 49 50 51 53 55 56 57 58 60 61 65 68 71 72 73 74 75 76 77 78 79 80 81 83 84 85 88 89 90 92 94 97 100
paine 4 15 40 45
pails 5 13 22 27 38 39 56 65 68
pain. 44
pairs 3 7 12 13 17 18 26 27 28 31 38 39 40 43 53 54 55 56 64 66 67 68 69 71 76 77 78 80 88 94 95
paire 98
