ra’s 39
re’s 39 77 79
ri’s 18
raal 40
racy 10 44 55 67 77
rack 4 9 12 13 16 21 27 37 38 40 41 42 44 49 51 55 60 70 71 73 76 77 78 79 80 84 85 92 94 98
race 1 3 4 5 8 9 10 11 12 13 14 15 17 18 20 21 22 23 26 27 28 29 30 31 32 34 37 39 40 41 42 43 45 46 47 48 49 51 52 53 55 56 60 61 65 66 67 68 69 70 71 72 73 74 76 77 78 79 80 81 84 85 88 89 90 92 93 94 95 96 97
rabs 70
raft 12 22 27 28 30 35 39 55 60 61 67 69 70 74 90 99
raff 37 68 70
rael 27
rag. 42
rahm 72
rags 2 4 6 8 12 13 14 22 26 27 28 31 33 37 38 39 40 41 46 47 48 49 51 55 60 65 68 69 70 71 73 76 78 79 83 85 86 89 91 92 93
rage 1 4 5 6 8 10 11 12 13 14 15 17 19 21 22 23 26 27 28 29 30 31 32 33 34 35 37 38 39 40 41 42 43 44 45 46 48 49 50 55 56 58 59 60 61 65 68 69 71 72 73 74 76 77 78 79 80 81 82 84 85 88 90 92 94 97
rain 4 5 6 8 9 10 11 12 13 14 15 16 17 18 19 20 21 22 23 24 25 26 28 29 30 31 32 33 34 35 37 38 39 40 41 42 43 44 45 46 47 48 49 50 51 53 55 56 57 58 59 60 61 62 63 64 65 66 67 68 69 70 71 72 73 74 76 77 78 79 80 83 84 86 90 93 94 99 100
rail 11 13 14 18 22 26 27 28 30 31 32 37 39 40 42 44 46 47 48 49 51 65 67 68 69 70 71 72 77 78 79 86 93 94
rais 77 83 88
rair 70
raia 53
raid 12 13 22 31 51 53 67 80 86
rale 12 53
rake 5 10 13 21 28 30 38 39 40 41 42 43 49 55 56 60 66 72 78 79
rant 11 49 99
ranz 28
rand 8 62
rane 91
rank 1 6 7 9 10 11 12 13 14 15 16 18 19 20 21 22 23 26 28 29 31 32 34 35 36 37 38 39 40 41 42 43 44 45 46 49 53 55 56 60 61 63 65 66 68 69 70 71 73 74 76 77 78 79 80 81 82 83 84 85 88 89 90 91 92 93 94 96 97
rann 33
rang 1 4 5 6 8 9 10 11 12 13 14 17 18 20 21 22 23 27 28 29 30 31 33 34 37 38 39 40 41 42 43 44 46 47 48 51 52 54 55 57 61 66 67 68 69 71 72 74 76 77 78 79 83 84 85 93 94
rams 9 22 28 39 55 65 73
ramo 53
ramp 55
ramy 53
rama 33
rami 53
rapt 10 18 21 22 23 28 39 40 44 49 51 55 56 57 65 69 72 73 78 84
raps 10 55 68 71 77 78 79
rape 40 51 53 55 77 80 82 98
rapp 39
rapi 53
rasa 80
rari 49
rard 12 39 70 79
rare 4 5 7 8 10 12 13 14 18 19 20 21 22 23 25 26 27 28 29 31 32 34 35 37 38 39 40 41 43 44 45 46 47 48 49 51 53 54 55 57 60 61 65 66 67 68 69 71 72 73 74 76 77 78 79 80 82 83 84 85 88 89 90 91 92 93 94 97 98 100
rara 55
raud 12
rati 49
rate 3 4 5 6 10 11 12 13 14 15 16 17 18 19 21 22 23 26 27 28 29 31 32 36 37 38 39 40 41 42 43 44 45 46 47 48 49 50 51 53 55 56 57 60 61 63 65 66 67 68 69 70 71 72 73 74 75 76 77 78 79 80 81 83 84 85 86 89 90 92 93 94 95 96 100
rath 39 92
rats 3 4 5 6 10 12 13 17 27 28 34 37 40 41 46 47 48 49 53 55 60 61 68 69 70 71 73 76 79 84 85 93 94
rata 55
rash 4 7 10 13 14 18 19 20 23 28 29 34 36 37 39 43 45 49 50 55 56 60 65 68 71 72 74 77 78 79 88 90 94 95
rase 10 80
rasp 34
raux 12 39
rave 4 10 16 31 37 44 65 70 76 77 79 92
raum 39 63
raya 53
raze 8 65 98
rays 5 6 10 12 14 17 18 22 27 28 31 35 37 38 39 40 41 43 46 48 49 55 57 58 61 65 66 68 73 74 76 77 78 79 84 85 90
rden 63
rdig 63
rear 1 6 7 9 10 12 13 14 17 18 22 26 27 28 30 33 34 39 40 43 44 46 48 49 51 52 55 60 61 65 67 68 69 71 72 76 77 78 79 80 81 83 84 85 91 92 94
reap 7 11 13 15 20 22 31 37 39 40 41 44 45 49 51 60 64 65 73 74 75 77 78 79 80 81 82 83 84 88 90 97
read 1 2 3 4 5 6 7 8 9 10 11 12 13 14 15 16 17 18 19 20 21 22 23 24 25 26 27 28 29 30 31 32 33 34 35 36 37 38 39 40 41 42 43 44 45 46 47 48 49 50 51 52 53 54 55 56 57 58 59 60 61 62 63 64 65 66 67 68 69 70 71 72 73 74 75 76 77 78 79 80 81 82 83 84 85 86 87 88 89 90 91 92 93 94 95 96 97 98 99 100
ream 71
real 1 2 3 4 5 6 7 10 11 12 13 14 15 16 17 18 19 21 22 23 25 26 27 28 29 30 31 32 33 34 35 36 37 38 39 40 41 42 43 44 45 46 47 48 49 50 51 52 53 54 55 56 57 58 59 60 61 63 65 66 67 68 69 70 71 72 73 74 75 76 77 78 79 80 81 82 83 84 85 88 89 90 91 92 93 94 95 96 97 100
rede 9 55 63
redd 10
rect 91
rece 78
recd 55
reco 53
reck 9 55 70
rebu 49
reet 46
reef 6 12 40 46 47 48 55 78 79 80 93 94
reed 10 12 18 21 23 24 27 28 42 49 53 55 64 65 72 73 77 78 79 81 86 100
reek 13 14 22 27 39 43 48 49 55 76
reel 10 11 12 13 26 27 28 38 40 41 42 47 49 55 57 65 69 73 77 93 100
reds 12 48 92
regi 49 53
rege 49 97
reft 10
reik 13
rein 9 10 11 12 13 23 27 33 34 39 46 48 49 55 57 63 65 71 76 77 78 88 94
reli 83
rela 53
rent 2 4 5 10 12 13 14 15 17 18 19 21 22 27 28 30 31 37 39 41 44 46 47 49 51 54 55 56 57 60 65 67 68 71 72 74 76 77 78 79 82 83 88 89 90 94 96 97
rens 27 79
rend 10 12 13 26 27 30 37 40 41 49 51 64 65 69 71 76 77 78 79 81 88 98
rene 27 49
rely 1 6 7 10 11 14 20 21 22 28 32 34 37 39 41 44 45 49 55 68 71 73 74 75 76 77 78 79 80 81 83 89 90 94 99
repn 39
reor 49
rers 70
rere 55
rete 53
reth 20
reti 77
rest 1 2 3 4 5 6 7 8 9 10 11 12 13 14 15 16 17 18 19 20 21 22 23 24 25 26 27 28 29 30 31 32 33 34 35 36 37 38 39 40 41 42 43 44 45 46 47 48 49 50 51 52 53 54 55 56 57 58 59 60 61 62 64 65 66 67 68 69 70 71 72 73 74 76 77 78 79 80 81 82 83 84 85 86 87 88 89 90 91 92 93 94 95 96 97 98 99 100
resp 55
resk 70
revd 83 98
revo 39
rfen 63
rfel 63
rfte 63
rgos 53
rgte 63
rhet 80
rhea 65
rhei 53
rhus 28
rial 10 46 65
rias 53
rida 12 53
ride 1 4 5 6 7 9 10 11 12 13 14 16 18 19 20 22 23 25 26 27 28 30 31 34 38 39 40 41 42 43 44 45 46 48 49 50 51 52 55 56 57 60 61 62 65 66 67 68 69 70 71 72 73 76 77 78 79 80 81 82 84 85 91 94 98 99
rico 79
rica 43
rich 1 2 3 4 5 6 7 9 10 11 12 13 14 15 16 17 18 19 20 21 22 23 24 26 27 28 29 31 32 33 34 35 36 37 38 39 40 41 42 43 44 45 46 47 48 49 50 51 52 53 54 55 56 57 60 61 62 64 65 66 67 68 69 70 71 72 73 74 76 77 78 79 80 81 82 83 84 85 88 89 90 91 92 93 94 97 98 100
rick 12 14 30 38 68 78 79 91
rice 5 13 16 28 32 33 35 37 39 44 49 51 53 55 56 60 62 66 71 77 81 83 86 94
ribs 6 9 10 12 13 14 17 22 26 27 28 30 31 32 33 34 37 39 40 41 42 43 44 48 49 52 55 62 65 71 72 77 79 84 92
riff 37
rife 12 13 26 27 28 39 42 51 80
ries 20
rier 12 79
rien 12 21 39 41 55 79 92
ried 79
rigs 6 72 83
riga 82
righ 66
rift 5 12 21 27 30 46 55 67 69 84
rill 10 28 44 47 55 65
rile 49
rikk 33
rink 30
ring 3 4 5 6 8 9 10 11 12 13 14 16 17 18 19 20 21 22 23 24 26 27 28 30 31 33 34 36 37 38 39 40 41 42 43 44 46 47 48 49 50 51 55 56 57 59 60 61 62 65 66 67 68 69 70 71 72 73 75 76 77 78 79 80 81 84 85 89 90 93 94 98 99 100
rins 12
rino 39
rimy 14 71
rind 5 12 14 15 28 40 42 49 60 69 77
rinc 20
rina 39
rims 14 42 55 56 78 80
rime 20 22 28 45 93
rima 7 49 53
ript 40
rips 30 40 70
ripe 4 10 12 18 26 27 28 30 31 33 38 39 40 42 44 47 49 51 52 54 55 56 60 61 64 65 66 67 70 71 77 78 79 80 81 84 85 89 91 92 93 94 98
rion 49 79
riot 5 10 12 13 22 28 33 39 41 42 45 46 48 49 51 54 56 67 68 72 74 77 81 90 94
rios 77
rire 12 39
rits 91
ritu 49
rita 79
rite 10 12 37 39 41 45 51 53 55 65 79 80 91 94
risu 49
risi 49
risk 1 4 6 7 10 11 12 13 14 16 17 19 20 21 23 26 27 29 30 31 32 34 36 37 38 39 40 41 42 43 44 46 47 48 49 50 51 52 54 55 56 57 58 60 65 66 68 69 71 72 76 77 79 80 81 84 85 86 88 89 92 94 95
rise 1 3 4 5 6 7 8 9 10 11 12 13 14 15 16 17 18 19 20 21 22 23 24 26 27 28 29 30 31 32 33 34 37 38 39 40 41 42 43 44 45 46 47 48 49 50 51 52 53 54 55 56 57 60 61 62 63 64 65 66 67 68 69 70 71 72 73 74 75 76 77 78 79 80 81 82 83 84 85 88 89 90 91 92 93 94 95 96 97 98 99
rive 78 79
rivi 42
rius 49
riua 53
riul 62
rizo 53
rkov 39
rlos 53
ry’s 39
roba 53 55
road 1 4 5 6 7 8 10 11 12 13 14 16 18 19 20 21 22 23 25 26 27 28 29 30 31 32 33 34 35 36 37 38 39 40 41 42 43 44 46 48 49 50 51 52 53 55 56 57 58 60 61 62 65 66 67 68 69 70 71 72 73 74 76 77 78 79 80 81 82 83 84 85 86 89 90 93 94 95 100
roar 5 6 10 12 13 14 17 18 20 21 22 23 26 27 28 30 32 33 34 37 38 39 40 41 43 46 47 48 49 50 51 52 55 56 60 61 65 66 68 69 71 72 73 76 77 78 79 80 84 85 93 94 100
roam 5 8 10 12 14 28 38 39 65 66 68 71 77 78 85 92 94
roan 34 39 55 57 78 79
rode 1 4 6 7 9 10 11 12 13 14 16 18 20 22 23 27 30 32 34 38 39 41 43 44 46 48 49 51 52 53 55 60 61 65 67 70 71 72 73 76 77 78 79 83 84 85 94 100
rock 3 5 6 7 8 9 10 12 13 14 17 18 22 26 27 28 30 31 33 34 35 37 38 39 40 41 42 43 44 45 46 47 49 52 53 55 57 59 60 61 64 65 66 67 69 70 71 73 74 76 77 78 79 80 81 82 83 84 85 86 90 91 94 98 99
roci 53
roch 79
rocs 55 84
roce 39
roca 77
robe 10 12 14 16 22 23 27 28 30 35 39 40 44 46 47 49 51 53 55 56 65 69 76 77 78 79 80 82 84 85 93 94 96
robt 17
robs 4 28 32 39 65 77 80 94
roes 55
rodi 53
rods 9 12 13 26 28 32 38 39 40 41 44 45 48 49 71 73 76 83 86 88
rodr 53
rogo 49
rogs 91
roja 53
roix 53
roiz 53
role 18 21 26 39 44 66 84 92
roll 1 4 6 10 12 13 14 17 18 20 21 22 26 27 28 31 32 33 35 37 38 39 40 41 42 43 46 49 51 54 55 56 57 58 59 60 61 62 65 66 68 69 70 71 72 74 76 77 78 79 80 83 84 85 88 90 92 93 94 96
rond 49
rono 53
romp 17 26 29 36 44 55 66 67 94
rome 3 7 9 10 12 13 23 26 27 28 29 31 38 39 40 41 42 44 45 46 49 51 53 55 66 67 68 69 71 73 74 76 77 78 79 80 82 84 85 88 89 90 92 94 96 97 98
roma 49 53
roly 40 71
rope 3 4 5 6 10 12 14 17 18 20 21 22 23 25 26 28 30 31 32 33 38 39 40 41 42 43 44 46 49 51 52 53 55 60 61 66 67 68 69 70 71 73 76 77 78 79 80 81 84 92 94
root 4 5 6 7 8 10 12 13 14 16 17 22 23 24 26 27 28 32 33 35 37 39 40 41 44 45 46 48 49 51 53 54 55 56 60 63 64 65 66 68 70 71 73 76 77 78 79 80 84 85 88 89 92 93 94 96 97
roof 1 3 4 6 8 9 10 12 13 14 17 18 19 20 21 22 23 26 27 28 29 30 31 33 35 37 38 39 40 41 42 43 44 46 47 48 49 51 52 53 54 55 56 57 60 61 65 66 68 69 70 71 72 73 74 76 77 78 79 80 81 84 85 90 91 92 93 94 95 99 100
roob 68
rood 55 88 98
rook 5 10 39 48 55 68 70 71 77 78 94
room 1 3 4 5 6 7 8 9 10 11 12 13 14 16 17 18 19 20 21 22 23 25 26 27 28 29 30 31 32 33 34 35 36 37 38 39 40 41 42 43 44 45 46 47 48 49 50 51 52 53 54 55 56 57 58 59 60 61 62 65 66 67 68 69 70 71 72 73 74 75 76 77 78 79 80 81 82 83 84 85 86 87 88 89 90 91 93 94 95 97 98 99 100
ropy 77
rots 14 55
rosy 1 4 5 10 12 13 22 24 26 27 29 34 35 37 38 39 40 41 42 44 46 52 53 54 55 56 57 65 67 71 74 76 77 78 79 81 90 94
rote 45 49 55 77 89 91
rota 7 12 49 53 79 84
ross 21 40 43 55 56 62 81
rost 39
rory 55
rose 1 3 4 5 6 7 8 9 10 11 12 13 14 16 17 18 19 20 21 22 23 24 26 27 28 29 30 31 32 33 34 35 37 38 39 40 41 42 43 44 45 46 47 48 49 50 51 52 53 54 55 56 57 60 61 62 64 65 66 67 68 69 70 71 72 73 74 75 76 77 78 79 81 82 83 84 85 88 89 90 91 92 93 94 95 98 100
rosa 12 27 44 49 53 55 71 78 79
rovo 39
rovs 39
rove 9 10 14 26 30 56 65 77 88 92
roum 91
row. 5
roun 4 13 18 55 69 70
rout 6 7 12 16 27 28 31 39 40 42 48 49 53 55 65 67 77 80 91 99
rous 49 68 81 91
roug 91
roxa 53
rowy 55
rows 1 4 8 10 12 13 14 16 18 22 23 27 28 30 31 33 34 37 38 39 40 41 43 46 48 49 51 52 54 55 56 59 60 61 63 65 67 69 70 71 73 76 78 79 83 84 94 100
rowe 32 65
rozo 53
roza 53
roze 12 53
roys 45
rper 63
rrpr 55
rrrr 39
rrrt 33
rski 39
rter 63
ruat 49
ruan 53
ruck 55
rubs 12 13 39 41 44 51 55 70 71 78 83
ruby 5 10 21 23 24 39 44 46 55 56 61 79 84 85 100
ruba 55
rues 12
rued 10 16 20 55
rudy 34 55
rude 1 3 4 5 6 10 11 12 14 16 17 18 19 21 22 23 27 28 31 32 33 37 38 39 40 41 42 43 45 46 47 49 50 51 53 54 55 56 60 62 65 66 67 68 69 71 72 73 74 76 77 78 79 80 81 85 88 90 91 92 93 94 99 100
rugs 5 17 18 22 23 37 39 46 67
ruff 17 23 85 99
rufo 77
ruiz 53 77
ruit 49
ruin 1 4 6 7 8 10 11 12 13 14 15 16 18 19 20 21 22 23 26 27 28 29 33 36 37 38 39 40 41 43 44 46 47 48 49 51 54 55 56 57 60 65 66 67 68 69 71 72 73 74 76 77 78 79 80 81 82 83 84 85 86 90 92 93 94 96 97 98 99
ruht 63
rule 3 4 6 7 9 10 11 12 13 14 15 16 17 18 20 21 22 23 26 27 28 29 30 31 32 33 34 35 37 39 40 41 42 44 45 46 48 49 51 52 53 54 55 56 58 60 61 62 63 64 65 66 67 68 70 71 73 74 75 76 77 78 79 80 81 83 84 85 88 89 90 92 94 95 96 97 98
rung 6 8 10 12 14 16 19 27 28 37 44 46 54 55 59 63 65 67 68 70 71 78 79 84 90 94 99
rune 20 55
rump 53 55 66 82
rumy 39
rums 14 78
rume 72
rupi 49
runt 49
runs 5 6 7 8 10 11 12 13 16 17 20 21 22 24 25 26 27 28 30 31 32 33 36 38 39 40 41 42 43 44 45 46 47 48 49 50 51 52 53 54 55 56 58 60 63 65 67 70 71 72 73 75 76 77 78 79 80 81 82 83 84 85 86 88 92 94 95 97 98
ruth 10 27 45 55 57
rust 5 12 13 20 28 31 34 40 45 46 47 49 51 54 55 61 68 70 71 73 76 77 78 79 80 83 85 93
ruse 12 21 26 27 34 39 43 53 55 79 94
rush 1 3 4 5 6 10 12 13 14 15 16 17 18 20 21 22 23 24 25 26 27 28 29 30 31 32 33 36 37 39 40 41 42 44 46 47 48 49 50 51 52 53 55 56 57 59 60 65 66 67 68 69 70 71 72 73 74 76 77 78 79 80 81 84 85 88 90 92 93 94
rusk 27 60
ruts 12 27 28 34 39 76 86
ryan 30 42 55
rych 39
ryaz 39
ryev 39
ryov 41
