rehung 12
rarity 12 16 45 46 49 56 68 73 76 81 82 84
roomer 78
roomed 13 18 48 78 93
rained 5 7 10 11 12 13 16 19 27 28 29 38 44 46 48 49 52 53 55 56 60 66 68 69 70 71 72 77 78 81 82 83 94 98 99
raines 9
rainin 5
rungen 63
roosts 12 28 58
rootes 45
rooted 4 5 6 10 11 12 14 16 19 20 22 27 28 29 31 33 36 37 39 40 41 44 45 46 49 55 56 65 66 67 68 71 72 73 74 76 77 78 79 84 85 89 90 95
runned 4
runner 6 22 39 46 49 55 80
runnin 5 27 46 70
roots. 38
requin 40
requir 83
requis 92
raised 1 2 3 4 6 7 8 9 10 11 12 13 14 16 17 18 19 20 21 22 23 24 26 27 28 29 30 31 32 33 34 37 38 39 40 41 42 43 44 45 46 47 48 49 51 53 54 55 56 57 58 59 60 61 63 64 65 66 67 68 69 70 71 72 73 74 76 77 78 79 80 81 82 83 84 85 88 89 90 92 93 94 95 96 98 99
raiser 13 80
raises 12 15 19 26 27 28 39 40 41 49 50 51 55 65 70 72 74 77 78 80 81 82 88 90 95 98
rarmai 40
raisin 12 13 17 27 30
runlet 60
raison 29 39
rope’s 5 6 12 17 22 40
reicht 63
rein’d 65
rein’s 53
rogata 49
rehear 53
reheat 39
rehebe 53
rard’s 39
ripp’d 65
ripest 38
ripens 22 28
right. 10 14 21 27 31 41 71 80
righto 42 55
rights 1 4 6 8 9 10 12 13 14 15 16 18 20 21 26 27 28 29 32 37 39 40 41 42 43 44 45 46 47 48 49 50 51 54 55 58 63 65 66 68 69 70 71 72 73 76 77 78 79 80 81 82 83 84 85 89 92 94 96 97
re’lly 27
razors 13 37 40 55 60 68 83
rigida 49
rigide 45
room’s 37
rain’d 65
rigord 12
rigore 49
rigors 49 79
rigour 10 45 49 54 55 77 78 92 97
raided 31 39 48
rail’s 13
rook’s 39
roofed 12 13 18 20 21 28 39 40 43 46 54 57 65 68 70 71 76
raight 10 72
raigne 45
rueful 14 21 27 29 38 40 43 55 65 68 77
razzle 55
rais’d 49 65
ripley 48 67
rarely 4 5 7 10 12 14 16 18 20 23 26 28 30 35 37 39 40 41 44 45 47 48 49 53 54 55 56 61 65 69 71 72 73 74 75 76 77 78 79 80 81 83 84 85 86 89 90 92
rarest 12 22 26 28 49 55 77 79 85 92 93 98
railed 4 12 21 46 50 55 67 68 77 78 79
railer 55
rooked 55
railly 27
raille 12
riposo 65
ripped 6 12 13 17 22 26 28 30 31 33 35 40 47 48 49 55 60 67 69 70 71 78 79 82 84
ripper 52 55 69 70
ripple 6 9 10 12 14 18 22 23 28 31 33 40 43 46 47 49 51 56 67 69 77 78 84
ripply 70
rowels 40
rowena 32
rowers 14 22 49 77 79 94
roweth 26
rudkus 13
rioted 31
reydan 40
rumdum 55
regret 1 4 6 8 10 11 12 13 14 16 17 18 19 21 23 26 27 28 29 31 32 34 36 37 39 41 42 43 44 46 48 49 51 55 56 59 60 61 64 65 66 67 68 69 71 72 73 74 75 76 77 78 79 80 81 83 84 85 90 92 93 94
rudolf 55
rchevo 39
rioter 12
rudy’s 55
rrrhha 33
rigg’d 65
repose 9 10 11 12 14 18 19 20 22 26 27 28 30 31 34 38 39 40 41 42 44 45 46 49 52 54 55 60 65 66 68 69 71 72 74 76 77 78 79 80 81 82 83 84 85 88 89 90 92 93 94
report 1 4 5 6 8 9 10 11 12 13 14 16 18 19 20 21 23 25 27 28 29 31 34 37 38 39 40 41 42 43 44 45 46 48 49 51 53 55 59 60 63 65 68 69 70 71 72 73 74 77 78 79 80 81 82 83 84 85 86 88 90 94 98 99
rowing 6 14 22 38 40 46 56 60 69 73 74 77 79 82 83 89 90 94
repuls 83
repute 7 12 13 16 17 20 21 26 40 43 45 48 49 66 71 76 77 78 79 85 88 89 92 93
razing 65
rowley 99
rtigen 63
rrrmph 33
rrrrrr 55
rigged 6 27 28 39 40 41 53 56 71 77 79 84
rigger 40
ripart 53
rahway 83
rumors 5 12 13 27 39 40 41 51 56 79 84 85 86 94
rumour 10 16 19 21 22 26 34 35 49 54 55 65 67 68 71 72 76 78 80
rumple 14
rigent 49
rumpus 55
regain 6 7 10 11 12 18 19 21 34 37 39 41 44 49 53 65 68 71 77 79 81 84 94
raynal 12
regali 97
raptim 49
regall 45
regale 4 24 40 45 60 68 78 93
rayner 46
regard 4 6 7 9 10 11 12 13 14 15 16 18 19 20 21 22 26 27 28 29 31 32 33 35 37 39 40 41 43 44 45 46 48 49 50 51 53 54 55 56 57 59 60 63 65 66 68 70 71 72 73 74 75 76 77 78 79 80 81 82 83 84 85 88 89 90 92 93 94 95 96 97 98
raptus 49
rayons 49
regere 49
rifled 6 12 21 34 40 49 65 68 77
rifles 27 28 31 33 34 39 40 43 46 47 48 78
raysed 45
rowe’s 55 65
reggio 49 53 79
repaid 1 4 9 10 11 12 14 16 19 21 22 38 39 41 42 44 52 54 65 66 68 71 72 74 77 78 79 80 83 85 90 94
repair 4 8 10 12 13 14 19 21 22 28 29 38 40 43 44 46 48 49 54 55 60 65 67 68 69 71 72 73 74 76 77 78 79 80 81 82 83 85 86 88 90 94 97 100
regent 10 12 20 21 23 40 43 44 45 48 49 53 65 77 78 94 98
regelm 63
regeln 63
rixdix 55
rondel 55
rondes 23
rudder 6 14 22 46 49 60 64 71 74 79 90
repeat 1 2 3 4 5 6 7 8 10 11 12 13 14 15 16 19 20 21 22 23 27 28 29 31 33 35 37 38 39 40 41 42 43 44 45 49 50 55 56 60 65 66 67 68 71 72 73 74 75 76 77 78 79 80 82 83 84 86 88 89 90 92 93 94 95 97
repeal 15 32 55 72 78 81 83 89
repels 1 40 49 92
repell 45
repent 4 6 9 10 11 14 16 19 27 28 36 37 38 39 40 41 45 48 49 55 56 60 65 66 68 69 71 72 73 74 76 77 78 79 81 83 85 88 90 91 93 94 97 98
ruddle 77
repass 49 60 78 79
repast 9 10 12 16 18 26 28 29 40 49 55 65 71 73 74 76 77 78 79 80 81 82 83 90 94
repays 65 78
regiae 97
regina 40 43 53
region 1 4 10 12 13 14 18 20 21 22 28 29 31 32 34 39 40 42 43 45 46 48 49 51 52 53 55 56 57 63 65 68 70 71 73 74 76 77 78 80 84 85 88 89 90 92 94 95
regild 12
regime 12 27 39 49 51 80 86 96
regius 27 55
regnet 63
regnis 49
regnum 45 97
repine 2 10 11 19 41 49 60 65 71 73 78 81
rumbly 33
rumble 12 21 23 28 31 39 41 43 49 51 56 61 66 76 78 94
reglar 27 70
rudest 27 28 37 49 85 94 100
rudely 4 9 12 27 28 33 37 39 40 41 42 44 49 50 51 52 55 65 66 67 68 69 71 72 76 77 79 80 83 84 88 94 100
result 1 3 4 5 6 7 10 11 12 13 14 16 17 18 19 21 23 26 27 28 29 30 31 32 33 34 36 37 39 40 41 42 43 44 45 46 47 49 50 51 53 55 56 57 58 59 63 65 66 67 68 69 71 72 73 74 75 76 77 78 79 80 81 83 84 85 86 88 89 90 92 93 94 95 96 100
resume 1 4 10 11 12 13 14 18 19 22 23 28 34 39 40 44 46 48 49 52 55 60 65 69 71 72 73 74 76 77 78 79 85 90 94 97
ruppin 12
restai 12
rested 4 5 9 10 11 12 13 14 16 17 18 19 20 21 22 23 26 27 28 29 30 31 34 35 37 38 39 40 41 42 43 44 45 46 47 48 51 52 53 55 57 58 59 60 61 65 67 68 69 70 71 72 73 74 76 77 78 79 80 81 83 84 85 88 89 90 92 94
restin 27
restif 12
rebate 13
restor 83
rattan 12 27
ratted 55
rattle 3 6 11 12 14 17 21 23 26 27 28 31 33 34 37 39 40 42 43 46 48 49 51 55 56 65 66 69 70 71 72 73 76 77 78 79 94
rebeck 77
rebell 45
rebels 12 15 28 30 31 39 40 41 49 51 60 65 68 78 81 92 96 97
rialto 55 84
racers 55 65
risers 21 55 78
risest 26 77
riseth 26 45 83 88
riaran 77
riario 7 23
race46 65
rising 1 3 4 5 6 7 8 9 10 11 12 13 14 16 17 18 19 20 21 22 23 24 26 27 28 29 30 31 32 34 35 36 37 38 39 40 41 43 44 45 46 47 48 49 50 51 52 53 55 56 57 60 61 64 65 66 67 68 69 71 72 73 74 75 76 77 78 79 80 81 83 84 85 88 89 90 92 93 94 96
ribb’d 65
rhodes 12 40 49 53 55 65 98
rhoddj 53
rhoddi 53
rackel 91
racked 4 10 11 13 26 28 32 39 44 49 54 60 71 72 77 78 80 88 94
racket 12 40 49 53 55 58 67 69 70 78 94
rhodos 49
ralegh 55
risked 6 10 12 14 22 26 27 29 37 39 40 41 44 54 55 59 79 94
retale 83
retain 4 7 10 11 12 14 16 18 19 20 21 23 26 27 28 34 37 39 40 41 45 46 49 55 65 68 71 72 73 74 75 76 77 78 79 80 81 83 84 85 88 89 90 92 95 97
retail 11 12 49 50 54 55 66 71 78 79 80
retake 97
retard 4 12 27 28 44 65 71 74 79 81 88 90
rachel 4 27 34 40 41 49 55 56 70
rachet 46
ruyter 12
racial 51 55 92
racine 12 79
racing 9 10 12 13 18 20 26 27 33 39 40 42 43 46 51 55 56 58 65 71 73 77 79
reborn 35 39 55
rakers 82
resent 1 5 10 11 14 16 29 30 37 39 40 49 55 56 65 71 72 73 77 80 81 83 88 89 94
reared 2 4 7 9 10 12 13 14 17 21 26 27 30 33 34 38 39 42 46 49 55 57 68 71 72 73 76 77 78 79 80 84 92
rables 12
rabies 49
ruxton 23
rheims 12 23 55 78
reaped 7 12 13 19 21 26 28 39 40 46 49 60 71 72 77 79 80 84 97
reaper 13 49 56 65 77 97
rescue 4 9 11 12 13 14 15 16 17 20 21 23 28 30 36 37 39 40 41 43 47 48 49 50 53 55 56 60 61 65 68 69 71 72 75 76 77 78 79 80 85 88 94 96 98
rejoin 10 12 21 30 34 39 43 48 49 53 67 77 78 79 80
resign 4 6 9 10 11 12 13 16 27 28 40 41 49 56 60 65 68 69 71 72 74 77 79 82 83 85 89 90 92 94 97
reside 4 7 10 12 19 20 26 28 35 44 45 49 55 65 68 72 74 75 78 79 80 81 88 90 92 94
raking 5 10 13 14 23 49 55
rakish 14 17 27 42 55 56 67 78 94
resins 22 53
resist 7 8 10 11 12 13 16 17 19 21 22 23 26 27 28 29 30 31 32 37 38 39 40 41 43 44 45 46 48 49 50 53 55 56 57 60 65 68 69 71 72 73 74 77 78 79 80 81 83 84 86 88 89 90 92 94 97
reaved 20
reason 1 2 3 4 5 6 7 8 9 10 11 12 13 14 15 16 17 18 19 20 21 22 23 24 25 26 27 28 29 30 31 32 33 34 35 36 37 38 39 40 41 42 43 44 45 46 47 48 49 50 51 52 53 54 55 56 57 58 59 60 61 62 63 64 65 66 67 68 69 70 71 72 73 74 75 76 77 78 79 80 81 82 83 84 85 88 89 90 91 92 93 94 95 96 97 98 99 100
reasor 51
rozato 53
rugged 9 10 18 19 22 23 26 34 40 43 46 49 51 54 55 65 66 71 74 76 77 78 79 80 82 84 85 88 90
rugger 55
rhesus 65
rather 1 2 3 4 5 6 7 8 9 10 11 12 13 14 15 16 17 18 19 20 21 22 23 26 27 28 29 30 31 32 33 34 35 36 37 38 39 40 41 42 43 44 45 46 47 48 49 50 51 52 53 54 55 56 57 58 59 60 61 63 64 65 66 67 68 69 70 71 72 73 74 75 76 77 78 79 80 81 82 83 84 85 86 87 88 89 90 91 92 93 94 95 96 97 98 99 100
rhetor 39
rupert 23 55
rupees 33
raksha 33
rzsteg 55
ratify 39 65 71
rating 45 71 72 77
resolv 83 98
ration 10 30 33 39 55 79
ratios 80
rheums 49
resort 4 7 9 12 14 21 26 27 28 32 37 40 41 44 45 48 49 53 65 66 68 71 72 73 75 76 78 79 80 81 83 85 89 93 96
respit 45
rufous 55
reader 2 4 6 7 9 10 11 12 13 14 15 17 18 20 22 26 27 28 32 34 37 39 40 41 42 43 44 45 48 49 51 55 56 60 63 65 66 68 69 71 73 76 77 78 79 80 81 82 83 84 85 88 90 91 92 94 95 97
readey 91
readin 5 27
ready. 38 71
reap’d 65
reach. 22
rasped 14
reacts 53
rabbis 55 85
rabbit 3 5 10 12 13 21 28 30 35 39 44 46 48 56 58 68 69 70 72 73 76 77 79 94
rabble 4 12 26 38 39 40 41 42 49 55 73 76 77 79 80 82 84
rohans 39
rasure 9
rake’s 77
rear’d 65
rizzio 10
rabelo 53
reject 2 4 10 11 12 13 15 20 32 37 39 41 45 46 49 65 71 72 73 78 79 80 82 84 85 88 95 96
realer 26
realit 63
realms 7 9 10 18 20 39 41 45 51 56 65 70 73 77 79 80 84 92
realle 53
really 1 3 4 5 6 7 9 10 11 12 13 14 15 16 17 18 19 21 22 23 25 26 27 28 29 30 31 32 33 34 35 36 37 38 39 40 41 42 43 44 45 46 47 48 49 50 51 54 55 56 57 58 59 60 61 62 63 66 67 68 69 70 71 72 73 74 75 76 77 78 79 80 81 82 83 84 85 88 89 90 92 93 94 95 96 97 100
realme 45
reigne 45
reigns 12 15 16 22 23 28 39 40 44 49 65 71 73 77 78 79 80 88 97
rizali 53
reihen 63
runway 4
rogers 55 69 70 83
rajahs 5 71
ropers 33
reille 12
ryev’s 39
ruffed 40
ruffin 55
ruffle 10 12 18 27 39 42 49 55 56 76 78 79 94
rzinsk 39
r’yals 69
reread 39 55 74 94
raseth 9
reinen 51 63
reines 45
reined 9 23 31 39 40 46 71 77 84
royals 40
royall 45
royale 12 46 79 94
rynges 53
royaut 39
rascal 4 6 9 12 13 14 19 22 27 36 37 38 39 40 41 43 44 49 50 51 58 68 70 71 72 73 76 77 78 79 81 82 83 93 94 98
rasher 55 71 77 78
rashed 9
rashly 10 26 45 49 50 56 65 71 74 77 79 81 82 88 89 90 93 94
riquet 5
rogues 1 6 14 38 39 40 41 55 58 60 71 73 77 79 80 81 99
roguet 12 39
rasing 9
reiter 98
reiten 46
ricote 77
ricota 77
robing 10 76 88 91
roth’s 53
robins 5
remade 5 47 69 77
remain 1 2 3 4 5 6 7 8 9 10 11 12 13 14 15 16 17 18 19 20 21 22 23 24 25 26 27 28 29 30 31 32 33 34 35 36 37 38 39 40 41 42 43 44 45 46 47 48 49 50 51 52 53 54 55 56 57 58 59 60 61 63 64 65 66 67 68 69 70 71 72 73 74 75 76 77 78 79 80 81 82 83 84 85 86 87 88 89 90 91 92 93 94 95 96 97 98 99 100
remand 10 49 78
remake 23
remark 1 3 4 5 6 7 10 11 12 13 14 15 16 17 18 19 21 22 23 26 27 28 29 31 32 34 37 39 40 41 42 43 44 46 47 48 49 50 54 55 56 57 63 65 67 68 69 71 72 73 74 75 76 77 78 79 80 83 84 85 89 90 92 93 94 100
rursus 49
rursum 49
rhythm 12 18 26 30 39 42 50 51 55 56 64 67 80 82 92
redhot 55
rotate 39 48 95
rotary 39
rictus 55
rann’s 33
remedy 2 7 9 10 11 12 13 14 15 16 19 22 28 29 30 32 39 41 44 45 49 51 55 57 60 64 66 68 71 72 73 74 76 77 78 79 80 81 82 83 84 85 89 90 97
remelt 84
riuers 53
rank’d 65
rank’s 36
robles 77 98
revels 9 10 39 40 41 44 77 79 84 91 92 94
revere 12 49 65 77 85
revery 28 40 42 64 84
revert 10 14 48 55 65 68 71 78 79 80 95 97
revers 12
ranges 12 14 22 28 33 40 45 49 55 65 69 72 78
ranger 1 20 55 79 84
ranged 6 9 10 12 13 14 17 18 22 23 27 28 30 33 38 39 40 46 49 52 55 65 68 69 70 72 74 76 77 78 79 88 90
rancid 10 12 13 55 73
redowa 94
rancon 49
rancor 12 39
remind 1 4 5 6 10 11 12 14 16 19 22 23 27 28 32 33 34 36 37 39 40 41 42 46 47 48 49 50 53 55 56 58 59 66 67 68 69 71 72 74 75 77 78 79 80 82 84 85 90 94
remits 71
remiss 16 46 49 65 70 71 78 79 97
robore 49
randal 94
randio 53
rush’s 42
rush’d 65
random 6 12 15 16 18 21 34 35 37 39 40 41 42 49 54 55 66 67 69 71 76 77 80 88 92
reveal 5 8 9 10 12 14 17 18 21 23 26 28 36 37 39 40 41 44 45 46 49 51 53 55 56 60 63 64 65 67 68 69 70 71 72 74 75 76 77 78 79 80 81 85 86 88 90 92 95
remote 1 4 5 10 12 14 16 22 23 26 27 28 31 35 37 39 40 41 42 44 45 46 47 48 49 51 52 53 55 56 57 60 64 65 66 67 68 69 71 73 74 75 76 77 78 79 80 81 83 84 85 89 90 92 95
remoto 12
remora 49
revile 9 10 26 31 41 45 55 65 80
revise 9 49
remove 1 2 3 4 5 6 7 8 9 10 11 12 13 14 15 16 17 18 19 20 21 22 23 24 25 26 27 28 29 30 31 32 33 34 35 36 37 38 39 40 41 42 43 44 45 46 47 48 49 50 51 52 53 54 55 56 57 58 59 60 61 62 63 64 65 66 67 68 69 70 71 72 73 74 75 76 77 78 79 80 81 82 83 84 85 86 87 88 89 90 91 92 93 94 95 96 97 98 99 100
revive 4 6 10 11 14 16 19 28 34 37 40 41 47 49 55 60 65 68 69 71 72 73 74 76 77 78 79 80 84 88 89 90 94 99
robust 10 12 18 26 28 34 39 40 41 43 44 49 50 51 54 55 59 63 67 68 71 73 77 78 80 84 92
rawdon 81
ranker 39 55 65
ranked 10 12 13 15 19 32 46 49 73 74 80 88 90 91
rankle 22 56 74 85 90
robson 81
reduce 4 7 13 15 20 22 28 29 32 35 37 39 41 44 45 46 49 51 55 59 60 65 71 72 73 77 79 80 83 84 86 95 96 97
remole 53
review 10 11 12 13 18 27 28 29 33 37 39 42 45 49 50 53 54 55 65 66 71 73 78 79 80 81 82 83 88 95
remond 32 51
ravena 77
ravens 3 10 22 38 40 43 45 49 60 77 79 80
raveth 26
reload 12 39
recurs 7 37 65 80 92
recurr 83
recuso 49
ramiro 7
rosier 39 100
rosiny 55
rosily 6 29 55 56
robb’d 65
ruined 1 4 6 7 10 11 12 13 14 15 16 18 19 21 22 23 26 27 28 29 31 32 33 34 36 39 40 41 42 46 47 48 49 50 51 54 55 60 61 66 68 69 70 71 72 73 74 76 77 78 79 80 83 85 86 90 91 92 93 94 96
ruines 45
ruinis 49
ritual 23 41 55 80 84
ruinae 49
ruinam 49
ryhtum 20
raving 3 6 10 12 13 16 22 26 27 32 37 39 40 41 42 44 46 47 48 49 50 55 68 72 73 76 77 79 84 97
ravine 8 10 12 31 33 34 39 74 77 84 90
ramoth 45
ravish 9 39 44 49 74 80 82 88 90 98
ramped 94
riccia 79
rammer 6 44 78 82
rammes 45
rammed 33 40 41 55 70 73
ruin41 22
rhymes 12 20 23 26 28 37 55 92
rhymer 49
rhymed 12 26 82 84
rosses 12
rossan 79
radziv 39
redans 12
reuter 98
robalo 53
richie 55
riches 5 6 7 9 12 15 19 20 22 26 27 28 32 35 38 39 41 42 43 45 49 51 53 54 55 60 64 65 68 71 73 74 76 77 78 79 80 82 83 84 88 90 94 97 98
richer 9 12 19 20 21 23 28 34 35 38 39 40 43 47 49 51 54 55 60 64 67 71 72 73 77 78 79 80 81 82 84 85 88 92 93 94
richly 1 5 9 10 11 12 14 16 22 29 32 38 39 40 42 44 47 49 55 68 71 72 77 78 79 81 82 84 85 92 97
ramrod 39 41 70
ramsay 81
ramsey 63
relyed 45
redeem 1 4 9 10 12 14 16 19 26 27 28 37 41 45 46 49 53 54 60 65 68 74 79 80 83 84 85 88 90 99
robeck 82
robert 6 9 10 12 15 16 18 19 21 40 42 49 53 54 55 56 66 72 73 74 79 81 83 84 88 90 92 93 94 97 99
robers 91
robbed 1 4 5 7 12 13 14 15 16 18 19 20 22 23 26 28 30 31 37 38 39 40 41 46 48 49 55 64 68 69 70 71 74 76 77 78 79 81 82 84 89 90 91 92 94 97
robber 1 10 12 14 15 21 22 23 26 28 32 35 37 38 39 41 44 46 49 55 58 68 69 70 71 76 77 78 79 82 84 88 97
rostro 49
robbia 79
reddat 49
redden 29 46 51 71 85 94
reddet 49
redder 5 21 39 40 41 44 46 56 57 68 70 78 94 100
rose’s 68 100
relate 1 4 6 7 10 11 12 14 16 17 18 19 21 22 26 29 39 40 43 44 45 49 51 54 55 60 65 68 71 73 74 76 77 78 79 80 81 82 83 84 85 88 89 90 93 94 95
roar’d 65
recede 11 40 41 42 45 47 48 49 65 68 71
receiv 81 83
roads. 71
recent 1 4 6 7 9 10 11 12 13 14 16 17 18 19 20 21 22 27 28 29 35 37 39 40 41 42 43 44 46 48 49 51 55 56 57 59 65 66 67 68 71 72 74 76 78 79 80 81 83 84 85 88 89 90 92 95
recess 1 10 12 14 17 21 27 28 39 43 44 49 54 55 56 65 66 68 69 72 74 77 79 84 85 88 89 90 92 94
recken 91
recked 9 20 55
reckin 27
relego 49
reckon 2 4 6 7 11 12 13 14 16 20 22 27 28 29 34 37 39 40 41 45 48 49 51 56 57 60 64 65 66 68 69 70 72 77 78 79 82 83 85 88 92 97 99
relent 4 10 17 18 19 40 50 65 71 72 76 77 78 94
relays 12 39 49 76 78 79
rechte 63
rechts 63
rechtm 63
recipe 27 28 46 49 55 56 76 78 79 85
recite 12 13 23 29 31 39 42 45 55 56 57 65 66 69 77 78 79 81 88
recito 49
rosary 12 23 46 55 66 67 77 78 79 94
ramble 1 5 10 11 12 20 28 49 55 60 68 72 74 77 78 79 84 85 90 94
reuben 51 55
radial 55
radici 7
radice 53
recoil 1 9 10 12 13 21 26 39 40 46 55 68 71 72 79 81 84 85 89
radiis 28 49
relics 10 12 14 18 19 21 27 28 39 40 41 49 55 60 65 74 76 77 78 79 85 88 90 94
relict 55 68
relied 4 7 11 12 14 19 20 27 32 34 37 40 41 49 53 68 71 74 76 78 79 84 85 88 90
relies 7 37 49 78 79
radios 86
relief 1 3 4 5 6 10 11 12 13 14 15 16 17 18 19 21 22 23 24 25 26 27 28 29 30 31 32 33 34 35 36 37 39 40 41 42 43 44 46 47 48 49 51 52 53 54 55 56 57 58 60 61 65 66 67 68 69 71 72 73 74 76 77 78 79 81 82 83 84 85 88 90 92 93 94 97 99
reliev 83
ritien 49
record 4 6 7 9 10 12 13 14 21 23 26 28 29 30 32 40 41 43 44 45 46 47 49 51 54 55 63 65 66 68 69 70 71 73 74 75 76 77 78 79 80 81 82 83 84 85 87 88 89 90 94
ritier 12
radish 12 37 49
radius 21 39 43 46 48 51 83
recoup 22 55
relish 10 13 14 15 16 18 19 21 28 32 37 39 40 41 42 44 45 49 52 54 55 60 68 69 71 72 73 76 77 78 79 80 81 83 94 99
riting 91
relive 39
roamer 12
roamed 9 10 12 13 18 30 31 33 38 66 67 69 71 72 76 77 78 84 85 94
roamin 5
roarin 27
roarer 27
roared 3 5 6 9 10 12 13 14 17 19 21 22 26 27 30 33 35 37 38 39 40 41 42 44 46 48 55 61 67 68 69 70 71 72 73 74 76 79 80 84 88 90 93 94 100
ravage 20 29 65
roasts 13 38
rectal 55
rectas 55
radney 40
rectly 55 78
rectis 49
rector 11 12 44 45 49 55 75 77 80 98
rectum 49 55
ruin’d 65
rameau 12 39
rameti 53
radley 23
rosery 55
roses. 5
rebuff 6 10 14 46
rebuke 9 10 11 12 13 18 23 27 32 35 39 42 45 49 51 55 64 65 69 72 76 79 80 85 88 93 94
retina 47 84
retell 39
reteni 53
rorkes 55
road’s 27
rhombs 73
retire 3 10 12 13 16 18 20 21 26 27 34 38 39 41 43 44 45 46 49 52 53 55 60 62 65 66 68 71 72 73 74 75 76 77 78 79 80 83 85 88 90 93 94 97
retira 53
roissy 49
riband 23 55 68 72
ribald 4 22 46 55 71 77
rory’s 55
ribbed 12 21 23 28 40 46 48 72 77 78
ribble 49
ribbon 1 5 12 13 14 16 18 27 28 31 34 39 41 42 46 49 52 55 56 57 61 66 67 68 69 71 72 75 76 78 79 80 83 84 94
retold 6 13 35 69
rita’s 79
retook 44 53
retort 4 11 12 14 16 17 19 21 37 41 42 50 55 56 57 63 66 71 75 78 80 83 89 95
rama’s 33
return 1 2 3 4 5 6 7 8 9 10 11 12 13 14 15 16 17 18 19 20 21 22 23 24 25 26 27 28 29 30 31 32 33 34 35 36 37 38 39 40 41 42 43 44 45 46 47 48 49 50 51 52 53 54 55 56 57 58 59 60 61 62 63 64 65 66 67 68 69 70 71 72 73 74 75 76 77 78 79 80 81 82 83 84 85 86 87 88 89 90 91 92 93 94 95 96 97 98 99 100
rosa’s 27
ribera 53
retrod 74 90
raumes 63
recant 49 55 97
recall 1 4 5 6 7 9 10 11 12 13 14 16 17 19 20 21 22 23 28 29 34 36 37 39 40 41 42 45 46 47 48 49 54 55 65 66 68 71 72 74 75 76 77 78 79 80 81 83 84 85 88 90 94 95
recast 12
raging 5 6 7 9 10 12 13 17 20 22 26 27 28 30 37 38 39 40 41 44 45 46 49 50 53 54 55 60 65 66 68 69 70 71 72 74 76 77 78 80 81 82 88 90 92 94 96
ragion 53
reform 10 12 13 19 23 27 28 32 37 39 41 49 50 51 55 56 69 70 72 75 77 78 79 80 85 88 89 96
ruched 55
rinova 39
romish 40 41 49 83
ragged 6 10 12 13 14 21 22 23 27 28 30 33 34 37 39 40 41 42 43 46 47 48 51 52 54 55 66 67 68 69 70 71 72 73 74 76 77 78 79 90 93 94
rapani 53
reogon 91
rodney 43
rapiat 49
rapido 49
rapids 12 13 22 30 31 33 35 46 55
refuge 4 7 10 11 12 13 18 20 22 23 26 27 28 29 31 32 34 35 39 40 41 42 43 44 45 46 47 48 49 50 51 53 54 55 56 57 60 65 68 69 71 72 73 74 76 77 78 79 80 81 85 88 90 92 93 94 97 100
rapier 39 49 55 77 82 84
refund 1 2 3 4 5 6 7 8 9 10 11 12 13 14 15 16 17 18 19 20 21 22 23 24 25 26 27 28 29 30 31 32 33 34 35 36 37 38 39 40 41 42 43 44 45 46 47 48 49 50 51 52 53 54 55 56 57 58 59 60 61 63 64 65 66 67 68 69 70 71 72 73 74 75 76 77 78 79 80 81 82 83 84 85 86 87 88 89 90 91 92 93 94 95 96 97 98 99 100
rapere 49
rucked 55
rucker 70
rovera 49
rovere 7
rovers 22 69 83
roveth 26
ragman 55
rulers 7 13 20 22 26 27 28 32 39 40 41 45 51 55 65 77 78 80 81 83 85 89 91 92 97
rules. 80
rinsed 39 42 44 46 55 66 77 79
ruleth 20 26 45 84 88
rulest 49 88
rapine 12 45 49 51 55 65 73 81 97
raping 55
ragout 10 11 27
refuse 4 5 6 7 9 10 11 12 13 14 15 16 17 18 19 20 21 22 23 27 28 31 32 34 35 36 37 38 39 40 41 43 44 45 46 48 49 50 51 53 55 56 58 59 65 67 68 71 72 73 74 75 76 77 78 79 80 81 82 83 84 86 88 89 90 93 94 100
refute 11 15 26 37 39 41 49 65 72 79 80 88 89 92
rovigo 49
reopen 1 41 49 79
rovich 39
roving 6 10 22 26 28 38 40 49 51 55 56 66 71 77 78 81 82 88 92 94
rovina 55
romore 53
ruling 7 19 20 26 27 39 40 41 45 48 49 51 55 64 65 71 72 73 77 78 80 81 86 89 92 94 96 97 99
romper 21
romped 17 30 33 55 66 94
rapped 3 4 6 12 17 18 27 30 39 41 44 47 48 51 55 56 61 68 69 76 77 79 84 94
rounds 4 6 12 13 14 18 21 23 24 27 28 39 40 42 46 49 52 55 60 65 67 71 72 76 77 78 79 83 84 88 92
round. 38 71
ring’s 26
renuis 49
ryazan 37
ruther 27 56 70
rliche 63
rincre 53
rome’s 26 40 56
rouses 20 40 49 65 68 70 74 80 90
rouser 94
refait 12
roused 1 4 5 10 11 12 13 14 16 17 19 21 22 23 27 28 29 30 32 33 37 38 39 40 41 42 44 48 49 51 52 53 57 60 65 68 69 70 71 72 73 74 76 77 78 79 80 81 82 85 88 89 90 93 94 95
rieger 20
ryssel 12
rinbad 55
routes 4 12 28 39 55
routed 6 7 12 27 30 39 40 48 49 50 65 69 77 94
rinfre 53
ringed 10 40 43 55 57 76
ringer 12 76 77 78
rodger 43
romain 35
romaic 79
riends 12
rience 9
romans 7 9 12 14 15 22 28 29 31 39 40 41 45 49 53 55 65 71 74 79 80 81 89 90 92
romano 49 53
romany 46 55
rutted 34 55 56
romana 79
romani 53
romane 45
refert 49
refers 7 12 15 20 21 22 26 28 39 49 53 63 65 71 77 78 79 80 89 92
referr 83
rodent 55
rodere 49
rageth 20 26
reflex 46 55 80 85
romero 49
reflux 49 60 84
rienzi 55
refine 12 16 23 28 44 45 46 53 71 73 78 80 81
refill 39 40 79 94
rodion 37
reeled 4 6 9 12 13 14 18 22 23 27 29 30 37 39 40 46 48 54 57 69 77 79 84 85 99
rivets 22 31 65 68 71 84
raffle 55 71 73
rubent 49
rubens 50 79 94
rimmed 5 12 13 23 31 34 40 41 42 43 47 56 67
rimmon 45
reward 4 6 7 9 10 13 14 16 19 20 21 23 26 27 28 29 32 33 35 37 38 39 40 41 42 44 45 46 49 50 54 55 56 60 63 64 65 66 68 69 70 71 72 73 74 75 76 77 78 79 80 81 83 84 85 88 89 90 92 94 97 98 99
rskies 39
rendez 12
render 2 4 7 10 11 12 14 15 16 19 20 22 26 27 28 32 34 39 40 41 43 44 45 46 49 53 55 60 63 65 68 69 71 72 73 74 76 77 78 79 80 81 82 83 84 85 88 89 90 92 93 94 95
roldan 53
reeked 13 37 39 46 84 93
renege 42
rocker 18 56
rocket 3 21 33 40 41 47 48 53 55 56 71 100
rocked 5 12 13 14 21 27 32 33 39 40 42 46 48 49 55 59 61 67 68 69 70 71 72 76 79 84 94
river. 38 71
rivers 6 7 8 9 10 11 12 13 22 27 28 30 31 32 33 34 35 39 40 45 46 48 49 51 53 55 56 60 64 65 69 70 73 74 76 77 78 79 80 81 82 84 88 90 96 99
rockin 27
renews 10 37 49 65 77 78
reneye 9
rubios 55
ruth’s 27
riduce 65
raft’s 69
roubay 98
rouble 37 41
rococo 12 92
rimoth 10
rubies 5 12 14 23 34 40 55 61 67 77 79 82 84 85
riving 27 76
rimula 49
ruby’s 56
rivoli 12 44 78 79 94
renoum 98
renoue 91
renown 7 9 10 12 14 22 27 29 40 41 49 52 53 55 65 71 73 77 78 79 80 84 85 98
renowm 98
reeved 40
rewive 68
rolled 4 5 6 7 8 9 10 12 13 14 17 18 21 22 26 27 28 29 30 31 33 34 35 37 38 39 40 41 42 43 44 45 46 47 48 49 51 52 54 55 56 57 58 59 60 61 65 66 67 68 69 70 71 72 73 74 76 77 78 79 81 82 84 85 86 88 90 93 94
rollet 12
roller 14 32 55 67 78 79 93 94
rubles 13 39
rublin 55
rollin 12 27
roufus 91
roughs 21 48 78
rouget 12
rouges 10 12
rouged 12 26 39 66 67 78
rouled 91
rubric 10 12
rafted 30 40
rafter 13 22 70
rental 13 25 51 55 79
rented 10 13 14 32 39 40 41 42 51 59 67 79
rentes 39
renter 32
rentre 12
remuda 49
revoir 18 39 43 66 79 94
revoke 49 74 77 78 79 90
revolv 83
revolt 7 10 11 12 15 18 20 23 27 30 31 37 45 49 51 57 74 77 79 82 88 89 90 92 96 98
rushed 3 4 5 9 10 11 12 13 14 16 17 19 21 22 23 26 27 30 31 32 34 37 38 39 40 41 42 43 44 46 47 48 49 51 53 54 55 56 57 59 60 61 66 67 68 70 71 72 74 76 77 78 79 80 81 84 85 90 94 100
rushes 12 14 21 22 28 30 31 38 39 40 41 43 49 50 55 60 65 68 70 71 75 76 77 78 79 80 92 94
rawest 77 78
reed’s 10 53
rideth 9 20 26
ridest 26 77
riders 6 7 9 12 20 33 34 39 49 52 55 64 73 76 79 83
ransom 7 9 22 26 27 38 49 53 65 69 70 77 79 80 81 82 85 88 98
rock’s 65
reel’d 65
ridges 3 10 26 28 32 38 40 46 48 65 67 73 74 76 78 79 90
ridger 71
ridged 10 52
ridden 1 4 9 12 13 16 23 27 28 33 38 39 40 41 49 51 56 71 72 79 84 94
riddle 3 6 10 12 16 17 26 31 36 37 40 41 43 48 49 51 52 55 63 65 66 68 70 71 77 78 79 80 84 85 88 92
rideat 49
rimane 53
rotted 12 14 22 28 30 39 41 47 48 51 68 70 71 76 78 84 85 97
rotter 55
rotten 9 10 12 13 14 15 26 28 30 31 33 35 37 39 40 41 42 45 48 49 51 53 55 59 60 66 67 68 69 70 71 72 73 76 77 78 81 83 94
rotund 31 39 40
riding 1 4 5 6 9 10 11 12 13 16 17 18 19 20 23 27 28 30 32 33 34 38 39 40 41 43 44 46 48 49 51 52 55 56 57 60 61 62 67 70 71 72 73 74 76 77 78 79 80 81 82 84 90 94 96 99
roll’d 49 65
renaud 79
rivals 11 13 19 34 39 40 41 60 65 80
russie 39
russia 1 7 12 13 15 28 37 39 41 43 49 51 53 55 62 66 71 74 79 80 82 83 90 92
roland 12 38 55 77 92
rubans 12
rustan 39
rubato 92
rusted 8 12 33 61 68 69 71 76 78
rustic 1 5 10 12 14 21 28 39 49 52 55 56 65 66 68 71 72 73 74 76 77 78 79 80 85 90 92 94
rubbed 3 5 8 10 12 13 14 17 18 21 22 23 25 27 28 30 32 33 34 37 38 39 40 41 43 44 46 47 49 55 56 57 58 59 60 61 66 68 69 70 71 72 73 74 76 77 78 79 80 82 83 84 90 92 93 94 98 100
rubben 27
rubber 5 10 13 16 18 19 21 27 28 37 39 42 55 66 67 68 69 71 78 86 94 100
rustle 6 8 10 12 13 14 23 27 28 29 31 33 37 39 40 43 44 46 47 48 55 56 67 68 69 70 71 72 76 77 78 85 94
rubble 48 55
rimini 7 23 79
reefer 41 42
reefed 40 73 84
russen 39
russel 27 67 83
russet 9 10 12 28 43 55 85 94
rivage 9
renard 12
