retinues 39
remesten 77
retinted 92
revalued 67
raincoat 55 67
ransom’d 65
refiners 55
recalled 4 7 10 11 12 13 14 15 16 17 18 19 20 21 23 27 29 30 32 34 37 39 40 41 42 43 44 45 46 48 49 54 55 56 57 65 66 68 71 72 74 76 77 78 79 80 82 83 84 85 88 90 94
roughest 6 41 49 57 68 69 70
reechoed 56
requiems 41
regilded 12
rootless 12
ribaldry 10 55
reality. 41
realised 10 11 14 16 17 21 26 34 35 37 42 43 44 46 47 48 49 55 59 60 65 66 68 74 75 76 77 80 88 89 90
realises 26 68 92
rupilius 82
realists 41 42 92
resigned 9 11 12 14 15 16 18 19 23 27 28 39 40 41 42 45 49 50 55 56 68 70 71 72 74 75 76 77 79 81 82 84 88 89 90 94 97
rawboned 13
realized 4 5 6 12 13 18 20 23 27 28 30 34 35 39 41 46 50 51 52 56 58 65 67 71 78 79 80 84 85 87 92 94 95
realizes 12 18 27 34 39 41 51 67 95
ransomed 27 51 70 77 79 82 85
rovski’s 39
redirect 46
rubbidge 72
refcount 63
recitals 14 79 80
recitall 45
recitant 49
recreate 23 28 40 41 85
recreant 9 55 65 84 94
ringworm 55
refining 40 45 49 80 81 92
reproved 4 7 9 10 12 19 39 43 45 49 56 60 65 71 72 77 78 88
reprover 49 55 72
reproves 18 49 65 88
ringwise 55
regillus 49
rhapsody 1 14 49 51
ratified 45 55 68 72
ratifies 39 65
redheads 76
restroom 62
riverson 69
rowlocks 40 46 70
rational 5 10 11 12 16 19 23 35 37 39 41 44 45 46 48 49 50 55 60 68 71 72 73 74 76 77 78 79 80 81 82 88 89 90 95 97
russells 63
rationes 45 49
rationem 49
rosettes 12 13 23 28 55 94
replying 5 10 11 12 14 16 19 27 29 37 39 41 46 49 55 57 68 71 76 77 78 79 80
rationis 49
ragotsky 82
reascend 80
revision 12 39 41 83 89
revising 12 28 77
radney’s 40
revisits 85
resign’d 65
reille’s 12
restrict 12 27 46 49 71
raven124 22
runswick 46
reloaded 6 12 39 48
ravelled 23 45 71
recall’d 65
revisens 49
rawdon’s 51
remaking 13 23
reproofs 10 11 16 28 41 49 65 72
retineat 97
rallying 7 10 12 13 14 39 46 49 65 72
retinere 49
readjust 47
roadways 13 48
reproach 4 7 10 11 12 13 14 15 16 18 19 20 21 22 23 26 27 28 29 34 35 37 39 40 41 43 45 46 49 50 55 59 60 65 67 68 69 71 73 74 75 76 77 78 79 80 81 84 88 89 90 92 93 94 96 97
riddling 12 55
romantic 1 4 10 11 12 13 14 16 17 19 23 25 27 29 34 37 39 40 41 42 43 44 46 49 50 51 52 55 56 66 67 69 71 72 74 75 78 79 84 89 90 92 94 100
reedlike 23
resuming 11 12 14 16 22 27 37 39 40 42 53 68 71 72 76 77 78 79 80 82 84
retentio 77
rosalind 23
reproche 39
refuting 12 39 80
regicide 12 39 45
reddened 6 12 14 20 22 29 39 40 44 46 55 69 70 71 72 76 78 79 82 84
rumpling 71 78 94
reddenin 5
rosebuds 10 94
rosebush 5 12 13 56
rubbishy 17 31 39 55 69 94
rustiest 26
rascal’s 71
radiator 86
radishes 4 5 49 79
radley’s 23
riverbed 55
ripper’s 52
richmond 14 16 23 32 42 47 48 55 70 84 94
restrain 5 7 8 10 11 12 14 16 18 19 21 22 26 28 32 34 37 39 40 41 42 44 49 55 60 65 67 68 71 72 74 76 77 78 79 80 81 83 84 85 88 89 90 94 97
radiates 40
radiated 12 28 39 55 67
refuteth 26
rosaleen 55
recorder 32 46 55
recorded 1 7 10 12 14 21 22 27 28 32 34 39 40 41 45 46 47 49 53 55 65 68 69 71 73 74 76 77 78 79 80 84 85 88 89 90 94 95 97
raggedly 27 28 76
rusticus 49
raggeder 77
rubicund 14 55 71 77
rippedup 55
recoiled 6 10 12 14 21 37 46 55 68 71 72 76 79 82 93
recherch 41 42 84
renowned 2 9 12 14 20 22 26 38 39 40 49 53 65 66 68 70 73 74 77 78 79 80 85 88 90 98 100
rebellow 65
respited 49 65
rebellas 77
rebelled 4 7 34 40 41 44 45 46 60 71 79 88 89 94 97
rifletta 55
rascally 12 13 15 19 21 22 23 27 31 37 38 40 41 49 68 71 72 77
rauschen 63
ribbon’s 71
radiance 6 10 12 18 21 22 23 24 27 37 39 40 41 47 50 54 55 56 65 71 72 74 76 84 85 90 94
ramadans 40
respires 40
respired 65 72
rhythmic 26 39 48 51 55 64 66 67 94
refusing 4 9 10 11 12 13 14 16 19 22 23 30 32 36 37 39 40 41 44 48 49 51 53 55 59 65 68 71 72 74 75 77 79 80 81 83 84 88 90 94 97
raindrop 55
romanian 63
ruefully 21 40 44 68 71
romances 9 10 12 23 41 49 65 67 77 79 82 84 85 94 98
romancer 84
repaving 12
romance. 12
recessit 28 49
recesses 9 10 12 17 21 28 29 30 31 44 51 64 65 68 71 72 74 77 78 79 80 81 84 88 90 92 94
resulted 10 12 13 14 16 26 27 32 39 44 47 48 51 55 56 65 71 84 85 90 92 94
resultat 63
rizzagno 53
rosebery 47
rizzagio 53
repreved 55
rehearse 9 20 29 37 40 49 66 88 94
refolded 39 43 71 76 84
random’s 71
rollings 40
recruits 12 33 39 42 51 73 81 83
reargued 14
ruysdael 12 13
ridgeway 70
reagents 12
routines 12
retenete 53
richtung 63
renowmed 98
rechnung 63
resonant 29 39 41 42 43 46 55 78
rippling 1 3 5 6 12 14 27 28 30 39 40 55 56 60 61 67 68 71 74 90 94
rummiest 46
rewarder 27 81 92
rewarded 7 8 9 10 11 14 16 17 19 20 23 26 29 30 34 39 41 42 44 45 49 54 55 56 60 65 68 71 72 73 74 77 78 79 80 81 83 85 89 90 94 97 99
ridsdale 55
rashness 4 7 10 11 20 21 30 48 49 65 71 73 76 77 79 88 89 94
railways 13 37 40 41 46 47 48 51 55 79 86 89 96
reposeth 26 88
ropeyarn 40
repelled 10 11 12 14 18 21 26 27 32 39 40 41 42 44 46 49 55 59 65 67 71 72 77 78 79 85 88 89
randolph 84
revealer 12
revealed 5 7 9 10 11 12 13 16 18 19 20 21 22 23 26 27 28 29 32 34 35 36 37 38 39 40 41 42 43 44 45 46 49 50 51 55 56 57 64 65 66 69 71 72 74 76 77 78 79 80 81 84 85 88 89 90 91 92 93 94 95 97
rollin’s 27
reassure 7 12 18 37 39 41 47 48 49 67 71 74 78 79 84 90
reassume 12 44 49
raffling 73
regalias 79
reprends 12
rarities 40 73
regalios 49
regaling 77
relators 45 88
readings 1 6 10 20 45 49 71
remercie 10
raymonde 55
rebell’d 65
ralentis 49
reposing 9 10 12 14 20 27 34 40 42 44 56 60 64 65 67 68 71 77 78 79 84 88 94
renown’d 65
rummagin 4
rummaged 1 12 17 18 21 37 39 40 55 57 60 70 72 78 82 84 94
rummager 12
rummages 12 49 84
retrouss 55
refilled 10 12 44 69 71 76
reawaken 28 39 79
ryefield 39 55
relishin 27 94
renegade 27 39 77
relished 10 11 37 49 55 72 77 79 81 94
relishes 49
reappear 11 12 14 23 29 48 55 59 71 76 78 79 80 95
registry 12 21 43 71 79
rotundly 92
rotundus 49
reshaped 23
refuseth 45 85
ribboned 12 40
rappings 66 72
reposada 77
rechnens 63
register 10 12 13 21 34 43 45 49 53 55 60 67 68 71 73 76 77 78 79 81 83 89 93
reversal 12 51 54 71
reverse. 80
reverses 12 15 18 27 47 53 55 63 71 74 76 77 79 83 90 94
reversed 6 9 12 14 26 28 39 40 41 44 47 55 65 76 78 79 80 82 84 93 94 95 96
reliance 7 10 11 14 19 21 27 28 37 40 41 51 66 71 76 77 78 79 85 89 92
reveal’d 65
refusall 45
refusals 10 11 23 46 84 85
revertar 49
ringer’s 77
reverted 12 14 19 39 47 48 74 76 79 80 90 97
readable 1 2 3 4 5 6 7 8 9 10 11 12 13 14 15 16 17 18 19 20 21 22 23 24 25 26 27 28 29 30 31 32 33 34 35 36 37 38 39 40 41 42 43 44 45 46 47 48 49 50 51 52 53 54 55 56 57 58 59 60 61 63 64 65 66 67 68 69 70 71 72 73 74 75 76 77 78 79 80 81 82 83 84 85 86 87 88 89 90 91 92 93 94 95 96 97 98 99 100
renaud’s 79
resupini 49
regulate 10 11 12 15 16 19 27 28 39 42 44 45 46 49 74 77 79 80 83 88 89 90 97
regulars 11 45 78 83
remember 1 3 4 5 6 8 9 10 11 12 13 14 15 16 17 18 19 20 21 22 23 25 26 27 28 29 30 31 32 33 34 35 36 37 38 39 40 41 42 43 44 45 46 47 48 49 50 51 52 54 55 56 57 58 59 60 61 64 65 66 67 68 69 70 71 72 73 74 75 76 77 78 79 80 81 82 83 84 85 86 87 88 89 90 92 93 94 95 97 98 99 100
revivals 32
refrains 12 23 77 78 89
rivalled 12 44 49 54 65
remedies 1 2 3 4 5 6 7 8 9 10 11 12 13 14 15 16 17 18 19 20 21 22 23 24 25 26 27 28 29 30 31 32 33 34 35 36 37 38 39 40 41 42 43 44 45 46 47 48 49 50 51 52 53 54 55 56 57 58 59 60 61 63 64 65 66 67 68 69 70 71 72 73 74 75 76 77 78 79 80 81 82 83 84 85 86 87 88 89 90 91 92 93 94 95 96 97 98 99 100
remedied 9 21 44 54 77 89 94
remedium 49 97
retrayed 9
rehoboth 55 99
revocare 49
relaxing 12 27 39 44 55 57 65 68 71 73 77 78 79 84 85 88
restless 1 4 10 11 12 13 14 15 16 18 19 21 23 26 27 28 29 32 33 34 35 37 39 40 41 42 43 44 46 47 48 49 51 52 55 56 64 65 66 67 68 69 70 71 72 73 74 76 77 78 79 80 83 85 88 90 93 94 98 99
reprints 9 22 28 55
roscoe’s 65
relented 1 4 5 16 27 38 40 56 68 71 72 78 94
rector’s 44 75
reunited 12 39 49 61 71 76 79
reunites 49 80
rehoboam 45
reprimed 6
rivetted 12 49 55 81
reseated 12 19 55 68 79
ravenous 5 10 13 14 23 29 30 39 40 49 55 60 69 73 74 78 80 84 85 90 97 99
retailer 80 92
retailed 19 84
rourke’s 55
repayred 45
research 1 2 3 4 5 6 7 8 9 10 11 12 13 14 15 16 17 18 19 20 21 22 23 24 25 26 27 28 29 30 31 32 33 34 35 36 37 38 39 40 41 42 43 44 45 46 47 48 49 50 51 52 53 54 55 56 57 58 59 60 61 62 63 64 65 66 67 68 69 70 71 72 73 74 75 76 77 78 79 80 81 82 83 84 85 86 87 88 89 90 91 92 93 94 95 96 97 98 99 100
rounding 12 28 40 55 71 76 79 96
remurmur 65
retarded 12 19 28 30 40 45 55 74 76 78 79 81 90 92
reunions 12 27
rostopch 39
robatorj 53
redmayne 55
rokhov’s 39
reason’s 37 49 77
ravening 13 40 45 77
roundest 78
rounder. 71
reprieve 29 44 48 60 68 77 79 81
refunded 55 60 83
retainer 20 28 66 71 76 78 94
retained 4 7 10 11 12 14 15 16 17 18 19 20 21 27 28 30 34 37 39 40 41 43 44 45 47 49 51 53 61 65 68 71 72 73 76 77 78 79 80 82 83 84 85 88 89 95
repondre 65
ruggedly 71
retraite 39
reliving 94
replaces 12 75 96
replaced 1 4 5 10 12 13 14 17 18 21 29 30 34 35 37 39 40 41 42 43 44 46 47 48 49 51 54 55 56 57 61 63 67 68 71 72 74 76 78 79 80 83 84 90 94 95 96
reckless 4 10 12 13 14 18 20 21 23 27 28 31 32 33 34 36 37 39 40 41 43 48 51 55 65 68 72 75 76 77 79 80 84 85 94
repaying 10 14 37 41 72 76 83 94
racketed 33
roquette 12 79
rogerson 56
rogerses 69
recusant 84
ruffling 5 6 17 39 49 55 71 72 84
revoking 20 97
relocked 44 76
rathdown 55
raftsman 70
raftsmen 69 70
ripening 10 16 23 40 44 48 55 61 65 66 71 72 76 78 79 84 85
ranelagh 55 76 79
repulsed 10 11 12 14 16 17 18 19 39 44 48 49 65 68 69 71 72 77 78 79 93 94
repulses 40 49 65 74 90
repulsaa 49
rocaille 12
ribbands 83
remitted 12 45 60 71 76 77 88
ragionne 53
ragionar 49
ruthless 4 10 13 17 18 20 21 27 30 31 32 34 40 46 48 51 65 68 71 76 77 79
rapparee 55
reserves 7 11 12 13 16 29 39 49 65 78 89
reserved 2 4 10 11 12 13 14 15 16 18 19 20 23 26 28 30 31 34 37 39 40 41 42 43 44 45 46 47 49 51 55 60 65 66 67 68 71 72 73 74 76 77 78 79 80 81 82 84 85 88 89 90 92 94 97
rejoyced 45
relaxeth 20
relaxed. 80
ripeness 15 28 64 75 77
refracts 55
ramballe 39
repeople 49 76
repuls’d 65
revanche 44
recedunt 49
riveters 86
ringhoof 55
riveting 78 89
reviling 27 37 41 45
retraced 4 10 12 29 30 34 39 40 43 48 71 76 78 79 80 84
retraces 78
rigetque 49
ravaging 7 12 14 15 38
richness 10 18 21 23 35 40 44 47 49 60 65 68 71 78 79 81 84 85 94 97
rhipheus 39
refoncez 12
rigorous 10 12 26 30 40 47 49 54 71 73 79 84 88 92
rebuking 9 10 39 45 49 50 51 56 80
rustling 3 5 6 7 10 12 20 26 28 33 34 38 39 40 41 43 47 52 55 56 57 65 66 67 68 69 70 71 72 74 76 77 78 79 81 84 90 94
retrived 45
rosevean 55
reindeer 50 55 100
robert’s 18 19
raccolta 53
rogers’s 40
reacheth 88
reachest 26
rebounds 12 40 44 49 55
regidors 77
riceslop 55
royalest 9
rareness 92
rustchuk 39
rendered 1 4 7 10 11 12 13 14 15 16 18 19 20 22 23 26 27 28 29 31 32 34 35 37 38 39 40 44 45 46 48 49 53 54 55 56 60 63 65 67 68 71 72 73 74 76 77 78 79 80 81 83 84 85 86 89 90 92 94 95 96
ransacks 55
refixing 39
rangling 12
rouergue 49
reaching 1 2 3 4 5 6 7 8 9 10 11 12 13 14 15 16 17 18 19 20 21 22 23 24 25 26 27 28 29 30 31 32 33 34 35 36 37 38 39 40 41 42 43 44 45 46 47 48 49 50 51 52 53 54 55 56 57 58 59 60 61 63 64 65 66 67 68 69 70 71 72 73 74 75 76 77 78 79 80 81 82 83 84 85 86 87 88 89 90 91 92 93 94 95 96 97 98 99 100
richefeu 12
robertus 98
retrieve 4 7 13 26 36 49 51 55 65 68 78
royalism 12 79
royalist 12 39 79 89
rooney’s 55
ruantque 49
rosemary 55 77 84
regent’s 44 48 54 77
repining 11 19 49 57 60 66 71 73 81 85 94
recurrit 49
recurret 92
recurred 10 12 19 28 39 40 41 43 44 69 72 74 79 83 90
receding 10 17 27 28 30 32 39 40 41 42 44 45 48 55 65 68 71 75 79
rondilla 77
restated 55
russia’s 39 41
required 1 2 3 4 5 6 7 8 9 10 11 12 13 14 15 16 17 18 19 20 21 22 23 24 25 26 27 28 29 30 31 32 33 34 35 36 37 38 39 40 41 42 43 44 45 46 47 48 49 50 51 52 53 54 55 56 57 58 59 60 61 63 64 65 66 67 68 69 70 71 72 73 74 75 76 77 78 79 80 81 82 83 84 85 86 87 88 89 90 91 92 93 94 95 96 97 98 99 100
requires 4 10 12 14 15 16 19 26 27 28 30 35 39 40 41 44 45 49 50 56 65 71 72 73 74 75 77 78 79 80 81 84 85 86 89 90 92 93 95 96 97 98
requirat 49
requiras 49
require. 38
requirit 49
requiris 49
rattleth 26
reveller 26 84
revelled 10 40 44 55 69 77 84 92 93
rescript 39 46
reciting 36 39 45 49 52 55 56 65 66 69 77 80 83 98
rheostat 86
rebusque 49
ryebloom 55
resartus 94
rekindle 22 72 79
repented 1 4 9 11 12 14 21 27 37 38 39 41 45 48 49 56 71 72 76 77 80 84 85 94 98
robber’s 68 84
reputing 49
radicals 13 23 28 51 96
rigadoon 55
reciters 49 65 80
reciteth 45
requital 20 26 49 60 85 88 92
rapunzel 38
reveling 13 18 56 94
requites 65
requited 11 12 13 14 20 22 60 71 74 77 85 88 89 90 98 99
rotatory 14
robbery. 68
recamier 94
rosamond 10 56
ratisbon 12
republic 7 12 13 14 15 27 32 39 41 49 51 67 74 76 77 79 80 84 85 89 90 95 96 97
rockwork 48 79
regiment 6 10 11 12 13 16 19 23 33 34 37 39 41 45 48 55 60 66 71 73 77 78 79 82 83 85 95 97
revelers 13 39 41
reclosed 12 68 79
receueua 53
receuere 53
reputano 53
rotating 39 48 86 95
rotation 15 40 41 55 95
rooshian 55
roughleg 58
rattling 3 6 10 12 13 14 21 22 26 27 28 32 33 39 40 42 46 48 49 50 52 55 59 61 65 66 68 70 71 72 76 77 78 79 84 94
recoated 69
retayned 45
rebuketh 9
rewealed 91
relevant 21 30 39 41 55 63 94 95
restante 94
roughing 22
ritratti 7
reconcil 83
redouble 12 41 49 79
regained 6 7 10 11 12 16 18 21 22 26 30 35 37 39 40 41 42 44 47 49 57 58 59 68 71 72 76 77 79 81 82 84 89 92
recondat 49
removals 46 49
recondit 49
rankling 41 60 74 85 90
rathoath 55
redoubts 12 39
resemble 1 10 12 16 20 22 26 27 28 29 31 39 40 42 45 49 53 55 63 65 67 72 73 76 77 78 79 80 81 82 84 88 89 92 95 98
roadside 1 13 18 33 38 39 46 48 51 55 57 61 64 67 71 72 76 77 78 79 94
rettulit 49
religion 1 4 7 9 10 12 13 14 15 17 18 19 23 26 27 28 32 34 36 37 39 40 41 42 45 46 48 49 50 51 54 55 56 60 64 65 66 69 70 71 73 74 77 78 79 80 81 82 83 84 85 88 89 90 91 92 94 95 96 97
reissued 49
regardez 12
regarded 2 4 6 10 11 12 13 14 16 18 19 20 23 26 27 28 31 32 34 35 37 38 39 40 41 42 43 44 45 47 48 49 50 51 52 53 54 55 65 66 67 68 69 71 72 73 74 75 76 77 78 79 80 81 82 83 84 85 88 89 90 92 93 94 95 98
removeth 26
removers 83
rubigine 12
reaction 10 12 14 21 29 34 37 39 41 43 44 46 47 48 50 51 55 56 57 67 71 78 79 80 89
refugees 12 34 40 48 51 52 77 78
redskins 13 17 34 41 55
richie’s 55
ringsend 42 55
russians 12 37 39 41 44 49 55 66 79 82 92 94
redolent 10 28 39 40 55 67 78
rostiers 12
reperuse 49
roderigo 94
roderick 71 77 84
rivoli’s 12
redeemer 10 26 27 37 42 45 55 60 79 81 88
repertum 49
redeemed 7 10 13 26 27 29 35 37 39 40 45 46 49 68 71 72 76 81 83 85 88 91 97 99
radiorum 49
robotane 53
reminder 10 12 18 29 35 39 41 50 59 68 71 76 78 94
reminded 4 5 10 11 12 13 14 16 17 18 19 20 22 23 26 28 29 31 32 33 34 35 37 39 40 41 42 44 46 47 48 49 51 53 55 56 57 66 67 68 69 71 72 74 76 77 78 79 80 81 82 83 84 85 88 89 90 92 93 94
resurgam 10
roadster 55 67
rhetoric 28 41 49 50 66 77 78 80 83 88 96
reuben’s 51
roulotte 12
rolypoly 55
rarefied 39 45 47 55
rarefies 28
roylotts 21
ridetque 49
rebuffed 12 79
rosepink 55
raigneth 45
remounts 39 65
rereward 55
recapito 53
ruminate 26 49 65 68 71 79 88
ruminant 55 82
ratcliff 34
ramblers 72
rudiment 28 46
rockings 40
robecque 12
rumours. 31
reddique 49
rumoured 23 26 55 67 71 76 77
retaking 40
ramified 12
refuge’s 40
refertur 49
regumque 49 77
rambling 5 16 21 28 48 49 51 54 55 56 60 65 67 68 71 72 74 77 78 81 82 83 84 90
roommate 29
rapeseed 55
rhetor’s 39
rudeness 3 10 11 12 16 18 34 37 39 40 41 42 43 49 55 58 72 77 79 83 84 85 94 100
randalls 16
rescuing 12 34 37 40 61 65 68 77 79 85 88
rhumatis 27
rarified 84
raisciac 49
rochelle 55 60 77
rejoisng 91
rampires 65
renew134 65
rubaiyat 66
rawlings 46
ruisseau 12
rhexenor 22
ricochet 6 28
regain’d 65
redditur 49
redeem’d 65
roasting 2 10 12 14 21 22 27 28 39 49 52 55 60 68 69 72 76 78 79 81 99
reviewed 10 14 33 39 40 42 45 55 76 77 79 80 83
rakishly 27 37 68 94
repartee 10 21 55 83
reviewer 41
redbaked 55
retiring 12 14 17 20 21 26 35 36 37 39 40 41 43 44 45 49 55 65 66 68 69 71 72 77 78 79 80 83 84 85 88 92 94
rejoined 4 6 10 11 12 14 16 20 22 23 27 29 34 39 40 44 47 49 55 57 68 71 74 76 77 78 79 80 84 85 90 93
rsseeiss 55
ruptaque 49
riphaean 77
resorted 4 7 9 16 19 28 32 37 39 41 44 47 48 49 55 67 68 71 72 76 84
russaque 49
rawthere 55
referito 53
rigidity 12 14 37 41 44 48 49 55 56 57 71 77 78 79 84 85 92
referite 53
regnandi 97
roosting 27 40 70
roumania 12 53
referire 53
rescuers 34
rabirius 49 82
railings 12 21 23 26 27 34 39 42 55 68 71 76 78 79
rovescio 49
relapses 12 40 46 71 74 76 78 83 90 92 94
relapsed 10 12 13 14 21 37 39 41 45 46 48 55 56 68 69 71 77 78 79 84 85
roborono 53
rededged 55
rampages 14
repaired 1 4 6 10 11 12 14 15 19 20 39 40 43 46 49 53 55 68 71 73 74 77 79 81 82 85 90 97 99
repairer 28
retirare 53
rolledup 55
refluent 55 65
retastes 49
regionum 49
rience’s 9
reclines 40 42 49 55 78
reclined 10 14 17 18 22 27 31 55 65 68 71 72 73 78 94
rainiest 28
ribsteak 55
rejoiced 4 9 11 12 13 14 16 19 20 21 22 26 27 35 37 38 39 41 44 46 49 54 55 58 60 61 65 71 73 74 76 77 78 79 80 81 82 85 88 89 90 93 94 99
rejoin’d 65
rejoices 12 39 41 53 65 78 80 88 92 93
rapacity 7 11 26 31 68 71 79 92
referrin 70
referred 1 4 10 11 12 14 17 19 20 21 22 26 27 28 29 37 39 40 41 43 44 45 49 50 53 55 65 67 68 69 71 73 74 76 77 78 79 80 81 82 83 84 85 86 88 90 92
redempta 49
runaways 4 14 27 32 78
recovery 1 4 7 9 10 11 13 14 16 19 26 27 28 30 37 39 40 41 44 45 46 47 48 49 54 55 60 68 71 72 73 74 76 77 78 79 80 81 82 84 88 90 92
recovers 12 28 40 41 46 50 55 65 78 92
recharge 6
rigantur 49
revoluta 49
respect. 38
respectu 98
respects 1 4 6 7 9 10 11 12 14 16 18 19 21 26 27 28 32 35 37 39 40 41 42 44 46 49 51 55 56 63 65 68 71 73 74 76 77 78 79 80 81 82 83 84 85 88 89 90 92 94 96 97
revolved 4 6 12 17 21 26 27 40 65 67 74 76 77 84 88 90 94
revolves 8 39 40 48 65 73 78 80
revolver 13 21 23 30 31 34 37 41 43 46 48 54 55 67
railroad 4 5 13 27 28 32 56 57 66 67 78 79 94
roulette 12 13 55 79
resisted 4 10 11 12 14 16 18 19 26 27 28 29 32 37 40 41 43 44 45 49 54 56 57 60 68 69 71 72 77 78 79 80 82 84 85 88 89 92 93 97
resistit 49 97
reptiles 88 91
ramparts 28 40 49 55 65 72 79 84 85 93
reliever 44
relieves 12 20 37 49 65 77 78 79
relieved 1 3 4 5 6 7 9 10 11 12 14 16 17 19 22 26 27 28 29 31 32 34 36 37 39 40 41 42 44 46 47 48 49 50 51 54 55 56 57 59 60 65 66 67 68 69 71 72 73 74 76 77 78 79 81 83 84 85 90 94 97
revolted 4 6 10 11 12 23 39 42 45 46 49 50 53 71 72 79 80
revolter 45
revenues 7 12 41 45 49 65 77 80
reasoned 4 7 10 12 13 14 21 23 30 32 39 41 43 44 45 46 68 69 71 72 74 76 77 78 79 80 82 84 85 90 94
reasoner 21 27 43 79 84
raptures 10 11 16 19 26 39 41 42 44 49 55 71 78 80 82 94
raptured 56 72
rumbling 3 10 12 13 26 27 28 33 34 35 39 40 48 51 55 58 61 65 70 71 72 74 76 77 78 79 84 90 92 94 98
ruggiero 77
ratichon 12
rancours 55
reader’s 12 22 73 77 80 85
refoosin 46
rhodians 65
relaying 48
rivelled 49
rosslare 55
reviving 10 12 14 16 18 19 28 39 56 65 69 71 72 76 77 80 81 85 99
remanded 13 21 55 68 84
recently 1 2 3 4 5 6 7 8 10 11 12 13 14 15 16 17 18 19 20 21 22 23 25 26 27 28 31 32 34 35 36 37 38 39 40 41 42 43 44 45 46 47 50 51 52 54 55 59 60 61 65 66 67 68 69 70 71 72 73 74 75 76 77 78 79 80 84 85 86 88 92 93 100
recentia 49
recentes 49
recentem 49
rogation 45
reprisal 12 65 86
ricota’s 77
remotest 1 5 12 26 30 39 40 41 48 49 55 56 60 65 68 71 73 74 75 77 78 79 85 89 90 92 94 96
recourse 7 12 15 16 21 26 27 37 39 41 44 45 49 55 56 60 74 76 77 79 80 81 84 88 90 92
remotely 14 26 30 48 49 55 67 69 71 75 76 78 85 89 92
rankness 15 72
rottener 77
rosewood 10 12 55 78 79
robauano 53
rhedarum 49
revenged 9 22 26 33 41 42 45 49 65 72 77 79 80 81 82 88 94
revenge. 38
revenger 45
revenges 45 49 65 77 78 88 92
recounts 20 39 49 65 88
reticule 16 39 40 68 70 71 76 78
reported 1 2 3 4 5 6 7 8 9 10 11 12 13 14 15 16 17 18 19 20 21 22 23 24 25 26 27 28 29 30 31 32 33 34 35 36 37 38 39 40 41 42 43 44 45 46 47 48 49 50 51 52 53 54 55 56 57 58 59 60 61 63 64 65 66 67 68 69 70 71 72 73 74 75 76 77 78 79 80 81 82 83 84 85 86 87 88 89 90 91 92 93 94 95 96 97 98 99 100
reporter 13 21 28 39 42 48 66 67 78
resslich 37
remained 1 3 4 5 6 7 10 11 12 14 15 16 17 18 19 20 21 22 23 26 27 28 29 30 31 32 34 35 37 38 39 40 41 42 43 44 45 46 47 48 49 51 53 54 55 56 57 58 59 60 61 64 65 67 68 69 71 72 73 74 75 76 77 78 79 80 81 82 83 84 85 88 89 90 92 93 94 96 97 99 100
remainer 55
raftered 43
released 4 5 6 7 10 12 13 14 16 19 21 27 28 29 30 32 37 38 39 41 42 44 46 48 55 59 60 65 68 69 71 72 74 76 77 78 79 80 81 85 88 90 93
releases 55 76 78
rousseau 12 37 39 40 49 55 79 80 82 89 92 94
regatque 49
remarked 1 3 4 5 6 7 10 11 12 13 14 15 18 21 23 27 28 29 30 31 32 34 37 38 39 40 41 42 43 44 46 47 49 54 55 56 57 61 65 66 67 68 69 71 72 73 74 76 77 78 79 80 81 83 84 85 90 92 94 100
resinous 12 48 49 79
rogliano 79
reveries 12 39 40 49 67 74 79 81 84 90 94
rocklike 55
rockling 33
remuerai 44
ridendus 49
reboiled 94
reynolds 11 43 55 81 94
rappelez 12
receipts 2 12 21 37 39 41 45 49 71 78 83
roussins 12
repell’d 65
recognio 53
rbigkeit 63
refitted 10 27 60 81
relative 4 10 11 12 13 14 16 19 21 26 28 29 31 32 35 37 39 40 41 44 45 48 49 50 51 52 53 55 56 62 63 65 66 68 71 73 74 75 76 77 78 79 80 81 83 84 87 88 90 92 94 95
robinson 4 11 13 21 28 43 44 55 60 69 70 71 73 77 78 81 93 95
receiver 12 13 21 26 37 44 45 48 49 51 55 57 60 67 71 78 79 80 83
received 1 2 3 4 5 6 7 8 9 10 11 12 13 14 15 16 17 18 19 20 21 22 23 24 25 26 27 28 29 30 31 32 33 34 35 36 37 38 39 40 41 42 43 44 45 46 47 48 49 50 51 52 53 54 55 56 57 58 59 60 61 63 64 65 66 67 68 69 70 71 72 73 74 75 76 77 78 79 80 81 82 83 84 85 86 87 88 89 90 91 92 93 94 95 96 97 98 99 100
receives 10 12 16 20 26 38 39 40 41 43 44 45 48 49 51 65 73 77 78 79 80 84 88 89 92 96 97
reverent 5 26 27 39 41 49 51 56 65 67 69 92 94 96
reverend 4 10 12 20 28 32 40 41 49 53 55 65 68 70 71 72 73 77 78 79 80 81 82 83 84 85 98
reverers 26
reliably 40 55
relation 1 4 8 9 10 11 12 14 15 16 19 21 22 26 27 28 29 31 32 37 39 40 41 43 44 45 48 49 50 51 53 55 56 57 60 63 65 68 71 72 73 74 76 77 78 79 80 81 83 84 85 87 88 89 90 91 92 94 95 96 97
reliable 7 14 18 23 34 35 36 37 39 40 46 49 55 56 59 70 78 84 92 95
relating 1 5 7 11 12 16 18 19 26 27 39 41 44 46 49 51 53 60 65 71 72 73 74 77 78 79 80 81 82 83 84 88 89 90
recluses 12 14 92
reticles 78
reveille 55
rabbitry 55
rabbits. 100
readiest 9 14 16 26 41 49 55 65 77 94 97
ricketty 4 49
ricketts 55
resource 3 7 10 11 12 13 14 15 21 22 27 37 39 41 43 44 46 51 52 68 71 72 74 76 77 78 79 84 89 90 93
relateth 45
relaters 49
raisebox 63
rerumque 49
reverbed 55
ringdove 55
raisedst 88
roarings 65 71 74 77 90
rivulets 12 28 49 67 73 77 81 82 84 94
ridentem 49
repacked 5 39
roadless 39
richtige 63
resolved 1 4 6 7 10 11 12 13 14 16 18 19 21 22 23 26 27 28 30 32 34 37 38 39 40 41 44 45 46 47 48 49 53 54 55 56 59 60 61 63 65 67 68 69 71 72 73 74 76 77 78 79 80 81 82 83 84 85 88 90 93 94 96 97
returned 1 3 4 5 6 7 8 9 10 11 12 13 14 16 17 18 19 20 21 22 23 26 27 28 29 30 31 32 33 34 35 37 38 39 40 41 42 43 44 45 46 47 48 49 50 51 53 54 55 56 57 58 60 61 65 66 67 68 69 71 72 73 74 75 76 77 78 79 80 81 82 83 84 85 87 88 90 91 92 93 94 97 98 99 100
ruptures 12
repletum 49
ruptured 26 40 55
resoluta 49
resolute 10 11 12 14 15 19 21 27 28 34 37 39 41 45 46 47 48 49 54 55 56 57 68 71 72 76 77 78 79 83 84 85 88 92 93 94 96 98
resoluto 49
returns. 71
repleted 93
rushrope 55
rutilant 55
rokovoko 40
resolvit 49
rabbit’s 3 5 28 42
resolves 10 12 20 27 28 39 40 45 49 65 67 77 78 96
resented 5 11 14 17 18 19 26 27 29 30 31 37 39 41 42 44 51 54 55 56 67 69 71 73 76 78 83 84 94
rossomme 12
reliquit 49
remain’d 65
reliques 45
reticent 14 39 43 44 46 57 66 77 80 92
renovata 49
renovate 25
resounds 22 28 40 65 77 80
repetita 49
residuum 12 85 92
residues 80
retrench 12 49
residual 28 55
roofless 1 14 33 39 48 68 71
raimondi 49
regather 84
riddance 14 41 71 78
return’d 49 65
ravish’d 65
robustly 78
reformer 12 26 27 28 39 41 50 55 80 96
reformed 7 12 19 27 28 32 41 42 49 55 72 77 88 92
reducing 6 13 17 37 39 44 45 49 60 65 68 71 73 77 81 89
renewing 10 11 16 19 44 45 46 60 65 71 74 77 79 83 85 88 90 96
reformat 34
ramsgate 11 71 78
ranchman 34
roncagli 53
reduceth 45
rejiciam 49
runnings 72
reducent 49
restores 12 27 40 49 50 55 65 78 79 80
restorer 45 55 97
restored 1 4 6 7 9 10 11 12 14 16 18 19 21 22 23 26 27 28 29 32 33 37 38 39 40 41 42 44 45 46 48 49 51 52 54 55 56 57 60 65 68 69 71 72 73 74 75 76 77 78 79 80 81 84 85 88 90 93 94 97
renoumes 9
remnants 12 13 27 28 30 37 40 51 71 74 88 89 90 96
reigning 12 16 21 22 26 27 37 40 41 45 49 53 65 73 76 84 88 89
renounce 10 12 14 15 26 37 39 40 41 42 45 49 50 65 71 73 74 76 77 78 79 80 82 88 90 92 95 98
rainbows 13 26 35 40 56 65 77 94
rackrent 67
renewals 44 67 68
raschids 79
residens 49
resident 4 7 10 12 13 16 27 32 39 40 41 42 43 45 46 49 55 71 72 76 77 78 85 91
residest 88
resideth 26 45
retorted 4 5 6 10 12 13 14 17 18 21 29 37 39 41 42 47 55 56 57 58 61 65 67 68 71 72 76 77 78 79 93 94
reductio 80 92
rameau’s 39
rnberger 63
reducunt 49
richisie 53
rebirths 35
retreats 10 12 20 39 40 50 52 56 65 73 74 76 77 78 90 94
reneweth 45 88
recooked 55
residing 11 14 16 19 21 32 34 40 41 44 45 53 68 71 74 78 79 81 90
rosaries 55
rearward 9 40 44 69
requests 4 12 13 21 26 39 41 49 55 65 77 78 79 80 81 83 94 98 99
rutilius 49
request. 38
roland’s 38 77
restor’d 65
rasselas 10 94
reopened 13 14 21 39 46 48 79 82
reckoner 55
reckoned 2 6 7 11 12 13 16 19 20 26 27 28 29 34 37 38 39 40 41 43 44 45 46 47 49 51 53 55 56 60 69 70 72 73 77 78 79 80 82 85 88 92 97
repealed 15 49 71 73 84
ringlets 3 6 10 13 23 31 43 44 51 55 61 65 71 72 84 94
rockaway 4 18 40
richards 81
remayned 53
rabelais 12 40 49
rejected 4 7 10 11 12 13 15 16 19 20 21 28 32 35 37 39 41 43 45 49 50 55 56 60 63 65 67 71 72 73 74 77 78 79 80 83 84 85 86 88 89 90 94 95
redcoats 55
redounds 45 49 79 92
rethoric 77
raillery 10 12 19 26 27 39 42 49 50 55 73 78 79
ruffians 6 12 15 21 33 55 68 71 76 77 78 79 81 82
reflects 12 15 18 28 37 41 49 55 65 68 74 78 79 80 90
ravisius 84
rucastle 21
ravished 10 12 20 40 44 49 51 55 65 74 80 81 82 90 94
ravishes 49
ravisher 9 15 55 79
repeater 14 46 93
repeated 1 3 4 5 6 7 10 11 12 13 14 15 16 17 18 19 21 22 23 25 26 27 28 29 30 31 32 33 34 35 37 38 39 40 41 42 43 44 45 46 47 48 49 51 52 53 54 55 56 57 58 59 60 63 65 66 67 68 69 71 72 73 74 76 77 78 79 80 81 82 83 84 85 86 88 89 90 92 93 94 95 98
receptum 49
rectifie 45
receptis 49
rachel’s 27 40 56
receptae 49
rendings 51
rocksalt 55
removing 1 8 10 11 12 14 16 18 19 20 21 22 28 32 37 39 40 41 42 43 44 45 49 55 57 59 60 65 68 71 72 73 76 77 78 79 80 81 83 86 93 94 97 99
rinsings 77
reapects 49
repassed 4 10 12 14 49 60 74 78 79 90 93
rendring 45
rightest 27 80
rochfort 55
rochford 55
rearmost 28
reigneth 9 40 45 55 84
rightful 4 9 11 34 39 41 55 64 70 71 77 80 84 85 88 89 97
renfield 46
rapidity 1 6 10 11 12 14 15 16 17 18 19 21 27 30 34 37 38 39 40 41 44 46 49 53 60 65 68 71 74 77 78 79 80 82 84 85 90 91 93 94
rapidive 49
ridicule 1 11 12 13 15 16 19 27 29 32 37 39 41 42 47 50 51 52 55 65 69 72 73 74 77 78 79 80 82 85 90 92 94
ridicula 53
repasted 9
respondi 98
responds 12 13 20 37 78
righting 27 51 55 71 77
reaper’s 65
rterbuch 63
responsa 45
response 5 10 12 13 14 18 26 27 29 30 31 32 37 39 40 41 42 44 46 48 51 55 56 57 59 66 67 69 71 72 76 77 78 79 80 84 85 94
