s’s 12 77
s’y 18
s.p 94
s.s 39
s.w 75 81
sac 12
sab 77
sad 1 3 4 5 6 7 9 10 11 12 13 14 16 17 18 19 20 21 22 23 26 27 28 29 30 31 32 33 35 36 37 38 39 40 41 42 43 44 46 48 49 50 51 53 54 55 56 57 58 59 60 61 65 66 67 68 69 70 71 72 73 74 75 76 77 78 79 80 81 82 84 85 88 89 90 91 92 93 94 98 99 100
sag 12 33 40 53
sai 65
sah 66 70
sam 10 27 28 32 40 45 46 51 55 56 85 94 97
sal 14 28 35 40 53 74 90
san 7 13 21 23 27 30 44 49 50 53 55 66 67 73 77 79 82 84
sap 10 12 14 17 28 30 40 46 48 49 51 53 57 64 79 84
sas 55
sar 12 15 28 39 40 41 49 55 63 73 74 77 78 79 82 90
sat 1 3 4 5 6 8 9 10 11 12 13 14 16 17 18 19 20 21 22 23 24 25 26 27 28 29 30 31 32 33 34 35 36 37 38 39 40 41 42 43 44 45 46 47 48 49 50 51 52 53 54 55 56 57 58 59 60 61 65 66 67 68 69 70 71 72 73 74 76 77 78 79 80 81 82 83 84 85 88 89 90 92 93 94 98 99 100
saw 1 3 4 5 6 7 8 9 10 11 12 13 14 15 16 17 18 19 20 21 22 23 24 25 26 27 28 29 30 31 32 33 34 35 36 37 38 39 40 41 42 43 44 45 46 47 48 49 50 51 52 53 54 55 56 57 58 59 60 61 64 65 66 67 68 69 70 71 72 73 74 75 76 77 78 79 80 81 82 83 84 85 88 89 90 91 92 93 94 95 96 97 98 99 100
sav 39 98
say 1 3 4 5 6 7 8 9 10 11 12 13 14 15 16 17 18 19 20 21 22 23 24 25 26 27 28 29 30 31 32 33 34 35 36 37 38 39 40 41 42 43 44 45 46 47 48 49 50 51 52 53 54 55 56 57 58 59 60 61 62 63 64 65 66 67 68 69 70 71 72 73 74 75 76 77 78 79 80 81 82 83 84 85 87 88 89 90 91 92 93 94 95 96 97 98 99 100
sax 4
sca 20
sch 37 39 63
scr 20
sea 1 3 4 5 6 7 8 9 10 11 12 13 14 15 16 17 18 20 21 22 23 24 26 27 28 29 30 31 32 33 34 35 36 37 38 39 40 41 42 43 44 45 46 47 48 49 51 53 54 55 56 60 62 64 65 66 67 68 69 70 71 72 73 74 76 77 78 79 80 81 82 83 84 85 88 90 91 92 93 94 95 98 99 100
sec 12 49 53 55 92 97 98
see 1 2 3 4 5 6 7 8 9 10 11 12 13 14 15 16 17 18 19 20 21 22 23 24 25 26 27 28 29 30 31 32 33 34 35 36 37 38 39 40 41 42 43 44 45 46 47 48 49 50 51 52 53 54 55 56 57 58 59 60 61 62 63 64 65 66 67 68 69 70 71 72 73 74 75 76 77 78 79 80 81 82 83 84 85 86 87 88 89 90 91 92 93 94 95 96 97 98 99 100
sed 40 49 67 77 78 97 98
sef 70
sei 63 79
sej 53
sem 39 53
sen 13 49 53 63
seq 20 49 53 65
ses 5 12 27 39 49 55 72 78 84 92
ser 9 78
seu 12 49 50 97
set 1 2 3 4 5 6 7 8 9 10 11 12 13 14 15 16 17 18 19 20 21 22 23 24 25 26 27 28 29 30 31 32 33 34 35 36 37 38 39 40 41 42 43 44 45 46 47 48 49 50 51 52 53 54 55 56 57 58 59 60 61 63 64 65 66 67 68 69 70 71 72 73 74 75 76 77 78 79 80 81 82 83 84 85 86 87 88 89 90 91 92 93 94 95 96 97 98 99 100
sew 4 5 10 12 13 17 27 33 36 37 38 39 41 49 53 55 56 57 59 61 69 77 78 79 94
sey 53
sex 2 10 11 12 13 14 16 18 19 21 22 23 26 27 28 29 30 32 35 37 39 40 41 44 45 46 48 49 50 52 55 65 68 69 71 73 74 75 78 79 80 81 82 83 85 88 90 92 96
sez 13
sha 39 41 42 53 57 70 93
she 1 2 3 4 5 6 7 8 9 10 11 12 13 14 15 16 17 18 19 20 21 22 23 24 25 26 27 28 29 30 31 32 33 34 35 36 37 38 39 40 41 42 43 44 45 46 47 48 49 50 51 52 53 54 55 56 57 58 59 60 61 64 65 66 67 68 69 70 71 72 73 74 75 76 77 78 79 80 81 82 83 84 85 87 88 89 90 91 92 93 94 97 98 99 100
shh 37
sho 27 69 70
shy 1 3 5 6 10 11 12 13 14 16 18 19 21 22 23 26 27 28 29 31 35 36 37 39 40 41 42 44 47 49 50 51 55 56 57 59 60 64 71 73 75 76 77 78 85 92 94 100
sic 12 20 28 39 49 53 55 80 98 99
sib 9
sie 51 63
sid 39 69 70
sig 98
sik 91
sim 39 62
sio 63
sin 4 6 8 9 10 12 13 15 16 18 19 20 21 22 23 25 26 27 28 30 31 32 34 35 36 37 38 39 40 41 42 43 44 45 46 49 50 51 53 54 55 56 60 63 68 69 70 71 72 76 77 78 79 80 81 82 83 84 85 88 89 91 92 93 94 98 99 100
sip 23 32 37 39 41 42 55 71 72 76 78 94
sis 49 70
sir 1 3 4 5 6 7 9 10 11 12 13 14 15 16 17 18 19 21 22 23 27 28 30 31 32 34 35 36 37 38 39 40 41 42 43 44 45 46 47 48 49 50 51 52 53 54 55 56 57 58 59 60 61 65 66 67 68 69 70 71 72 73 74 75 76 77 78 79 80 81 82 83 84 85 89 90 91 92 93 94 95 97 98
siu 65
sit 1 3 4 5 6 7 8 9 10 11 12 13 14 15 16 17 18 19 20 21 22 23 24 25 26 27 28 29 30 31 32 33 34 35 36 37 38 39 40 41 42 43 44 45 46 47 48 49 50 51 52 53 54 55 56 57 58 59 60 61 62 64 65 66 67 68 69 71 72 73 74 75 76 77 78 79 80 81 82 83 84 85 87 88 89 90 91 93 94 97 98 99 100
six 1 2 3 4 5 6 7 8 9 10 11 12 13 14 15 16 17 18 19 21 22 23 26 27 28 30 31 32 33 34 36 37 38 39 40 41 42 43 44 45 46 47 48 49 50 51 53 54 55 56 57 59 60 65 66 67 68 69 70 71 72 73 74 75 76 77 78 79 80 81 82 83 84 85 87 88 89 90 91 92 93 94 97 99 100
ska 12 39
ski 39 62
sky 1 3 4 5 6 8 10 12 13 14 16 17 18 19 21 22 23 24 26 27 28 29 30 31 32 33 34 35 36 37 38 39 40 41 42 43 46 47 48 49 50 51 52 53 54 55 56 57 58 59 60 61 64 65 66 67 68 69 70 71 72 73 74 76 77 78 79 80 82 84 85 88 90 92 93 94 98 100
sly 1 4 5 10 11 12 14 16 17 18 19 21 22 23 25 26 27 28 31 37 39 40 41 44 49 51 55 56 58 65 66 68 70 71 72 74 76 77 78 80 83 90 92 94
sma 63
smi 55
so. 21 22 38 39 49 65 71
so4 55
sne 41
sni 49
soa 72
soc 63
sob 1 3 4 5 6 10 12 13 14 21 22 23 27 29 34 35 39 40 41 42 43 44 46 48 54 55 56 61 65 66 67 68 69 71 72 76 78 79 85 86 94
sod 5 28 32 40 42 55 56 72 74 84 90
sog 40
sof 70
soi 55
soh 46
sok 39
som 70
sol 12 27 30 49 53 65 71 78
soo 3
son 1 3 4 5 6 7 8 9 10 11 12 13 14 15 16 17 18 19 20 21 22 23 26 27 28 31 32 33 34 35 36 37 38 39 40 41 42 43 44 45 46 48 49 50 51 53 55 56 57 59 60 61 62 64 65 66 67 68 69 70 71 72 73 74 75 76 77 78 79 80 81 82 83 84 85 87 88 89 90 91 92 93 94 97 99 100
sop 12 41 55 56 60
sor 12 39 53
sou 12 30 40 55 71 79
sot 14 27 34 39 41 49 55 70 91 94
sow 7 12 13 23 24 28 39 40 41 45 49 53 55 56 60 64 65 69 70 72 73 76 77 78 81 91 93 94 97 98
sov 39 41 78
soy 12 66
spa 23
spe 28 49
spi 76
spy 4 6 10 12 14 20 23 27 28 29 30 31 37 38 39 40 41 42 43 44 46 49 54 55 60 65 66 67 68 69 70 72 76 77 78 79 92
sqq 65
sra 55
sre 12
sse 55 60 63
ssh 55
ssp 33
sss 55
sst 55 63
ssy 41
sta 12 20 22 39 53 84
ste 46 53
stg 55
sto 46 49 53
str 39 84
stu 49
sty 14 38 39 74 77 90
sua 49 53 55
sub 12 25 26 28 34 37 40 42 44 45 49 51 53 63 65 77 79 82 84 98
sue 9 12 13 26 27 41 45 49 53 55 65 68 73 80 83
sud 12 72
suf 91
sui 49 53 55 92
suh 51
sum 4 6 9 10 11 12 13 14 15 18 19 21 22 23 27 28 30 32 34 36 37 38 39 40 41 42 43 44 45 46 48 49 50 51 53 55 56 57 60 63 65 68 69 71 73 74 76 77 78 79 80 81 83 84 85 89 90 91 92 94 95 99
sul 53 55
suo 49 53 65 79 97
sun 1 3 4 5 6 8 9 10 12 13 14 15 16 17 18 19 20 21 22 23 24 25 26 27 28 29 30 31 32 33 34 35 37 38 39 40 41 42 43 44 45 46 47 48 49 51 52 53 54 55 56 57 58 60 61 63 64 65 66 67 68 69 70 71 72 73 74 76 77 78 79 80 81 82 83 84 85 86 87 88 89 90 91 92 93 94 95 98 99 100
sup 5 6 12 14 16 22 23 33 34 40 42 46 49 53 55 60 72 77 79 82
sus 12 28 49 55 79
sur 12 23 39 49 53 55 82
sut 14
suv 39
swa 20
sya 39
syd 76
