s’il 41 49 84
s’en 12 37 39
sh’t 69
sack 6 7 12 13 14 16 22 26 27 30 37 38 39 40 41 42 45 48 49 55 60 61 65 66 68 70 71 72 76 77 78 79 81 83 84 94 98 100
sacr 39 55
saco 40
sad. 31
saba 49 55 98
saec 49
sadi 28
sade 91
sago 10 53
sagt 63
sage 1 3 10 12 14 18 26 28 37 39 40 44 49 51 52 55 63 65 66 68 71 77 78 79 80 82 85 92 93 94 98
saga 55 92
safi 39
safe 3 4 5 6 7 9 10 11 12 13 14 16 17 18 19 20 21 22 23 25 27 28 29 30 31 32 33 34 35 36 37 38 39 40 41 42 43 44 45 46 47 48 49 50 51 52 53 54 55 56 57 58 59 60 61 65 66 67 68 69 70 71 72 73 74 75 76 77 78 79 80 81 83 84 85 86 87 88 90 91 92 93 94 97 98 99
sail 4 5 6 9 10 12 14 15 17 18 19 20 22 23 26 28 32 35 38 39 40 45 46 49 52 53 55 60 65 66 67 69 70 71 72 73 74 76 77 78 79 81 82 83 85 88 90 92 94 100
sait 37 39 41
sais 45 49
said 1 2 3 4 5 6 7 8 9 10 11 12 13 14 15 16 17 18 19 20 21 22 23 24 25 26 27 28 29 30 31 32 33 34 35 36 37 38 39 40 41 42 43 44 45 46 47 48 49 50 51 52 53 54 55 56 57 58 59 60 61 62 63 64 65 66 67 68 69 70 71 72 73 74 75 76 77 78 79 80 81 82 83 84 85 88 89 90 91 92 93 94 95 96 97 98 99 100
sake 1 4 5 6 8 9 10 11 12 13 14 15 16 17 18 19 20 21 22 23 25 26 27 28 29 31 32 33 34 35 36 37 38 39 40 41 42 43 44 45 46 48 49 50 51 52 54 55 56 57 58 59 60 63 65 66 68 69 70 71 72 73 74 75 76 77 78 79 80 82 83 84 85 88 89 90 92 93 94 95 97 98
samp 99
same 1 2 3 4 5 6 7 8 9 10 11 12 13 14 15 16 17 18 19 20 21 22 23 24 25 26 27 28 29 30 31 32 33 34 35 36 37 38 39 40 41 42 43 44 45 46 47 48 49 50 51 52 53 54 55 56 57 58 59 60 61 62 63 64 65 66 67 68 69 70 71 72 73 74 75 76 77 78 79 80 81 82 83 84 85 86 87 88 89 90 91 92 93 94 95 96 97 98 99 100
sama 66
salt 1 2 3 4 5 6 7 8 9 10 11 12 13 14 15 16 17 18 19 20 21 22 23 24 25 26 27 28 29 30 31 32 33 34 35 36 37 38 39 40 41 42 43 44 45 46 47 48 49 50 51 52 53 54 55 56 57 58 59 60 61 62 63 64 65 66 67 68 69 70 71 72 73 74 75 76 77 78 79 80 81 82 83 84 85 86 87 88 89 90 91 92 93 94 95 96 97 98 99 100
salo 49
salp 12
sale 2 4 5 12 13 14 15 16 19 23 27 32 35 38 39 41 44 45 46 49 51 55 57 60 61 66 68 70 71 76 77 78 79 80 81 82 83 85 88 89 91 93 96 97
sald 78
sall 12 72
sant 12
sans 10 12 27 39 49 53 55 92 100
sane 1 6 10 13 18 28 29 31 34 40 41 43 46 48 49 51 53 54 66 71 72 76 77 78 84 85 94
sand 3 5 6 8 10 12 13 14 17 18 20 21 22 26 28 31 33 35 37 38 39 40 41 44 45 46 48 49 51 53 55 56 60 64 65 66 67 69 70 71 72 76 77 78 79 82 84 85 86 88 92 94
sang 1 3 5 6 9 10 11 12 13 14 16 17 18 19 20 22 23 26 27 28 30 31 32 33 34 35 37 38 39 40 41 42 46 51 55 56 57 60 61 65 66 67 68 71 72 74 76 77 78 79 80 82 88 90 92 93 94 99 100
sana 55
sanl 53
sano 53
sank 1 4 6 7 8 9 10 12 13 14 17 18 20 21 22 26 28 29 30 31 32 33 34 37 38 39 40 41 43 44 46 48 49 51 52 53 55 56 57 58 59 60 65 66 67 68 69 71 72 74 76 77 79 82 84 85 88 90 93 94 100
sara 53 55 56 66
saps 65
sate 22 45 49 65 84 88 98 99
sash 10 11 12 16 17 37 39 40 41 42 46 48 55 56 66 68 69 73 78 79 94
sass 12 69 70
sart 79
sark 20 44
sard 77
sars 12 41 77 79 82
save 1 3 4 5 6 7 8 9 10 11 12 13 14 15 16 17 18 19 20 21 22 23 25 26 27 28 29 30 31 32 33 34 35 36 37 38 39 40 41 42 43 44 45 46 47 48 49 50 51 52 53 54 55 56 58 59 60 61 64 65 66 67 68 69 70 71 72 73 74 75 76 77 78 79 80 81 82 83 84 85 87 88 89 90 91 92 93 94 95 96 97 98 99
saul 7 10 15 27 29 40 45 55 60 70 78 88 97
saut 39
satz 63
saxa 49
saxe 12 21 55
sawn 22 27 40 47 76 80
say. 38 71 77 79
saws 14 28 39 40 60 70 77 78 80 86
sayo 66
says 1 3 4 5 6 7 8 9 10 11 12 13 14 15 16 17 18 19 20 21 22 23 25 26 27 28 29 30 31 33 34 35 36 37 38 39 40 41 42 43 44 45 46 47 48 49 50 51 53 54 55 56 57 58 60 61 63 65 66 67 68 69 70 71 72 73 74 75 76 77 78 79 80 81 82 83 84 85 88 89 90 91 92 94 95 97 98 99 100
sayd 45
saxo 49 65
scab 12 13 26 39 55
scan 12 22 40 44 49 78
scar 10 12 18 21 22 27 31 39 40 46 59 68 70 71 79
scat 69
scef 20
scen 98
scep 55
scio 49
scit 49
schl 63
schw 39
sche 37 63
scot 20 49 68 77 78
scop 20
scow 31 32 70
scro 93
scut 39 55
scum 12 14 17 26 30 33 48 68 71 76 77 78 79 96
scud 12 28 40 48 54 77 79
so’s 27 56 68 69
so’d 69
sea. 22 38 71
seal 4 6 9 10 12 13 14 15 19 21 22 26 27 29 31 32 33 34 37 39 40 41 45 46 49 54 55 56 65 66 68 71 72 73 74 77 78 79 80 81 83 84 85 90 92 93 94 97 100
seam 12 28 38 40 49 55 56 71 77 94
sech 14 70 71 94
seca 49 55
see. 37 38 44 71
seat 1 4 5 6 7 8 9 10 11 12 13 14 15 16 17 18 19 20 21 22 23 26 27 28 29 31 32 34 35 37 38 39 40 41 42 43 44 45 46 47 48 49 50 51 52 53 54 55 56 57 59 60 61 62 64 65 66 67 68 69 70 71 72 73 74 75 76 77 78 79 80 82 83 84 85 86 88 89 90 91 92 93 94 98
seas 6 8 12 16 17 20 22 26 28 31 32 33 38 39 40 42 46 47 48 49 51 53 55 60 64 65 66 67 69 71 73 74 77 78 79 81 82 84 88 90 98
sear 12 56 69 78 79 85
seed 4 5 10 12 14 15 22 23 26 27 28 30 31 37 38 39 40 41 42 44 45 48 49 51 55 56 57 60 62 64 65 66 68 69 70 71 72 76 77 78 79 80 81 88 94 97 99
seer 22 26 28 40 41 51 55 56 65 80 85 92
seel 91
seek 1 4 6 7 8 9 10 11 12 13 14 15 16 18 19 20 21 22 23 24 26 27 28 30 32 34 35 36 37 38 39 40 41 44 45 46 48 49 50 51 53 54 55 57 60 61 64 65 66 67 68 69 71 72 73 74 76 77 78 79 80 81 82 83 84 85 88 89 90 92 93 94 95 96 97 98
seen 1 3 4 5 6 7 8 9 10 11 12 13 14 15 16 17 18 19 20 21 22 23 24 25 26 27 28 29 30 31 32 33 34 35 36 37 38 39 40 41 42 43 44 45 46 47 48 49 50 51 52 53 54 55 56 57 58 59 60 61 63 64 65 66 67 68 69 70 71 72 73 74 75 76 77 78 79 80 81 82 83 84 85 86 87 88 89 90 91 92 93 94 95 96 97 98 99 100
seem 1 2 3 4 5 6 7 9 10 11 12 13 14 16 17 18 19 20 21 22 23 25 26 27 28 29 30 31 32 33 34 35 36 37 38 39 40 41 42 43 44 45 46 47 48 49 50 51 52 53 54 55 56 57 58 59 60 61 63 64 65 66 67 68 69 70 71 72 73 74 75 76 77 78 79 80 81 82 83 84 85 88 89 90 92 93 94 95 96 97 98 99 100
sede 49 53
secr 39 79
sect 10 15 28 37 39 40 41 45 49 73 76 77 80 81 83 85 88 89 94 97
segn 20
seet 91
sees 4 5 6 7 10 11 12 13 14 16 18 20 21 22 23 24 25 26 27 28 29 32 33 34 36 37 38 39 40 41 42 45 46 47 49 50 51 53 55 56 57 63 64 65 67 68 69 70 71 72 75 76 77 78 79 80 82 83 84 85 86 88 89 91 92 94 95 96 97
sein 23 37 39 63
seit 49
seir 97
sehr 63
sehe 63
seiz 83
semo 53
semi 10 12 13 18 26 27 28 37 39 40 44 46 48 49 51 53 60 65 68 69 71 75 80 84 89 92 94 96
sell 2 3 4 5 6 10 11 12 13 14 15 16 18 19 21 22 27 28 32 33 37 38 39 40 41 42 45 46 49 50 51 53 55 56 57 60 62 64 66 67 68 69 70 71 73 74 77 78 79 80 81 82 83 88 89 90 91 94 96 97 98 99 100
sels 45
self 1 4 5 6 7 10 11 12 13 14 15 16 17 18 19 20 21 22 23 24 25 26 27 28 29 30 31 32 33 34 35 36 37 38 39 40 41 42 43 44 45 46 47 48 49 50 51 53 54 55 56 57 58 59 60 63 64 65 66 67 68 69 70 71 72 73 74 75 76 77 78 79 80 81 83 84 85 86 88 89 90 91 92 93 94 95 96 97 98
sele 20
seld 20
sens 12 39
seno 49 53
sent 1 2 3 4 5 6 7 8 9 10 11 12 13 14 15 16 17 18 19 20 21 22 23 24 25 26 27 28 29 30 31 32 33 34 35 36 37 38 39 40 41 42 43 44 45 46 47 48 49 50 51 52 53 54 55 56 57 58 59 60 61 63 64 65 66 67 68 69 70 71 72 73 74 75 76 77 78 79 80 81 82 83 84 85 86 87 88 89 90 91 92 93 94 95 96 97 98 99 100
send 1 2 3 4 5 6 7 8 9 10 11 12 13 14 15 16 17 18 19 20 21 22 23 24 25 26 27 28 29 30 31 32 33 34 35 36 37 38 39 40 41 42 43 44 45 46 47 48 49 50 51 52 53 54 55 56 57 58 59 60 61 62 63 64 65 66 67 68 69 70 71 72 73 74 75 76 77 78 79 80 81 82 83 84 85 86 87 88 89 90 91 92 93 94 95 96 97 98 99 100
sept 11 12 16 32 55 60 66 78 83 91
seta 49 53
sese 49 97
sesa 77
sesl 39
serv 83 98
serr 53
sere 10 34 56 85 94
serg 39
serf 37 39 41 51 76 80 85 96
sera 10 39 98
serm 49
sew. 18
seul 55 65 84
sets 5 6 8 12 13 14 15 16 20 22 24 27 28 33 34 37 39 40 41 42 44 45 46 47 49 50 51 55 56 57 58 60 61 62 65 68 69 70 71 73 76 77 78 79 80 81 83 84 85 88 89 91 92 94 95 97 98
seth 40
sete 53 65
sexe 39
sews 10 13 36 49 69
sewn 6 10 12 17 21 22 23 38 39 41 42 53 55 61 73 77 79
sex. 71
shah 55 79
shad 40 51 52 77
shag 21 43
shap 83
sham 4 12 13 14 23 31 41 42 48 49 50 52 55 68 69 76 77 78 80 83 85
shal 14 45
shan 46 57 78 93 94
shay 13 14 71
shaw 9 32 50 51 55 78
shee 45 55 91
shed 4 5 6 10 11 12 13 14 18 19 21 22 26 27 28 30 31 37 38 39 40 41 43 44 45 46 47 48 49 51 54 55 56 57 58 60 64 65 67 68 69 70 71 72 74 76 77 78 79 80 81 82 85 88 90 91 93 94 97 99 100
shem 40
shet 27 69 70
shew 11 15 16 22 45 49 55 72 81 84 97 98
shev 39
shep 30
shes 55 80
ship 1 5 6 7 9 10 12 13 14 15 16 17 20 21 22 23 26 27 28 29 30 31 32 33 35 38 39 40 42 43 44 45 46 48 49 51 53 55 56 60 64 65 66 68 69 70 71 72 73 74 76 77 78 79 80 81 82 83 84 85 88 90 93 94 97
shis 55
shir 55
shin 34 39 42 47 53 70 73 81
shka 39
shit 44 55
shiv 33
shoo 22 72
shop 1 4 5 6 10 11 12 13 14 16 18 19 21 23 27 28 31 32 35 36 37 38 39 40 41 42 43 44 45 46 47 48 49 50 51 53 54 55 59 61 62 66 67 68 70 71 72 73 76 77 78 79 80 82 83 84 86 87 88 91 92 93 94
show 1 3 4 5 6 7 9 10 11 12 13 14 15 16 17 18 19 20 21 22 23 26 27 28 29 30 31 32 33 34 35 36 37 38 39 40 41 42 43 44 45 46 47 48 49 50 51 52 53 54 55 56 57 58 59 60 61 63 65 66 67 68 69 70 71 72 73 74 75 76 77 78 79 80 82 83 84 85 86 88 89 90 91 92 93 94 95 96 98 99 100
shot 4 6 7 9 10 12 13 14 17 18 19 20 21 22 23 26 27 28 30 31 32 33 34 35 37 38 39 40 41 42 43 44 46 48 49 50 51 53 54 55 56 57 58 60 61 65 66 67 68 69 70 71 72 73 74 76 77 78 79 80 81 82 83 84 85 90 91 93 94 99 100
shoe 10 11 12 13 14 17 18 21 26 27 28 31 34 37 38 39 40 41 42 44 49 50 55 61 66 67 68 71 72 73 76 77 79 81 83 85 88 93 94
shod 9 10 12 13 14 16 18 22 23 27 34 37 39 40 44 45 49 53 55 60 61 71 77 79 80 83 88
shut 3 4 5 6 7 8 9 10 11 12 13 14 15 16 17 18 19 21 22 23 24 25 26 27 28 29 31 32 33 35 36 37 38 39 40 41 43 44 45 46 47 48 49 50 51 52 53 54 55 56 57 58 59 60 61 64 65 66 67 68 69 70 71 72 73 74 76 77 78 79 80 81 82 83 84 85 86 88 89 90 92 93 94 95 100
shun 4 7 10 12 13 22 23 26 27 28 40 41 46 49 60 64 65 71 72 76 77 79 93 94 98
shuk 91
sick 4 5 6 7 9 10 11 12 13 14 16 17 18 19 20 21 22 23 24 25 26 27 28 29 30 31 32 33 35 36 37 38 39 40 41 42 43 44 45 46 47 48 49 50 51 53 54 55 56 57 58 59 60 64 65 67 68 69 70 71 72 73 74 75 76 77 78 79 80 81 82 83 84 85 88 90 91 92 93 94 98 99
sich 6 10 13 27 40 63 70 71 72 78
sibi 49 97
siao 53 92
sian 53 65
siam 12 40 53
side 1 3 4 5 6 7 8 9 10 11 12 13 14 15 16 17 18 19 20 21 22 23 25 26 27 28 29 30 31 32 33 34 35 36 37 38 39 40 41 42 43 44 45 46 47 48 49 50 51 52 53 54 55 56 57 58 59 60 61 62 63 65 66 67 68 69 70 71 72 73 74 75 76 77 78 79 80 81 82 83 84 85 86 88 89 90 91 92 93 94 95 96 97 98 99 100
sico 53
sige 20
sigh 1 3 4 5 6 10 11 12 13 14 16 17 18 19 21 22 23 24 26 27 28 29 31 34 35 36 37 39 40 41 42 43 44 46 47 49 51 54 55 56 58 60 61 65 68 69 70 71 72 73 74 75 76 77 78 79 84 85 88 90 92 93 94 99 100
sign 1 3 4 5 6 7 8 9 10 11 12 13 14 16 17 18 19 20 21 22 23 26 27 28 29 30 31 33 34 36 37 38 39 40 41 42 43 44 45 46 47 48 49 50 51 52 53 55 56 57 59 60 63 65 66 67 68 69 70 71 72 73 74 75 76 77 78 79 80 81 83 84 85 86 87 88 90 92 94 95 98 99
sift 12 13 27 38 45 49 55 77 94 98
siey 12
sigs 98
simo 53
silv 12
silk 1 5 6 7 8 9 10 12 13 14 18 19 21 23 26 27 28 29 30 33 36 37 38 39 40 41 42 43 44 46 49 50 53 55 56 61 66 67 68 69 71 72 73 76 77 78 79 81 83 84 85 94 97 98 99 100
sill 6 10 12 13 18 20 21 28 29 34 37 39 40 46 55 56 59 66 67 69 71 72 76 78 85
sin. 26 34
sils 26 92
sion 44 53 55
sinn 55 63
sini 53
sink 1 3 6 10 11 12 13 14 16 17 18 19 20 21 22 26 27 28 29 30 31 32 34 35 36 37 38 39 40 41 43 44 45 46 48 49 51 52 55 56 57 59 60 64 65 68 69 70 71 72 73 74 76 77 78 79 80 81 83 84 85 88 90 92 94 96 99
sinu 49
sint 7 12 45 49 98
sins 4 7 8 10 12 15 16 18 20 21 23 27 28 31 35 37 39 41 42 45 48 49 51 55 56 60 65 68 69 71 72 74 76 77 78 79 80 81 85 88 89 90 91 92 94 98
sine 12 41 44 45 49 55 84
sind 63 91
sing 3 4 5 6 8 10 11 12 13 14 16 17 18 19 20 22 23 24 26 27 28 30 32 33 35 36 37 38 39 40 41 42 47 49 51 52 53 55 56 62 64 65 66 67 68 69 70 71 72 76 77 78 79 80 82 83 84 88 91 92 94 98 99 100
sina 12
sinc 20 39 41
sipo 92
sir. 13 16 17 21 38 41 71 79
sips 27 42 55 66 71 88 94
sist 49
sirs 9 14 22 46 49 55 77 80 81 97
sirr 42 55
sire 12 20 22 27 39 40 49 53 55 65 79 82 84 85 94
sird 39
sits 3 4 5 6 10 13 18 20 21 22 23 24 27 28 32 33 36 37 38 39 40 41 42 46 48 49 50 51 53 54 55 56 59 60 61 62 64 65 66 68 71 72 75 76 77 78 79 80 81 83 88 94 97 98 100
situ 84 98
sitz 69
site 1 6 7 8 9 10 12 14 17 21 22 24 27 28 29 30 33 34 40 44 48 49 51 52 53 56 57 58 62 63 64 65 66 67 70 71 77 78 81 82 83 84 85 86 87 88 89 90 91 92 94 95 96 97 98 99
sita 49
sith 9 91
sive 45 49 53
six. 71
sixt 45
size 1 3 4 5 6 8 9 10 11 12 13 14 16 17 18 19 21 22 23 27 28 29 30 31 32 33 34 37 38 39 40 41 42 43 44 46 47 48 49 50 51 53 54 55 56 58 59 60 61 63 65 67 68 69 70 71 73 75 76 77 78 79 80 81 83 84 86 87 88 89 93 94
skid 76
skin 1 2 4 5 6 8 9 10 12 13 14 16 18 19 20 21 22 26 27 28 30 31 32 33 34 35 37 38 39 40 41 42 43 44 46 47 48 49 50 51 52 53 55 56 57 58 60 61 64 65 66 67 68 69 70 71 72 73 74 77 78 79 80 81 82 84 85 87 88 90 91 92 93 94 96 98 99
skim 9 12 13 28 45 49 53 56 71 77 78 84 94
skip 5 12 13 17 28 33 37 38 40 41 42 49 63 66 69 70 73 94
skit 42 55
sky. 71
skye 55
slag 28 55
slab 6 10 12 14 21 27 29 39 43 46 55 56 57 68 70 71 76 77 85
slay 7 9 10 20 22 23 26 37 38 39 40 41 45 46 48 54 55 65 77 79 82 88 97 98 100
slam 4 6 13 17 21 37 41 47 50 56 66 68 70 72 79
slan 55
slat 12 32
slav 13 39 46
slap 5 6 12 15 16 27 39 40 41 42 43 44 49 52 55 67 68 70 71 72 77 78 94 99
sled 28 30 40 57
slep 6 46 55 57
slew 9 12 20 22 23 26 28 38 39 40 45 65 69 77 79 80 82 88 89
slid 9 10 12 13 17 22 27 28 30 33 40 44 46 47 48 55 56 57 58 59 66 67 69 70 72 76 77 79 84 94
slim 1 5 10 12 18 21 23 26 30 31 35 37 39 40 41 42 43 55 56 57 61 66 68 69 70 72 77 79
slit 9 11 13 14 20 21 28 34 40 41 44 46 47 48 49 55 67 69 77
slip 4 5 6 7 9 10 12 13 14 15 17 18 20 21 22 26 27 28 29 33 34 35 37 38 39 40 41 42 43 44 45 46 48 49 50 51 52 55 56 57 58 60 61 66 67 68 69 70 71 72 73 76 77 78 79 80 81 82 84 85 86 94
sllt 55
slog 55
slot 22 55 66
slop 14 21 27 28 41 55 71 72 85 98
slob 39
sloe 55 73
slow 4 5 6 7 10 11 12 13 14 16 17 18 19 21 22 23 25 26 27 28 29 30 31 32 33 34 35 37 39 40 41 42 44 45 46 47 48 49 51 53 55 57 58 59 60 64 65 66 67 68 69 70 71 72 73 74 76 77 78 79 80 81 82 84 85 86 88 89 90 92 93 94 97 98 100
slov 63
slur 10 26 39 41 55 77 84
slum 13 26 50 51 67
slut 21 22 28 37 38 39 41 50 55 72 77
slug 33 68 79
smee 17
smel 45
smil 83
smit 6 65
smol 39
smut 40 55
smug 13 26
snaw 10
snag 31 70
snap 12 14 21 22 23 26 27 29 30 33 37 38 39 40 41 43 46 49 52 55 56 61 66 67 68 69 70 71 72 76 78 86 94
snew 71
snip 12 38 55 94
snoe 39
snod 46
snog 46
snob 50 66 67
snot 55
snow 4 5 6 9 10 12 13 14 16 17 18 21 22 23 24 26 27 28 30 32 34 37 38 39 40 41 42 44 45 46 47 49 52 53 55 56 57 58 60 62 64 65 66 67 68 70 71 72 74 76 77 78 79 81 82 85 88 90 91 93 94 99 100
snug 4 10 11 12 19 21 27 28 30 36 37 38 39 40 41 42 44 46 51 52 55 56 58 60 61 66 68 69 70 71 72 78 79 83 93
snub 18 29 30 37 39 46 67 68 71 77 80 94
snya 39
sobs 1 3 4 5 8 10 12 13 17 18 19 22 23 26 27 28 30 34 37 39 41 42 43 44 46 49 55 56 57 65 67 68 69 71 72 74 76 77 78 79 90 94
soak 12 28 40 41 44 55 77 83 86
soar 10 12 18 26 28 40 41 51 55 71 74 77 80 84 90 92 94 100
soap 10 12 13 14 17 26 27 33 35 37 39 40 50 51 55 56 57 66 67 68 69 70 71 72 77 78 80 83 85 86 94
sods 12 28 72
soda 13 21 23 28 42 51 55 69 78 80 86
sock 37 38 48 55 94
sofy 78
soft 1 3 4 5 6 7 8 9 10 12 13 14 16 17 18 19 21 22 23 24 26 27 28 29 30 33 34 35 37 38 39 40 41 42 43 44 46 47 48 49 50 51 52 53 55 56 57 58 59 60 61 62 64 65 66 67 68 69 70 71 72 73 74 76 77 78 79 80 82 84 86 88 90 92 93 94 98 100
sofa 1 5 10 12 14 16 18 19 21 23 27 29 34 36 37 39 40 41 42 44 46 48 55 56 57 59 67 68 69 71 72 75 76 78 79 82 84 85 93 94
soil 4 5 6 7 8 9 10 12 13 17 22 26 27 28 30 31 32 34 35 39 40 41 42 43 46 47 48 49 51 55 56 57 64 65 66 68 69 71 72 73 74 76 77 78 79 80 81 83 84 85 88 89 90 92 96 97
soie 21
soho 14 44 46 54 76 78 81
sohn 41
soju 62
soir 10 12 18 28 41 55
some 1 2 3 4 5 6 7 8 9 10 11 12 13 14 15 16 17 18 19 20 21 22 23 24 25 26 27 28 29 30 31 32 33 34 35 36 37 38 39 40 41 42 43 44 45 46 47 48 49 50 51 52 53 54 55 56 57 58 59 60 61 62 63 64 65 66 67 68 69 70 71 72 73 74 75 76 77 78 79 80 81 82 83 84 85 86 87 88 89 90 91 92 93 94 95 96 97 98 99 100
solt 91
sols 49 91
solr 55
sole 7 10 11 12 13 14 16 17 18 19 21 22 26 27 28 29 31 32 34 37 38 39 40 41 42 44 45 46 47 48 49 50 51 53 54 55 57 60 65 68 70 71 72 73 74 75 76 77 78 79 81 83 84 85 88 89 90 91 92 93 95 97 98
sold 2 4 6 10 12 13 14 15 16 18 19 21 22 23 24 26 27 28 30 32 34 35 36 37 38 39 40 41 45 46 49 50 51 53 54 55 57 59 60 61 65 66 67 68 69 70 71 72 73 76 77 78 79 80 81 82 83 85 88 89 91 93 94 95 97 99 100
sola 49
son. 22 41 71 79 80
soll 39 55 63
solo 10 12 40 49 53 55 56 66 69 84 97
soli 49
soon 1 2 3 4 5 6 7 8 9 10 11 12 13 14 15 16 17 18 19 20 21 22 23 24 25 26 27 28 29 30 31 32 33 34 35 36 37 38 39 40 41 42 43 44 45 46 47 48 49 50 51 52 53 54 55 56 57 58 59 60 61 63 65 66 67 68 69 70 71 72 73 74 75 76 77 78 79 80 81 82 83 84 85 86 87 88 89 90 91 92 93 94 95 96 97 98 99 100
sons 4 5 6 7 8 9 11 12 13 15 16 17 19 20 21 22 27 28 30 32 33 34 35 36 38 39 40 41 42 43 44 45 46 47 48 49 51 52 53 55 60 64 65 69 70 73 76 77 78 79 80 81 82 83 84 88 90 92 94 97 100
sont 10 12 39 49 55 70 79
song 3 4 5 6 8 10 11 12 13 14 16 17 18 19 20 22 23 24 26 27 28 29 30 32 33 35 36 37 38 39 40 41 42 45 46 49 50 51 54 55 56 62 64 65 66 67 68 69 70 71 72 73 74 76 77 78 79 80 81 83 84 88 90 92 93 94 100
sono 49 53 55 79
soph 80
sope 49 83
sops 49 77
soot 5 10 12 13 14 18 22 24 28 38 39 40 42 48 50 53 68 71 72 76 78 79 82
sors 49
sort 1 2 3 4 5 6 7 9 10 11 12 13 14 15 16 17 18 19 21 22 23 25 26 27 28 29 30 31 32 33 34 36 37 38 39 40 41 42 43 44 45 46 47 48 49 50 51 53 54 55 56 57 58 59 60 61 63 65 66 67 68 69 70 71 72 73 75 76 77 78 79 80 81 82 83 84 85 87 88 89 91 92 93 94 95 97 98
soro 66
sore 4 6 9 10 11 12 13 14 16 19 20 21 22 24 26 27 30 32 33 34 37 38 39 40 41 42 44 45 46 47 49 51 53 55 58 60 61 65 68 69 70 71 72 73 76 77 78 80 81 84 85 88 94 97 99
sora 79
soun 70 91
soup 3 10 11 12 13 14 16 18 27 37 38 39 41 42 46 48 49 55 62 66 70 71 74 76 77 78 79 82 90
soul 1 4 5 6 7 8 9 10 11 12 13 14 15 16 18 19 20 21 22 23 24 25 26 27 28 29 31 32 33 34 35 36 37 38 39 40 41 42 43 44 45 46 47 48 49 50 51 52 53 54 55 56 57 58 60 61 63 64 65 66 67 68 69 70 71 72 74 75 76 77 78 79 80 81 82 83 84 85 88 89 90 91 92 93 94 95 97 98 99 100
sour 3 5 11 12 13 14 16 21 26 27 28 30 34 37 38 39 42 48 49 51 55 56 57 65 69 70 71 72 73 76 77 78 79 84 85 88 94 95
sous 12 37 39 55 79 91
soto 51 53
sots 21
sowl 72
sown 5 10 12 28 39 40 41 42 45 46 49 51 55 60 69 71 76 77 78 79 80 94 97
sowt 71
sows 2 22 49 75 78 85
sovs 41 55
soye 12
spat 6 7 8 10 14 22 26 30 31 37 38 39 40 41 42 44 48 49 55 67 68 72 76 77 79
spas 39 44 55
spar 10 40 46 71 78
span 5 10 18 21 26 37 40 42 46 55 64 65 71 76 77 80 91 94
sped 9 10 12 13 14 17 20 22 30 35 39 40 42 46 51 55 65 67 68 69 77 79 81 93 94
spec 27 49 55 69 70
spem 49
spen 4 44 70
spew 55
spes 49
sper 39
spik 30
spie 45 98
spio 65
spin 6 12 22 26 27 28 31 33 34 38 39 40 41 46 49 55 59 60 65 70 71 73 76 77 78 79 80 82 94
spit 4 6 7 9 12 13 14 22 26 27 28 30 35 37 38 40 41 44 48 49 51 53 55 59 60 66 68 69 73 77 78 79 82 91 98
spqr 63
spos 40 70
spot 1 3 4 5 6 7 10 11 12 13 14 15 16 17 18 19 20 21 22 23 25 26 27 28 29 30 31 32 33 34 35 36 37 38 39 40 41 43 44 45 46 47 48 49 50 51 52 55 56 57 58 59 60 61 63 65 66 67 68 69 70 71 72 73 74 76 77 78 79 80 81 82 83 84 85 86 88 89 90 91 92 93 94 100
spry 27 34 55 56 58 70
spun 6 10 12 18 21 22 28 31 33 38 39 41 47 48 49 51 52 56 57 58 65 67 70 71 76 77 78 79 80 83 84 92 94 100
spur 4 6 11 13 20 26 27 33 39 41 43 44 46 49 53 55 60 64 71 72 73 77 89 93
spue 10
spud 55
squr 83
srna 63
srub 71
ssel 63
sser 63
ssen 63
ssig 63
sski 39
ssso 33
sste 63
stat 12 49 91
star 3 4 6 8 10 12 14 17 21 22 23 24 26 27 28 30 32 33 35 38 39 40 41 42 44 46 47 48 49 51 52 53 55 56 57 65 66 67 69 71 73 74 76 77 78 79 80 81 83 84 88 90 91 92 93 94 100
stap 55
stay 1 2 3 4 5 6 10 11 12 13 14 15 16 17 18 19 20 21 22 23 25 26 27 28 29 30 31 32 33 34 35 36 37 38 39 40 41 42 43 44 45 46 47 48 49 50 51 53 54 55 56 57 58 59 60 61 62 64 65 66 67 68 69 70 71 72 73 74 75 76 77 78 79 80 81 82 83 84 85 86 88 90 91 92 93 94 98 99 100
stag 12 22 38 49 55 65 73 74 79 80 90 98
stab 6 10 17 26 27 34 38 39 40 41 46 47 49 55 56 71 72 77 78 79 82 84 85 86 98
stan 18 70
stew 12 13 19 26 27 37 39 55 60 71 76 77
stes 63
step 1 4 5 6 7 8 10 11 12 13 14 15 16 17 18 19 21 23 25 26 27 28 29 30 31 32 33 34 35 36 37 38 39 40 41 42 43 44 46 47 48 49 50 51 52 53 54 55 56 57 58 59 60 61 62 63 64 65 66 67 68 69 70 71 72 73 74 76 77 78 79 80 82 83 84 85 87 88 89 90 91 92 93 94 95 96 99
stem 6 9 10 11 12 13 23 27 28 33 35 39 40 42 46 49 53 63 65 66 68 69 73 76 77 78 79 80 81 84 93
stig 40
stir 1 2 4 5 8 9 10 11 12 13 14 16 18 22 23 25 26 27 28 29 30 31 33 34 35 37 38 39 40 41 42 44 45 46 47 48 49 50 51 52 55 56 60 61 67 68 69 70 71 72 73 74 76 77 78 79 80 81 84 85 88 90 93 94 96 97 99
stoa 45 92
stol 39
stom 55
stor 12 83
stop 3 4 5 6 7 8 9 10 11 12 13 14 15 16 17 18 19 20 21 22 23 26 27 28 29 30 31 32 33 34 35 36 37 38 39 40 41 42 43 44 45 46 47 48 49 50 51 53 55 56 57 58 59 60 61 62 63 65 66 67 68 69 70 71 72 73 74 75 76 77 78 79 80 81 82 83 84 85 86 88 89 90 91 92 93 94 96 97 99 100
ston 91
stow 6 13 17 44 49 55 60 68 70 77 78 79 81
stri 89
stuf 91
stud 37 39 55 57 78 91
stus 28
stun 40 41 49 55 66 68 79
stub 18 43 56
stye 22 55
styx 12 22 28 65 80 98
subu 53
subs 20 40
subp 55
subj 20
suas 49 97
suar 53
suae 49 97
suam 49
suds 18 40 55 68 69 73 78 94
such 1 2 3 4 5 6 7 8 9 10 11 12 13 14 15 16 17 18 19 20 21 22 23 24 25 26 27 28 29 30 31 32 33 34 35 36 37 38 39 40 41 42 43 44 45 46 47 48 49 50 51 52 53 54 55 56 57 58 59 60 61 62 63 64 65 66 67 68 69 70 71 72 73 74 75 76 77 78 79 80 81 82 83 84 85 86 87 88 89 90 91 92 93 94 95 96 97 98 99 100
suca 53
suck 2 5 12 22 23 26 28 30 35 38 39 40 41 44 46 49 55 56 60 65 66 67 69 70 73 76 77 79 88 94 98
suff 55 70 81
suez 84
sues 65
suet 3 13 55 58 68 71
sued 9 13 40 45 49 55 65 70 77 78
sugh 53
suil 55
suis 12 23 39 41 49 55
suit 1 3 4 6 10 11 12 13 14 15 16 17 18 19 20 21 22 23 26 27 28 32 34 36 37 38 39 40 41 42 43 44 46 47 49 50 51 52 53 55 56 57 60 61 62 65 66 67 68 69 70 71 72 73 74 75 76 77 78 79 80 81 82 83 84 85 86 87 89 90 94 97 98
sumi 49
sumf 70
sulk 13 24 25 40 55 58
sult 63
sulu 53
suoi 53
suns 10 17 23 26 28 40 45 49 51 55 65 67 71 73 77 78 79 80 84 92
sunn 24
sunt 46 49 55 84 97 98
sunk 4 6 10 11 12 13 15 16 18 19 21 22 26 27 28 29 31 32 33 34 37 38 39 40 41 42 44 46 48 49 51 53 54 55 59 60 65 68 69 70 71 72 73 74 76 77 78 79 80 81 83 84 85 88 90 92 93 97 99
sung 1 4 5 9 10 12 13 14 16 17 18 20 24 26 27 28 32 33 37 38 39 40 41 42 46 49 51 53 55 56 63 64 65 66 67 69 70 71 72 77 78 79 80 81 82 83 88 93 94 99 100
sund 83
sump 55
summ 49
sums 6 9 12 13 14 16 21 27 37 39 41 42 43 46 48 49 51 54 55 56 65 69 71 73 77 78 79 80 83 84 93 94
sups 55 77 78
supp 63
supa 53
suos 49
susa 49
suso 92
surf 6 17 18 22 31 33 40 55 56 60 71 76 79 81 84
sure 1 2 3 4 5 6 9 10 11 12 13 14 15 16 17 18 19 20 21 22 23 25 26 27 28 29 30 31 32 33 34 36 37 38 39 40 41 42 43 44 45 46 47 48 49 50 51 52 53 54 55 56 57 58 59 60 61 62 63 65 66 67 68 69 70 71 72 73 74 75 76 77 78 79 80 81 82 83 84 85 86 88 89 90 91 92 93 94 95 97 98 100
suum 49
sute 45
susy 55 69
swar 4 27
swap 40 70 77
swam 3 6 9 10 12 13 17 18 20 22 27 28 30 33 37 38 39 40 47 48 49 51 55 58 60 61 65 67 68 69 71 73 79 82 83 84 100
swan 12 21 37 41 43 44 46 49 51 55 60 71 73 78 79 80 84 93 94 98 100
sway 5 7 10 12 13 20 23 27 31 32 33 39 40 41 42 43 44 45 46 49 51 52 53 55 65 69 74 77 79 80 84 89 90 91 92 96
swab 6 14 55 78
swag 13 21 68 69
swep 91
swig 6 55 70 78
swim 3 5 9 10 12 13 14 17 18 20 21 22 26 28 29 32 33 34 37 38 39 40 41 47 49 51 53 55 56 58 60 61 62 65 69 70 71 73 74 77 79 80 81 83 84 87 90 92 94
swum 5 14 17 18 26 28 40 70 79
sylv 49
syng 83
syne 71
symp 49 80
syra 22
szek 46
