t. 27
t1 63
ta 12 33 39 49 53 55 65 71 79 83 98
te 10 11 12 14 16 18 19 27 31 37 39 40 41 43 49 50 52 53 55 60 62 63 65 66 79 81 82 84
th 5 7 10 11 12 14 20 37 39 42 43 49 53 54 60 65 70 71 72 76 79 83 98
ti 39 49 53 55 63 68 79
tm 1 2 3 4 5 6 7 8 9 10 11 12 13 14 15 16 17 18 19 20 21 22 23 24 25 26 27 28 29 30 31 32 33 34 35 36 37 38 39 40 41 42 43 44 45 46 47 48 49 50 51 52 53 54 55 56 57 58 59 60 61 62 63 64 65 66 67 68 69 70 71 72 73 74 75 76 77 78 79 80 81 82 83 84 85 86 87 88 89 90 91 92 93 94 95 96 97 98 99 100
to 1 2 3 4 5 6 7 8 9 10 11 12 13 14 15 16 17 18 19 20 21 22 23 24 25 26 27 28 29 30 31 32 33 34 35 36 37 38 39 40 41 42 43 44 45 46 47 48 49 50 51 52 53 54 55 56 57 58 59 60 61 62 63 64 65 66 67 68 69 70 71 72 73 74 75 76 77 78 79 80 81 82 83 84 85 86 87 88 89 90 91 92 93 94 95 96 97 98 99 100
tr 9 12 28 39 41 49 53 55 63 79
ts 12 33 39
tt 39 62 63
tu 10 12 13 18 27 28 38 39 40 44 49 53 55 65 97 98
tv 62
ty 39 41 45 71 78
tz 39 53 63
