t’s 39
t’y 49
t.b 20
t.t 55 94
tab 53
taf 12
tae 65
tag 12 14 39 53 55 63 67 70 94
tai 53
tal 12 14 40 53
tak 4 10 72 78 91
tan 6 12 16 18 20 28 31 38 43 55 63 67 69 70 71 87
tam 30 49 55 56
tap 6 10 12 14 17 21 27 34 37 38 39 40 41 42 44 46 47 48 49 50 51 55 56 57 66 68 71 77 78 79 84 93 94 95
tao 53
tar 6 14 15 32 39 40 53 55 69 70 71 79 86 91 94 97
tat 6 12 18 27 39 40 41 44 46 55 66 70 71 83
tas 49
tau 49 53
tax 1 2 3 4 5 6 7 8 9 10 11 12 13 14 15 16 17 18 19 20 21 22 23 24 25 26 27 28 29 30 31 32 33 34 35 36 37 38 39 40 41 42 43 44 45 46 47 48 49 50 51 52 53 54 55 56 57 58 59 60 61 63 64 65 66 67 68 69 70 71 72 73 74 75 76 77 78 79 80 81 82 83 84 85 86 87 88 89 90 91 92 93 94 95 96 97 98 99 100
taw 55 69
tay 55 74 90
tck 33
tea 1 3 4 5 10 11 12 13 14 16 17 18 19 21 23 27 28 29 31 33 34 37 39 40 41 42 44 46 48 50 51 52 54 55 56 57 62 66 67 68 69 70 71 72 75 76 77 78 79 83 93 94 100
ted 55 94
tec 50
tee 40 55 78
tel 12 39 41 44 49 67 79 82
ten 1 2 3 4 5 6 7 8 9 10 11 12 13 14 15 16 17 18 19 20 21 22 23 24 26 27 28 29 30 31 32 33 34 35 36 37 38 39 40 41 42 43 44 45 46 47 48 49 50 51 52 53 54 55 56 57 59 60 62 63 65 66 67 68 69 70 71 72 73 74 75 76 77 78 79 80 81 82 83 84 85 87 88 90 91 92 93 94 95 96 97 98 99 100
tem 55
ter 14 27 39 49 53 55 63 70 78
tet 12
tes 10 12 18 37 39 44 49 53 63 79 82
tex 63
tew 78
tha 5 49 55
the 1 2 3 4 5 6 7 8 9 10 11 12 13 14 15 16 17 18 19 20 21 22 23 24 25 26 27 28 29 30 31 32 33 34 35 36 37 38 39 40 41 42 43 44 45 46 47 48 49 50 51 52 53 54 55 56 57 58 59 60 61 62 63 64 65 66 67 68 69 70 71 72 73 74 75 76 77 78 79 80 81 82 83 84 85 86 87 88 89 90 91 92 93 94 95 96 97 98 99 100
tho 9 14 15 27 34 40 49 53 55 65 81 83 97
thr 55
thu 55
thv 65
thy 4 5 7 9 10 12 15 16 17 20 22 24 26 27 28 32 33 37 38 39 40 41 44 45 49 51 55 56 60 64 65 66 69 70 71 72 74 76 77 78 79 80 81 82 83 84 85 88 90 91 92 93 94 97 98 99
tib 53
tia 53 77
tid 28
tic 40 53
tie 3 4 6 9 10 12 13 14 16 17 20 21 22 23 25 27 28 30 31 32 33 35 37 38 39 40 41 42 44 45 46 49 50 53 55 56 62 65 67 68 69 70 71 72 74 76 77 78 79 80 81 83 85 86 88 89 90 92 94 97
tig 63
til 27 50 60 69
tin 5 6 10 12 13 14 17 18 21 23 27 28 30 31 33 37 39 40 42 43 47 48 53 55 57 58 61 65 66 67 68 69 70 71 72 77 78 79 84 85 94
tim 39 42 45 49 55 65 70 80 91 93 97
tip 1 5 6 10 12 13 14 17 18 21 22 27 28 31 35 37 39 40 41 42 44 46 48 49 50 53 55 56 57 58 59 61 62 65 66 67 69 70 71 72 73 76 77 78 79 82 88 94
tio 63
tir 53 55 83
tit 6 17 28 37 39 40 41 45 49 53 58 65 70
tis 3 4 6 11 12 15 16 17 19 20 26 33 38 40 41 45 46 49 53 55 56 58 60 65 66 69 70 71 77 78 79 80 83 94 97 98
tka 39
tle 20 55 78
tly 53
to. 22 31
tna 27 81
tob 53
tod 63
toc 62 63
toe 10 12 17 21 22 23 26 27 28 31 33 38 39 40 41 44 46 49 50 55 59 62 69 70 71 73 77 78 83 94
tog 79
toi 10 12 39 55 65
tol 28 53 61 68 78
ton 12 13 14 30 31 33 37 39 40 42 46 48 49 55 63 65 69 70 85 91
tom 6 13 14 16 17 23 24 26 27 28 30 32 33 34 38 40 41 42 46 51 53 55 60 66 67 68 69 70 71 73 76 77 78 79 83 90 94 99
top 1 3 4 5 6 7 10 11 12 13 14 16 17 18 21 22 23 25 26 27 28 29 30 31 33 34 36 37 38 39 40 41 42 43 44 45 46 47 48 49 51 52 53 54 55 56 57 58 59 60 61 62 64 65 66 67 68 69 70 71 72 73 74 75 76 77 78 79 80 81 82 83 84 86 87 88 90 91 93 94 98 99 100
too 1 2 3 4 5 6 7 8 9 10 11 12 13 14 15 16 17 18 19 20 21 22 23 24 25 26 27 28 29 30 31 32 33 34 35 36 37 38 39 40 41 42 43 44 45 46 47 48 49 50 51 52 53 54 55 56 57 58 59 60 61 62 63 64 65 66 67 68 69 70 71 72 73 74 75 76 77 78 79 80 81 82 83 84 85 86 87 88 89 90 91 92 93 94 95 96 97 98 99 100
tor 9 43 49 53
tot 49 55
tov 39
tou 12
tow 10 12 20 32 39 40 41 52 55 70 73 77 79 81
toy 5 10 12 21 23 25 26 27 34 39 40 41 47 49 66 69 71 73 76 94 98
tpf 63
tqf 63
tra 34 39 53
tre 10 12 18 37 39 53 55 79 82 95
trf 63
tri 12 39 40 53 76 83
tro 53
try 1 3 4 5 6 8 10 11 12 13 14 15 16 17 18 19 20 21 22 23 25 26 27 28 29 30 31 32 33 34 35 36 37 38 39 40 41 42 43 44 45 46 48 49 50 51 54 55 56 57 58 59 60 61 63 65 66 67 68 69 70 71 72 73 74 75 76 77 78 79 80 81 82 83 85 86 87 88 89 90 92 93 94 95 96 97 98 99 100
tsa 39
tso 12
tst 76
tss 39
tte 63
tub 5 12 14 18 26 28 32 37 38 39 40 41 44 49 55 67 68 70 77 78 81 84 94
tua 12 49 53 55
tue 12 63
tuh 72
tug 10 12 17 21 22 26 27 33 39 40 41 43 47 48 56 58 59 65 70 71 93 94
tui 53 55
tul 78
tuk 4 27 55 70
tun 12 40 49 55 63 73 84 91 94
tum 49 53 55
tup 55
tuo 49 53 55
tur 63
tut 3 4 17 21 37 39 40 41 54 55 58 63 67 71 72 76 77 78 79 93 94 98
tus 12 53 77
tuy 12 53
twa 46 71
two 1 2 3 4 5 6 7 8 9 10 11 12 13 14 15 16 17 18 19 20 21 22 23 24 25 26 27 28 29 30 31 32 33 34 35 36 37 38 39 40 41 42 43 44 45 46 47 48 49 50 51 52 53 54 55 56 57 58 59 60 61 63 64 65 66 67 68 69 70 71 72 73 74 75 76 77 78 79 80 81 82 83 84 85 86 87 88 89 90 91 92 93 94 95 96 97 98 99 100
twy 39
tya 39
tye 15 45 97 98
tze 63
