vspace 62 63
viramo 53
vastly 4 11 12 14 18 19 40 44 46 47 48 51 52 56 60 69 72 77 78 79 80 82 85 89
virano 53
vastum 49
verzin 53
virago 55
vassya 41
vaster 28 51 55 65 84 88
vassal 20 22 40 49 65 73 76 77 80
vzarle 53
virgil 7 10 12 28 45 49 56 65 73 77 79 82 83 88 98
virgin 10 12 13 18 20 22 23 24 26 27 28 30 31 34 37 39 40 41 44 45 46 49 51 53 55 60 65 69 71 77 78 79 81 82 84 85 88 91 92
vesani 49
virgea 49
vzanno 53
vescor 20
virile 10 12 26 28 39 44 49 55
viridi 49
vrlare 53
vndici 53
v’yage 6
voyces 45
verity 40 41 45 53 55 83 88
verily 4 9 10 11 13 14 25 26 31 32 35 38 40 41 45 48 52 55 60 64 66 71 73 77 78 79 80 81 82 84 85 88
vizier 55 78 79 82 84
verino 77
verifi 83
verify 12 14 21 27 34 41 47 49 63 73 75 77 83
veins. 80
voyant 12
voyage 4 5 6 10 12 13 20 22 27 28 31 38 40 42 43 44 46 47 49 53 55 60 65 66 68 69 70 71 73 74 76 77 78 79 80 81 82 83 84 85 88 90 92 94 95
voyais 12
veined 23 40 42 55 79
vergil 77
verged 55
verges 79
verona 23 49 55 78
vashti 41
vernon 12 81 83
very’s 44
vdendo 53
vernal 10 39 40 55 60 65 73
vermin 2 4 9 12 13 14 26 28 38 42 47 48 51 55 59 60 73 76 77 78 81 84 98
vermis 12
versts 37 41
versum 49
versus 12 13 46 49 55 71
versat 49
versed 12 26 27 37 41 45 49 51 64 73 77 79 84 85 89 92
verser 39
verses 3 4 10 11 12 14 16 20 23 26 27 28 33 35 39 41 45 49 51 52 55 56 65 68 69 70 71 72 73 77 78 79 80 81 82 83 84 88 91 94 98 99
verrue 12
verres 12 49
vizors 49
veador 53
voyons 39
vertue 45 49
vertus 12 49
varsal 27
varrah 72
vntill 98
vequia 53
vequie 53
vogare 53
vogano 53
vartry 55
veil’d 65
verbum 49 63
verbis 49 55 77
verbal 12 14 16 19 26 27 37 39 40 45 49 55 65 71 73 76 78 80 83 84 85 92
vizard 21
vogels 39
voglio 55
veiled 4 10 12 14 21 24 26 27 31 39 40 42 48 49 51 54 55 64 67 71 74 77 78 79 80 88 90 92 94 96
veilis 49
vereri 49
vereas 68
verdes 40
voodoo 51
vailed 55
varens 10
varela 53
v1.99g 63
vooing 94
vltimo 53
vltima 53 98
varied 1 6 10 11 12 13 14 16 17 19 21 28 37 39 41 44 46 47 48 49 51 55 57 65 66 68 69 71 72 73 74 77 78 79 83 84 85 88 89 90 92 94 97
varies 7 12 28 39 49 50 51 65 67 79 84 86 88 89
varios 49
variam 49
vainly 4 7 8 10 12 14 16 21 22 23 26 27 28 29 30 34 39 40 42 49 50 51 55 56 57 65 71 72 74 76 77 78 79 80 81 82 85 88 90 94
vargue 53
vuelta 53
vargas 77
varnum 57
vaited 13
vunghi 53
varlet 9 52 55 73
velint 49
vitiis 49
viteno 53
veleno 53
viteli 53
veleua 53
vellum 1 14 23 55 94
vellet 49
vitium 49
vich’s 39
v0.04d 63
velour 94
vremya 37
vectes 49
vamped 42
vamper 68
velvet 1 3 5 10 12 14 18 21 23 25 27 28 33 38 39 40 41 42 43 44 46 48 49 50 51 53 55 56 57 61 66 67 68 69 71 77 78 79 84 85 94 98 100
vampa. 79
veluri 49
veluto 53
veluti 49
veluta 53
vittle 60
vicars 12 28 45
vitrea 49
valour 7 9 10 22 26 31 38 40 43 45 49 55 65 67 72 73 77 80
valore 7
visual 12 40 48 55 63 84 92 95
vacuis 97
vetoed 51 56
valoni 53
vacuum 12 40 49 55
valois 12 23 49 77
valnor 94
vistas 1 13 28 39 51 55 79
voisin 55
vaughn 51 94
visser 12
vetule 49
vetuli 49
value. 21
vaunts 65
vortex 39 40 65 71 76 78 84 94
valuit 49
valuer 26
values 16 21 26 28 39 45 46 49 55 63 77 84 92 94
valued 1 4 7 10 11 13 15 16 18 19 20 22 23 26 27 28 32 34 35 37 39 41 45 49 51 56 65 66 67 69 71 72 73 74 75 76 77 78 79 80 83 85 88 89 90 94 97
vaux’s 65
valsin 12
vaults 9 12 13 26 28 40 46 48 49 55 65 68 70 73 74 76 78 84 89 90 94 98
vorrei 55
valses 39
vibius 49
valves 12 32 39 40 47 65 86
viking 46 92
vechio 53
vitare 49
vitall 45
vitals 10 13 17 20 22 28 40 51 55 65 69 71 77 94
vitae. 49
viarum 49
visere 49
viaque 49
voided 9 40 44 49 55 73 77
voices 1 3 4 5 6 8 10 12 13 14 16 17 18 19 21 22 23 24 26 27 28 29 30 31 32 33 34 35 36 37 38 39 40 41 42 43 44 45 46 47 48 49 51 52 54 55 56 64 65 67 68 69 70 71 72 73 74 76 77 78 79 80 81 84 85 88 90 92 93 94 95 100
voice. 72
voiced 13 18 30 40 42 48 51 55 66 71 85 94
viscid 49
visit. 71
valdes 98
visits 1 4 5 6 10 11 12 13 14 16 17 18 19 21 22 27 28 36 37 39 40 41 42 44 46 49 52 54 55 56 60 68 71 72 73 74 77 78 79 90 91 93 94
vision 1 4 7 9 10 12 13 14 16 18 22 23 24 26 27 28 29 30 31 32 35 37 39 40 41 42 43 44 45 47 48 49 51 55 56 57 60 63 64 65 68 69 71 72 73 74 76 77 78 79 80 81 84 85 88 90 92 93
vishnu 28 35 40
vishna 39
voraus 63
vorant 12
viator 55
vaches 28 55
valais 74 90
vorher 63
valide 45
valido 49
vismar 82
valets 10 39 49 73 78 82
valeua 53
valere 49
valera 55
valens 45 49
valent 49
valeur 49
valeat 49 98
vholes 78
vorked 13
vallee 55
valley 5 9 10 11 12 13 19 21 26 27 28 30 32 33 34 38 39 40 43 44 45 46 47 48 49 51 52 53 55 56 57 60 64 65 66 67 69 70 71 72 74 77 78 79 80 84 88 90 94 99 100
vccelo 53
vcceli 53
visors 7 9 20
valier 12
valism 23
valise 12 13 21 27 40 55 56 57 71 76 77
vorhin 63
vathek 84
vesper 26 40
virtus 49 92
virtue 6 7 8 9 10 11 12 13 14 15 16 18 19 20 21 22 23 26 27 28 29 30 31 32 35 37 39 40 41 42 44 46 47 48 49 51 54 55 56 60 63 64 65 68 71 72 73 74 76 77 78 79 80 81 82 83 84 85 88 89 90 91 92 94 95 97 98 100
vestry 10 14 21 43 48 56 68 71 75 78
vestis 49
vestal 12 28 37 49 55 79
vestas 21
vested 10 22 39 42 55 83 89 97
vestem 49
viagio 53
viages 53
vessel 4 5 6 9 10 12 14 16 18 20 21 22 23 26 27 28 32 34 35 39 40 42 44 46 48 49 52 53 55 56 60 64 65 68 71 72 73 74 76 77 78 79 80 81 82 83 84 85 88 90 92 94 100
visard 45
viands 7 13 23 39 42 44 49 53 55 68 71 74 76 77 78 79 90 94
vacate 10 19 28 49 71 78
visage 9 10 12 14 18 23 27 31 34 40 47 49 55 65 71 72 73 74 76 77 78 79 80 84 85 90
vacant 1 10 11 12 13 14 15 16 18 19 21 23 27 29 31 32 34 39 40 42 44 47 48 50 52 55 60 67 68 69 71 72 73 74 76 78 79 80 81 83 84 85 86 89 90 93 94 97 99
venous 12
venome 45
volney 90
venner 21
vollst 63
volley 4 6 12 18 21 39 40 48 49 55 60 68 71 73 77 78 79 81 85
veered 12 30 60 78
volsci 12
voulez 39 55
viedma 77
voluto 53
volume 1 4 6 7 9 10 11 12 13 14 16 19 20 21 23 27 28 29 31 34 39 40 41 42 44 45 48 49 53 54 55 57 59 60 64 65 66 67 68 69 70 71 72 73 74 75 77 78 79 81 83 84 85 88 89 90 94 95
volunt 49
voluit 49 97
vivunt 49
venuto 53
venutj 53
venuti 53
venuta 53
voltor 53
ventur 83
ventus 49
ventum 49
ventos 49
voltar 53
ventry 55
ventri 49
ventre 12 55
vented 49 65 68 77 79 97
venter 49
ventis 49
vincla 49
vincet 49
vincer 49
vinbad 55
v6.75r 63
vanvre 12
vocari 65
vidocq 12 40 42
volano 53
volant 55
vivait 12
vivant 12 26
vimghi 53
venant 12
vidmer 87
volere 53
voleua 53
volent 49
voleno 53
vivere 49 79
venere 49 53
venery 9 12 26 44 49 55
venero 53
veneno 49 53
veneer 51 55
vendor 35 46 55 66 68 76 78 79
vender 13 18
vocies 85
voliua 53
venire 53
veniua 53
vivian 12
vivify 46 85
venime 45
vivida 65
veniat 49
venial 12 29 39 42
venice 7 10 12 16 23 26 27 40 41 44 45 49 53 55 67 73 77 78 79 82 84 92 94 97 98
veniet 49 55
voters 12 13 15 21 28 51 73
voteth 45
vandal 12
victus 49
votive 39 49
votiva 49
voting 12 13 28 45 51 55 73 83
vanity 1 2 4 5 10 11 12 13 14 15 16 19 20 23 26 28 29 31 35 37 39 40 41 42 44 45 46 48 49 50 52 55 56 65 66 69 71 72 73 75 76 77 78 79 80 81 82 83 84 85 88 89 91 92 94 99
vanish 10 11 12 16 17 19 20 21 24 26 28 30 31 34 39 40 41 43 45 46 47 48 49 52 55 63 64 65 66 68 71 72 74 77 78 79 80 84 85 90 94 96 97 98
veduto 53
vedute 53
veduta 53
vrolok 46
vcello 53
vcelli 53
vident 49
videre 49
videri 49 98
vski’s 39
videas 49
videat 49
vedant 28
vlovna 39
vilest 4 13 15 21 22 28 41 49 55 65 73 76 79 80 81 84 85 89
vedemo 53
vedeno 53
vedend 53
vilely 30 46 49 85
vedere 53
veuves 79
vicine 53
vicina 53
vicont 98
vane’s 23
votary 10 44 55 69 80
victor 7 12 18 20 21 23 26 39 40 41 42 45 49 53 55 65 66 73 74 77 79 80 83 88 90 92 94 97
victum 49
victim 1 4 6 10 11 12 13 14 17 20 21 22 23 26 27 29 30 32 34 35 37 39 40 41 42 43 46 48 49 50 51 54 55 56 57 59 60 64 65 66 67 68 69 71 72 74 75 76 77 78 79 80 82 84 85 88 90 92 94
victis 12
vurrgh 84
villon 12 53
villis 49
viueua 53
viuete 53
villas 12 21 28 48 49 94
viuere 53
viueno 53
vazeto 53
vixque 49
vigent 49
vigere 49
vigils 4 10 14 30 53 77 85
vigour 6 7 10 11 16 19 22 26 31 35 37 42 44 46 47 48 49 55 59 60 65 67 68 71 72 73 74 76 77 78 80 81 88 89 90 93 96 97
vignes 12
vipers 12 13 46 71 97
violle 53
violet 5 12 21 22 23 26 27 28 39 42 43 44 46 48 49 53 55 56 65 66 78 79 84 94 100
violin 12 13 18 21 23 34 37 39 43 53 56 59 79 83 100
vixere 49
violae 49
v’y’ge 40
vnalta 53
vnalto 53
vowels 50 55 62 65 92
vowing 10 13 27 40 44 51 56 72 73 79 88
vexing 10 11 28 49
vulgus 49 98
vapour 6 10 14 24 26 31 35 43 45 46 47 48 49 54 55 65 68 71 72 76 78 84 93
vulnus 49
vapors 12 28 40
vapory 20 40
vaguer 95
vulmar 55
vapulo 97
vgorod 39
vulvae 49
vultus 49
vultum 49
vienam 13
vagary 77
vagant 28
view’d 65
vielen 63
vinery 44 55
vineae 49
vierge 41
vining 10 55
vienne 12
vienna 1 10 12 23 39 41 46 53 55 79 84 94
vsuall 49
vulcan 10 12 22 28 49 65
vomits 35 49 77
vinous 12 67 76
vagina 44 53 55
vexare 49
vexant 49
vliman 53
vulgar 3 7 10 11 12 14 15 16 19 21 23 26 27 28 29 34 37 39 41 42 44 45 46 48 49 50 51 53 55 57 65 66 67 68 69 71 72 73 74 75 76 77 78 79 80 83 84 85 88 89 90 92 94 100
views. 71
viewer 59
viewed 1 2 3 4 5 6 7 8 9 10 11 12 13 14 15 16 17 18 19 20 21 22 23 24 25 26 27 28 29 30 31 32 33 34 35 36 37 38 39 40 41 42 43 44 45 46 47 48 49 50 51 52 53 54 55 56 57 58 59 60 61 63 64 65 66 67 68 69 70 71 72 73 74 75 76 77 78 79 80 81 82 83 84 85 86 87 88 89 90 91 92 93 94 95 96 97 98 99 100
