wheer’s 71
warbled 4 10 12 18 23 24 40 76 94
warbler 12 94
wielder 20 39
wielded 7 9 10 12 20 30 32 40 65 71 72 84 89
workshy 59
whimers 91
wheedle 49 55 72 94
wayward 4 10 17 21 26 27 40 42 56 67 71 72 77 78 80 88
wheels. 38
wallops 55
walloon 77
wheeled 5 7 10 12 13 14 21 22 27 28 33 34 37 39 40 41 46 48 51 52 55 56 67 68 69 71 72 76 77 78 79
wallows 12 33 40
wheeler 21 30 34 46 51
wheeles 45
whimple 14
whimper 1 13 23 26 27 33 37 47 58 61 71 72
wrangle 39 49 55 72 77 78 83 96
weekday 18 69 99
wotting 55
wartime 39
wigless 39
wacancy 14 68
whollop 70
whimsey 49
wottest 9 85
world’s 5 8 9 10 13 14 16 18 22 23 26 28 33 38 39 40 41 49 51 55 65 67 69 71 77 79 80 84 85
wheerby 71
weekend 56 62
wisitin 78
wisited 76
worketh 26 27 45 81 88
workest 85 88
workers 12 13 31 34 35 37 40 45 47 51 55 56 60 76 78 80 81 86 92 94 96
winning 5 7 10 12 14 16 17 20 27 32 39 41 42 44 45 46 49 50 51 55 56 65 69 71 72 74 76 77 78 79 80 88 90 92 94
wanting 2 5 6 7 10 11 12 14 15 16 17 18 19 21 22 23 26 27 28 29 31 32 34 37 38 39 40 41 43 44 45 46 49 50 53 54 55 56 59 60 65 67 68 69 70 71 72 73 76 77 78 79 80 81 82 83 84 85 88 89 94 96 97 98 99
workbox 10
workday 48
wendels 20
wendell 27 32 83
winejar 55
winejug 55
wantley 71
workbag 39
winneth 9 26 45
winners 55 77
wallace 55 81
wallach 46
waltzes 16 42 55 78
waltzed 44 70 78
weakens 44 49 69 77
weakest 7 8 9 11 14 23 33 45 46 64 65 68 73 76 78 79 80 86 88 89
wollten 63
wantons 79
wending 20 28 55 69 76
workman 4 12 14 22 27 28 34 37 39 40 41 45 46 48 49 51 55 60 65 68 71 73 74 76 77 78 79 80 83 90 92 96
workmen 6 12 13 14 16 18 19 21 27 28 32 37 38 39 40 42 46 48 49 51 55 60 65 67 68 73 76 77 78 79 80 83 86 89 92 96 97 100
wimsett 81
wallets 55
warbeck 55 90
warm’th 26
wendies 17
working 4 5 6 7 8 9 10 12 13 14 16 17 18 19 21 22 23 26 27 28 29 30 32 33 34 35 36 37 38 39 40 41 42 43 44 45 46 47 48 49 50 51 53 55 56 58 59 60 61 62 63 65 66 67 68 69 70 71 72 73 74 75 76 77 78 79 80 81 83 84 85 86 88 89 90 92 93 94 95 96
wendy’s 17
wetched 39
wheel’d 65
wheel’s 65 67
walling 49
winnows 55 65
written 1 2 3 4 5 6 7 8 9 10 11 12 13 14 15 16 17 18 19 20 21 22 23 24 25 26 27 28 29 30 31 32 33 34 35 36 37 38 39 40 41 42 43 44 45 46 47 48 49 50 51 52 53 54 55 56 57 58 59 60 61 62 63 64 65 66 67 68 69 70 71 72 73 74 75 76 77 78 79 80 81 82 83 84 85 86 87 88 89 90 91 92 93 94 95 96 97 98 99 100
weather 2 4 5 6 7 8 9 10 11 12 13 14 16 17 18 19 21 22 23 25 26 27 28 29 30 31 33 34 36 38 39 40 41 42 43 44 45 46 47 49 50 52 53 54 55 56 57 58 59 60 62 63 64 66 67 68 69 70 71 72 73 74 75 76 77 78 79 81 82 83 84 85 86 90 93 94 95 97 98 100
whoe’er 65 77
warlike 7 9 12 20 26 31 38 39 40 46 49 65 68 77 79 80 81 92
whining 5 10 12 13 15 22 26 30 32 34 35 39 41 42 49 55 57 58 61 68 71 72 80
wealthy 1 4 10 12 15 19 21 22 23 27 28 34 39 40 41 43 44 45 49 54 55 56 60 65 66 67 68 69 72 77 78 79 80 81 83 84 88 91 92 93 99
wealths 45 97
wealth. 38
welfare 4 9 10 11 13 16 18 19 20 26 27 30 32 37 39 41 43 49 51 53 65 71 74 77 78 80 81 83 84 85 89 90 92 93 97 99
watchin 5 27
worde’s 9
watcher 1 10 12 20 34 40 43 44 51 55 57 67 69 78 85
watches 5 6 9 10 11 12 13 16 22 26 27 31 34 36 38 40 41 43 46 51 53 55 66 68 69 70 71 76 77 78 79 83 84 93 94 100
watched 1 3 4 5 6 7 8 9 10 11 12 13 14 16 17 18 19 20 21 22 23 25 27 28 29 30 31 32 33 34 35 36 37 38 39 40 41 42 43 44 46 47 48 49 51 52 54 55 56 57 58 59 61 64 65 66 67 68 69 70 71 72 73 74 76 77 78 79 80 81 82 84 85 88 90 93 94 100
warlock 55
wording 16 39 42 79 85
weren’t 3 5 6 12 13 14 18 27 29 33 35 37 39 41 42 48 55 56 67 68 71 72 75 76
wrought 4 6 9 10 12 13 14 19 20 22 23 27 28 30 39 40 41 42 43 44 45 46 47 48 49 50 51 55 60 64 65 68 69 71 72 74 76 77 78 79 80 81 82 83 84 85 88 90 92 93 94 97 98 99
watling 55
winging 18 52 55 69
washeth 26
wayworn 71
wolvish 24 99
wimbles 55
waldens 28
witness 1 3 4 6 7 8 9 10 11 12 13 14 15 16 18 19 21 22 26 27 28 29 30 32 36 37 39 40 41 42 43 44 45 46 47 48 49 51 53 55 60 64 65 67 68 69 71 72 73 74 76 77 78 79 80 81 82 84 85 88 90 91 92 93 94 98
wonders 1 4 5 8 9 11 12 13 14 16 18 20 22 23 26 27 28 29 37 39 40 41 44 45 46 49 51 53 55 57 60 65 69 71 73 74 76 77 78 79 81 83 84 85 88 89 90 91 92 94 96 98
watteau 12
wealdan 20
ware’us 14
wedging 16 67 85
worldly 9 10 11 14 16 18 19 23 26 27 28 35 37 39 40 41 43 44 45 49 52 55 56 67 68 69 71 72 74 76 77 78 79 84 85 88 89 90 92 93 94 97
wafered 78
wrother 9
wheezed 41
wattled 73
wattles 12 55 73 81
weissen 63
weissem 63
whinbad 55
wondred 98
waldman 74 90
w’iting 39
watch’d 65
waspish 49
watch’s 84
whineth 26
wanders 12 14 20 32 41 42 49 65 71 72 77 78 80
waldron 99
weoroda 20
wanness 78 84
wolfish 10 28 30 40 72 93
wolfing 55
wrapp’d 65
wieweit 63
waisted 12 13 37 39 52 71 78
whoness 55
wagtail 12 55
wolfian 65
wegular 39
wrapall 40
walnuts 16 28 39 53 71 77 84
wrinkle 12 23 27 28 33 39 44 45 49 55 66 67 78 79 85 88 93 94
wrinkly 55
weeding 5 12 18 28 51 68 79 81
wolfdog 55
whoever 2 3 4 5 7 10 12 13 14 15 16 19 20 21 22 26 27 28 30 34 37 38 39 40 41 46 49 53 55 58 60 61 65 67 68 69 70 71 72 73 77 78 79 80 82 83 85 88 89 92 94 95 97
whowhat 55
wigwams 28 40 43 55 70 99
widsith 20
wyatt’s 84
wigmore 21
woman’s 4 5 10 11 12 13 14 16 18 21 22 23 26 27 28 29 32 34 35 36 37 38 39 40 41 42 43 44 49 53 54 55 56 61 65 66 67 68 71 72 74 76 77 79 80 84 85 100
worming 39 40
wilhelm 21 35 38 55 89
washish 84
washing 3 5 6 10 12 13 14 16 17 18 19 21 22 27 28 30 32 34 35 37 38 39 40 41 42 44 45 46 49 50 55 56 57 59 60 61 63 64 66 67 68 69 71 72 73 75 76 77 78 79 80 81 82 88 93 94
warders 14 34 43 49 57 68 71
wooings 77
whiffed 66 76
whiffle 12 94
wardens 68
weaveth 26
weavers 49 55 64 73 78 80
warding 39 55 78
waising 39
wyndham 55 83
womanly 4 9 11 14 16 18 20 21 26 27 36 39 44 55 57 68 71 76 78 80 85 92 94
washpan 70
wiolent 14
wistful 10 27 29 42 51 52 55 56 57 68 71 73 94
weaving 4 12 13 18 20 22 26 28 32 33 35 37 40 41 43 51 53 55 61 70 76 77 78 80 81 88 90
washrag 67
warmers 26
warmest 11 14 15 16 19 21 26 27 28 39 40 44 49 50 58 67 68 71 74 77 78 79 81 85 90 94
warmeth 26
washtub 27
warming 5 10 12 13 14 17 18 22 27 28 37 38 39 40 41 44 45 57 68 70 71 76 77 78 79 83 91 93 94
warmint 14 68
wardour 23
warmish 55
wetness 35 44
woormes 53
wizened 13 42 43
wepping 78
whipper 42
whipped 4 5 6 12 13 14 17 18 23 27 30 32 33 34 37 39 40 41 42 43 44 48 49 54 55 56 60 66 69 71 73 77 78 81 82 94
whippin 27
weskit. 71
whipple 70
warwick 11 67 83
whooing 70
withers 13 39 49 55 65
wotever 14
weenest 9
weeneth 9
withall 45 99
wrongly 10 12 20 37 39 41 49 53 71 78 79 80 89 92 95
western 6 10 12 13 14 16 18 21 23 27 28 30 31 32 34 39 40 42 43 44 45 46 48 51 53 55 56 57 60 62 65 66 67 69 71 72 73 74 78 79 80 81 83 84 85 89 90 91 92
westers 40
wronged 4 10 12 13 19 21 22 31 34 36 37 39 41 46 49 51 55 60 65 71 72 73 75 76 77 78 79 80 84 85 88 92
westend 55
watered 6 10 12 13 14 21 22 24 28 33 34 38 39 40 41 46 49 52 53 55 56 58 66 69 71 72 77 78 79 81 88 93 99 100
wylfing 20
wihstan 20
website 1 2 3 4 5 10 11 12 13 14 15 16 17 18 19 20 21 23 25 26 28 31 32 35 36 37 38 39 40 41 42 43 44 45 46 47 50 51 54 55 59 60 61 65 68 69 72 73 74 75 76 79 80 85 93 100
weening 9 20
warfare 10 13 16 17 20 26 27 39 40 42 45 48 49 52 65 71 77 79 80 85 88
whooped 27 69 70
whoopin 70
wassail 20
wailing 5 10 12 13 14 17 18 20 22 24 26 27 28 30 35 37 38 39 40 41 42 46 48 49 51 55 56 61 65 67 70 71 72 76 77 80 84 94
westons 16 19
withies 22
within. 38
walfish 40
waiters 4 14 16 18 27 28 37 41 42 44 55 71 73 76 79 82 85
wrong’s 84
wrong’d 65
wasilio 79
weaning 31 55
weevils 12
waiteth 9 26 45
weena’s 47
weceipt 39
waiting 1 3 4 5 6 7 8 10 11 12 13 14 15 16 17 18 19 20 21 22 23 26 27 28 29 30 31 32 33 34 35 36 37 38 39 40 41 42 43 44 46 47 48 49 50 51 53 54 55 56 57 58 59 60 61 65 66 67 68 69 70 71 72 73 74 75 76 77 78 79 80 81 82 83 84 85 87 88 89 90 92 93 94 100
wischau 39
wrapper 4 5 12 13 18 23 31 40 41 46 57 68 71 76 77 78 84 93 94
wrapped 5 9 10 12 13 14 16 17 18 19 21 22 23 27 28 30 31 33 35 37 38 39 40 41 42 44 46 47 48 49 53 55 56 57 59 60 65 66 67 68 69 71 72 73 74 76 77 78 79 80 81 83 84 90 94 96 100
wyman’s 28
warning 3 4 5 6 7 8 9 10 12 13 14 15 17 18 19 21 22 23 26 27 28 29 30 31 32 33 34 35 37 39 40 41 42 43 44 45 46 47 48 49 50 51 54 55 56 57 59 60 63 65 67 68 69 70 71 72 73 76 77 78 79 83 85 88 89 91 93 94 98
warnick 81
what’re 69
what’ll 4 5 14 27 50 55 67 68 69
water’d 65
water’s 5 12 23 27 28 31 33 38 48 61 77 79 84 100
wulfgar 20
wiggins 34
wilsons 10
whopper 55
whizz’d 65
wiggled 17 18 94
wastage 39 55
winsome 20 23 40 55 72 77
way.270 65
wiseish 40
wobbahs 39
woolsey 4 52 70
wurmser 12
waxwork 10 14 28 55 68
wapping 40 55 73 85
weniger 63
wasteth 20 45
wastest 55
whirl’d 38 65
whizzes 65
whizzed 27 33 39 55 56 69 70
winslow 28
warpath 13 69
whizyer 13
woollen 10 12 16 22 27 28 37 40 44 55 65 68 70 73 76 79 83 98
waiving 14 16 40 85 89
webster 23 28 33 40 67 69
wharves 21 32 40 71 78 85
wisdome 45
wharton 10 40 57
where’d 4 6 13 67 69
where’s 3 4 5 6 12 13 14 16 21 27 29 31 33 34 36 37 38 39 40 41 42 47 48 50 55 65 66 67 68 69 71 72 77
without 1 2 3 4 5 6 7 8 9 10 11 12 13 14 15 16 17 18 19 20 21 22 23 24 25 26 27 28 29 30 31 32 33 34 35 36 37 38 39 40 41 42 43 44 45 46 47 48 49 50 51 52 53 54 55 56 57 58 59 60 61 62 63 64 65 66 67 68 69 70 71 72 73 74 75 76 77 78 79 80 81 82 83 84 85 86 87 88 89 90 91 92 93 94 95 96 97 98 99 100
waxedup 55
waverer 69
wavered 11 12 13 14 27 29 31 34 35 39 41 54 57 67 68 69 71 72 79 88
waves23 22
wriggle 12 17 33 39 44 55 56 80
wexford 55
withsay 55
wherein 2 7 9 10 12 14 17 18 20 22 26 27 28 30 38 39 40 45 46 49 51 54 55 60 63 65 68 69 71 73 76 77 78 79 80 81 82 83 84 85 88 89 92 93 94 97 98
whereof 2 4 9 10 14 26 40 45 49 53 55 60 63 68 71 73 76 77 81 84 85 88 97 98
walpole 49
whereon 9 12 14 22 26 28 38 40 44 45 46 49 55 66 77 79 88
whereto 9 40 45 55 88
whereat 9 10 30 40 43 46 49 53 55 56 73 76 77 78 88 93 94 97 98 99
whereas 2 6 7 9 10 12 13 14 15 19 22 27 32 34 39 40 42 44 45 46 49 54 55 59 60 63 68 70 71 72 73 76 78 79 80 81 82 83 85 87 88 91 92 95 97 98
whereby 2 4 7 9 13 22 26 32 38 39 40 43 45 46 49 53 55 71 72 73 77 80 81 83 85 88 89 92 94 96 97 98
wife’ll 27
wer’n’t 60
wemmick 14
wangles 55
weeping 4 9 10 12 13 14 15 18 20 22 23 24 26 27 30 31 33 35 37 38 39 40 41 44 45 46 47 48 49 50 51 53 54 55 56 57 60 61 64 65 67 68 69 70 71 72 73 74 76 77 78 79 80 81 82 84 88 90 92 94 99 100
woodrow 83
wigzell 81
wouldnt 50 55
wouldst 9 20 26 33 38 40 41 44 49 60 63 65 74 76 77 79 85 90 94 98
wouldbe 55
wimpfen 39
welsher 55
willage 14
winters 4 9 10 12 20 26 28 30 44 49 57 64 65 66 67 68
wussian 39
wusshup 70
winkles 28 66 78
weepons 40 69
whatnot 39 55 94
woodman 1 38 55 61 65 76 78 79
wylie’s 55
winky’s 33
woodlot 28
woodmen 48 52 65 73
willers 26
willest 26 88
willeth 20 26 64 88 97
whatten 55
wreaker 55
wreaked 9 14 20 27 68 74 79 85 90
wimpled 9
whore’s 55
willful 4 41 83 94
whale’s 40 53 77
weigh’d 65
waker’s 84
wicious 14 68
wakeful 1 4 18 26 28 40 43 46 54 65 68 71 78 80 85
william 3 4 9 11 12 14 15 16 19 20 21 24 27 28 32 34 40 43 45 49 51 55 56 68 70 71 73 74 78 79 81 82 83 84 86 90 91 92 97 99 100
wimpole 21 50
willing 4 5 6 7 10 11 12 13 14 15 16 17 18 19 20 21 22 26 27 28 30 32 33 35 36 37 38 39 40 41 43 44 45 46 47 48 49 50 51 53 54 55 56 58 59 60 61 63 65 67 68 69 70 71 72 73 76 77 78 79 80 81 83 84 85 87 88 89 90 92 94 95 97 99
wrastle 94
williss 55
wightly 9
willn’t 72
women’s 11 12 13 14 22 26 27 32 37 39 40 41 42 44 49 51 52 55 59 67 68 69 71 76 77 80
wedlock 9 21 22 36 37 41 49 55 71 83 88
woodbox 56 69
wasting 3 10 11 12 13 14 15 18 20 22 27 28 35 36 37 39 40 41 46 47 51 55 56 57 58 59 65 67 68 69 70 71 74 77 78 79 80 83 84 85 88 90 93 97
woodcot 78
weapons 6 7 10 12 13 17 20 22 26 31 39 40 41 45 46 47 48 49 51 52 53 55 57 60 65 69 72 73 74 76 77 78 79 80 81 85 86 89 90 91 92 93 96 99
wichtig 63
wobbers 39
woolwow 81
wobbewy 39
woolton 75
wilkins 42 55 71 93
warping 40
wayside 10 12 13 18 21 26 34 41 43 48 55 67 68 76 77 78 79 85
widders 6 71 91
whatcha 13
wheaten 28 41 55
winkies 61
winking 5 11 12 13 14 17 21 27 30 33 37 39 40 41 49 51 55 56 58 66 67 68 70 71 72 76 78 79 85 93 94
whirled 1 5 6 8 10 12 13 26 27 28 30 33 39 40 41 46 47 48 51 55 56 57 58 60 61 68 69 70 71 72 74 76 77 78 79 82 84 90 100
wooding 27
wanhope 9 55
wilting 85
weepeth 9
weepest 55
weepers 39 55
wagered 39
whirred 55 59
winkers 55
woodcut 14 77
woodest 9
wilkses 70
wobbled 48 55
wefused 39
worries 10 13 22 27 35 36 37 39 41 55 56 58 59 61 72 77 79 94
worried 1 3 4 5 10 13 14 18 19 23 30 31 35 37 39 40 41 46 48 49 51 55 56 58 59 61 62 66 67 68 69 70 71 72 76 78 83 86 94
whetted 10 12 28 38 49 51 54 69 94
whettin 46
white’s 23 55 56
walsall 21
wilding 55
wittier 16 37
witting 9 17 88
wearest 9 85
wearers 12 77 85
wittily 9 37 39 49 80 84
wafting 39 80
waylays 71
wayland 20 28
waylaid 21 26 48 55 69 76 79 84
wrestle 6 10 13 22 27 49 65 71 73 74 77 78 81 90
wrested 7 9 20 28 45 49 68 71 76 78 79 80 81 88 89
wildcat 27 61
wirkung 63
wentest 12 26
wariest 55 92
wariety 71
wearied 2 7 10 11 12 14 16 23 26 27 32 39 40 44 46 48 51 54 65 68 69 71 72 74 76 77 78 79 80 81 84 88 90 92 94
wearies 1 40 49 65 72 77
wearier 26
wearily 3 4 13 23 26 27 31 33 37 39 40 41 42 46 48 50 51 55 56 57 58 59 68 69 71 74 78 84 90 94
wearing 1 4 6 7 10 12 13 14 17 18 19 21 22 23 27 28 29 30 31 34 35 36 37 39 40 41 42 43 44 46 48 49 50 53 55 56 59 60 61 67 68 71 72 74 75 76 77 78 79 80 81 84 85 88 89 90 93 94 95
wildest 10 12 13 14 17 19 23 26 28 32 33 34 36 40 41 44 46 56 59 68 71 74 76 78 79 84 85 90 92
welch’s 55
warrant 5 8 9 10 11 12 13 14 16 19 20 22 27 28 32 34 37 39 40 41 43 44 45 46 49 50 51 54 55 56 57 60 68 71 72 73 74 77 78 79 81 83 84 85 89 90 97 98
witch’s 10 13 29 38 52 61 85
wispish 55
whelm’d 65
winders 27
windeth 26
warrens 55
warreth 9 88
waggery 52
wolstan 55
whither 1 4 6 7 8 9 10 11 12 13 18 19 20 21 22 26 27 28 33 34 38 39 40 42 43 45 46 48 49 51 52 53 54 55 60 65 66 68 69 71 73 74 77 78 79 80 82 84 85 88 90 92 93 94 97 98 99
wittles 14 68 71 76 78
wizards 20 39 46 61 77
whitest 12 28 40 51 55 66 70 73 77 78 79 80 84 85
wagging 9 10 13 27 33 36 37 39 46 55 68 70 71 73 77
waggish 26 39 40 41 52 68 77 78 92 93
whitens 65
windbag 55
willy’s 55
winches 76
weighed 1 2 4 6 7 10 11 12 13 14 15 18 20 21 22 23 26 27 28 29 30 31 32 34 35 37 38 39 40 41 43 45 46 48 49 53 55 57 60 64 65 68 69 70 71 72 74 77 78 79 80 81 82 83 84 85 88 89 90 94 97 100
weigher 26
weighty 4 7 11 13 14 15 20 26 28 37 38 39 40 41 49 54 60 65 66 69 71 72 73 77 78 79 84 85 88 89
work’us 68
weights 10 12 13 46 49 53 65 67 71 73 77 78 80 81 88 93
wincing 17 21 29 39 40 55 71 72 79
willowy 51 55 74 90
willows 6 12 18 21 22 28 30 38 48 49 51 52 56 60 65 70 77 91 94
wakenin 5
wakener 77
wakened 1 5 6 10 13 17 23 33 38 39 40 46 49 50 51 54 58 68 72 76 77 81
wine.84 65
whether 1 2 3 4 5 6 7 8 9 10 11 12 13 14 15 16 17 18 19 20 21 22 23 25 26 27 28 29 30 31 32 33 34 35 36 37 38 39 40 41 42 43 44 45 46 47 48 49 50 51 52 53 54 55 56 57 58 59 60 61 63 65 66 67 68 69 70 71 72 73 74 75 76 77 78 79 80 81 82 83 84 85 86 87 88 89 90 91 92 93 94 95 96 97 98 99
whiskey 4 13 27 34 40 44 51 62 66 69
whisker 6 14 33 40 68 71 78
whisked 5 14 26 29 37 43 56 61 68 71 78 94
whalers 40
whacked 31
wanings 40
whalley 28
whoring 73 88
whisper 1 3 4 5 6 8 10 11 12 13 14 16 17 18 19 21 23 26 27 28 30 31 32 33 34 35 36 37 39 40 41 42 43 44 46 47 48 49 51 54 55 56 57 58 59 61 65 67 68 69 70 71 72 73 74 76 77 78 79 80 84 85 90 94 100
widened 5 12 14 21 39 43 44 48 67 69 71 77 78 79 82 84
whaling 4 27 30 40 71 81
wagoner 12 14
whoiver 72
wilde’s 55
wedding 4 9 10 11 12 13 14 16 17 18 19 21 22 23 29 34 35 36 37 38 39 40 41 42 44 45 46 49 50 51 55 56 57 61 62 64 66 67 68 69 71 72 74 75 77 78 79 81 84 90 92 94
weardas 20
whistle 3 4 5 6 12 13 17 18 21 22 23 27 28 31 33 34 39 40 41 42 44 46 48 49 50 51 52 55 56 57 58 61 66 67 68 69 71 72 73 75 77 78 79 83 93 94
whiston 97
waifing 40
wreaths 10 12 13 14 21 23 26 27 28 37 38 39 43 46 54 55 56 65 67 69 74 76 79 84 85 90 93 94
whorled 55
webwork 69
wishing 4 5 7 10 11 12 13 14 15 16 17 18 19 20 21 22 26 27 28 32 33 35 37 38 39 41 42 43 44 45 46 48 49 55 56 57 58 59 60 64 65 66 68 69 70 71 72 73 74 76 77 78 79 80 81 83 84 88 89 90 91 92 93 94
walking 1 3 4 5 6 7 8 9 10 11 12 13 14 16 17 18 19 21 22 23 24 25 26 27 28 29 31 32 33 34 35 36 37 38 39 40 41 42 43 44 45 46 47 48 49 50 51 53 54 55 56 57 58 59 60 61 62 64 65 66 67 68 70 71 72 73 74 76 77 78 79 80 81 82 83 85 88 90 91 92 93 94 98 99 100
wellset 55
walters 13 69
wicklow 42 55
werther 12 92
wisheth 20 26 45
worship 4 8 9 10 12 15 16 19 20 23 26 27 28 29 35 37 40 41 42 44 45 46 49 50 51 53 55 60 64 65 68 69 71 72 74 77 78 79 80 81 82 83 84 85 88 89 90 91 92 94
wishes. 71
worshep 91
wishest 26
waltham 48
wishful 14 44 46 49 78 81
wadding 12 21 55 70 78 84 86
wavings 40 49
widower 12 16 19 21 31 36 37 39 41 43 49 55 56 71 77 78 79
widowed 12 28 40 41 44 51 55 77 78 85 94
whilest 45
widgeon 55
wettest 19 78
winegar 14
waddles 55
waddler 55
waddled 18 33 38 39 41 56 71
writing 1 2 3 4 5 6 7 8 9 10 11 12 13 14 15 16 17 18 19 20 21 22 23 24 25 26 27 28 29 30 31 32 33 34 35 36 37 38 39 40 41 42 43 44 45 46 47 48 49 50 51 52 53 54 55 56 57 58 59 60 61 63 64 65 66 67 68 69 70 71 72 73 74 75 76 77 78 79 80 81 82 83 84 85 86 87 88 89 90 91 92 93 94 95 96 97 98 99 100
writhed 6 9 10 12 13 18 21 23 30 32 40 44 46 51 68 69 71 72 74 78 84 85 90
writhes 12 50 65
worsted 9 10 12 14 19 20 31 39 40 44 52 55 68 69 71 78 79 88 94
welding 12 40
warship 48
wiley’s 52
wetting 10 12 37 39 41 44 55 61 69 71 73
winebin 55
winebig 55
weirdly 31
writeth 26 45
writers 7 12 15 21 26 28 37 39 40 41 44 45 46 48 49 51 53 65 73 74 77 78 79 80 81 82 83 85 89 90 92 95 96 97 98
wanted. 66
wrecker 81
wrecked 6 9 10 12 13 14 22 23 26 27 28 31 40 46 48 49 53 54 55 56 60 71 74 76 78 79 81 90 92
winecup 80
wanteth 26 45
wantest 26 40
whitlow 14
whelmed 40 84
welcker 65
warring 20 40 51 55 65 69 74 79 88 90
warrior 10 12 20 22 26 28 35 38 39 40 51 52 55 65 77 80 85
wellfed 55
welleth 26
welches 63
welcher 63
welchen 63
welchem 63
waggled 21 31
wound’s 40
wench’s 41
warison 9
whiting 3 12 20
whitish 10 12 28 31 33 37 40 46 48 53
worse’n 69
witched 5 69 70 72
witches 1 12 14 20 27 28 38 39 45 46 49 51 52 55 61 69 70 72 77 81 82 84 85 93 94
wellcut 55
welcome 1 3 4 6 7 8 9 10 11 12 13 14 15 16 18 19 20 21 22 24 26 27 28 29 31 32 34 35 37 38 39 40 41 42 43 44 45 46 47 48 49 51 53 54 55 56 57 58 60 61 62 65 66 67 68 69 70 71 72 73 74 75 76 77 78 79 80 83 84 85 88 90 92 93 94 96 98 100
wenturs 76
whelped 40
welling 20 28 39 51 56 65
windham 46 81
wickard 91
waggons 22 23 34 48 55 65 68 71 78 83 93
wachito 28
wracked 59
whuzzit 13
whuzzis 13
whuzzat 13
whitney 21
wilmore 79
winding 1 5 8 10 11 12 14 19 20 21 25 27 28 31 34 37 39 40 42 46 49 51 55 56 60 64 65 68 69 70 71 72 74 76 77 78 79 80 84 86 88 90 93 94 98 100
whitman 55 66
whuzyer 13
woundin 70
windsor 12 14 16 40 48 55 71 74 78 90
wounded 1 4 6 7 9 10 11 12 13 14 15 16 17 18 19 20 21 23 26 27 28 29 30 31 32 33 34 35 36 37 38 39 40 41 43 44 45 46 48 49 50 53 55 60 64 65 66 68 69 70 71 72 73 74 75 76 77 78 79 80 81 82 83 85 88 90 92 94 99
wounden 20
widow’d 65
widow’s 10 37 40 50 55 69 71 77 85
waseful 70
wenches 12 37 39 41 49 70 77 98
whitsun 55
wickets 12 55 94
weasels 73
window. 1 38
windows 1 4 5 6 8 9 10 11 12 13 14 15 16 17 18 19 21 23 25 26 27 28 29 30 31 32 33 34 37 38 39 40 41 42 43 44 46 47 48 49 50 51 52 53 54 55 56 57 59 61 64 66 67 68 69 70 71 72 73 74 76 77 78 79 81 82 83 84 85 86 87 90 91 92 93 94 98 100
wristed 18
walkers 46 55 71
walketh 26 45 81
walkest 26 27
welloff 55
wicking 53
windraw 55
war.136 65
witless 24 48 55
wofully 20 27 51 53 85
wickham 11
