wiliness 17 22 30 74 90
wuthered 5
wutherin 5
wylfings 20
wendings 26
willin’. 71
wheysour 55
wisshard 9
windowed 1 67
williams 9 10 19 49 55 69 70 73 84
wildsome 9
whoppers 55
whatwhat 55
wilcocks 73
wellborn 49
westerne 45
wielders 76
westerly 19 22 28 40 53 73 90
worsened 70
wieldeth 9 20
whirring 28 38 39 55
whatever 1 3 4 5 6 7 8 10 11 12 13 14 15 16 17 18 19 20 21 22 23 26 27 28 29 30 31 32 33 34 35 36 37 38 39 40 41 42 43 44 46 47 48 49 50 51 52 53 54 55 56 58 59 60 61 63 65 66 67 68 69 70 71 72 73 74 75 76 77 78 79 80 81 82 83 84 85 86 87 88 89 90 92 93 94 95 96 97 98 100
whatnots 39
whopping 68
woodbine 10 23 55 78 94
wellknit 55
westenra 46
winebark 55
westward 1 6 9 13 14 19 21 28 33 39 40 42 44 45 46 47 48 49 51 53 55 60 67 73 76 78 81 84
wielding 20 44 48 55 71 85
wantonly 10 11 12 26 28 31 39 40 41 44 49 74 76 77 81 88 90 92
window’s 14
whatness 55
wussians 39
wireless 55
welchman 81
wretch’s 14 43 48 65 68 72
wildboar 26
werewolf 12
warmness 5
windpipe 40 55 65 68 77 78
wirelike 23
whitings 79
wreaking 12 76 85
whnaholm 73
walden’s 55
warnings 10 12 13 14 15 21 23 27 34 35 40 41 43 46 49 54 56 59 68 70 76 77 78 94
wetherup 55
wreathes 78
wreathed 10 20 23 37 46 56 77 78 84 85
wilkes’s 53
willing. 71
wreckage 22 26 30 36 48 51 53 79
wretches 4 12 13 14 16 22 27 29 37 39 41 42 49 60 65 68 71 72 76 77 78 79 80 81 82 84 85 94 99
wretched 3 4 5 6 10 11 12 13 14 15 16 17 19 20 21 22 23 26 27 29 30 31 32 34 35 36 37 38 39 40 41 42 46 47 48 49 51 55 56 60 65 66 68 71 72 73 74 75 76 77 78 79 80 81 82 83 84 85 88 90 91 92 93 97 100
warbling 10 12 40 49 55 65 70 74 79 80 90
wecwuits 39
wreckers 55
wailings 10 27 30 34 40 52 68 69 80 85 93
warblers 12
woodshed 56 69
willis’s 23 75
wellsian 50
witching 52 55 69 90
written. 41
washings 49 61 81
wagabond 68
wiseacre 28
warpaint 55
windesan 9
wartiest 69
wrench’d 65
washroom 62
weddings 2 12 13 16 19 35 41 49 77 80
wedding. 38
warriors 9 12 17 20 22 26 27 35 38 39 40 42 49 55 65 71 73 77 80 81 91
weiteres 63
whithers 22
waddling 18 21 25 38 39 71 78
walables 68
walworth 14 46
washable 68
wardmaid 55
wrenched 4 6 10 12 13 14 23 30 34 39 40 46 48 60 68 70 72 74 78 90 94
wrenches 86
wincke’s 12
wilfings 20
wittiest 9 19 26
worldish 55
wavering 6 11 12 13 14 16 21 23 26 39 41 43 49 51 52 55 56 57 65 66 68 69 71 74 77 78 79 85 88 90 92 94 99
windfall 12 14 21 55 69
wolfeyes 55
walrus’s 33
witchery 10 18 39 40 51 55 80 92
wagner’s 23 26 37
wainscot 12 16 28 57 68 79
whomever 35 39 53 79 88
wilfully 9 10 11 14 16 26 44 49 68 72 76 78 81 88 93 97
walruses 40
weaklier 80
waller’s 40
weakling 10 22 26 40 41 72 92
widening 5 12 23 31 40 44 46 47 55 60 79 92
wringing 4 6 9 12 13 23 27 34 36 37 39 41 42 43 46 49 60 68 69 71 72 76 78 79 81 84 93
wav’ring 65
warrants 27 39 44 71 77 78 95
warranty 1 2 3 4 5 6 7 8 9 10 11 12 13 14 15 16 17 18 19 20 21 22 23 24 25 26 27 28 29 30 31 32 33 34 35 36 37 38 39 40 41 42 43 44 45 46 47 48 49 50 51 52 53 54 55 56 57 58 59 60 61 63 64 65 66 67 68 69 70 71 72 73 74 75 76 77 78 79 80 81 82 83 84 85 86 87 88 89 90 91 92 93 94 95 96 97 98 99 100
weceives 39
wilmot’s 77
whiplash 43 56
wisedome 45
waitress 51 55 78
weported 39
waxlight 79
winnowed 28 42 77
weedbeds 55
wholsome 45 97
whitbred 55
wintered 53 73
workings 10 12 23 27 35 39 41 49 76 80 88 99
wideness 73
wryheads 26
whittier 32 51 55
wherries 14 81
whipcord 21
whiplike 48
wisitors 14
warden’s 12 40
whispers 3 4 5 8 10 12 13 16 18 23 27 31 36 37 39 40 41 46 48 51 55 57 65 66 67 68 69 70 71 72 74 76 78 79 80 84 85 88 90 94
whittled 17 28 30 33 40
weaver’s 12 40 73
workroom 12 13
wallface 55
weaponed 20
wichtige 63
wellmade 55
workable 51
windings 10 11 12 26 27 33 49 65 72 74 78 79 84 88 90 97
whirling 4 6 10 12 13 14 16 18 21 22 26 27 33 37 39 40 41 46 47 48 51 55 58 61 65 66 68 69 70 71 76 77 78 84 88 94
workaday 55 78 94
worships 9 18 23 28 40 55 56 73 77 80 98 100
washbowl 51
wanting. 38
wigziell 71
wickeder 27 77
whizzing 26 27 28 31 39 65
wonderly 9
whene’er 65
wonderin 5 30 46 71
wonderer 19
wondered 1 3 4 5 6 7 8 9 10 11 13 14 16 17 18 19 21 22 23 26 27 28 29 30 31 33 36 37 38 39 40 41 42 43 44 46 47 49 51 52 54 55 56 57 58 59 60 61 63 66 67 68 69 70 71 72 73 76 77 78 79 82 83 84 85 88 89 94 97 99 100
wardered 20
wildcats 70
wrecking 22 47 77
wither’d 65
woodcuts 39 71 77
wellused 55
wearer’s 14 28 76
wargrave 46
waggling 55
woman150 22
wickedly 15 20 22 26 27 29 46 49 60 72 76 78 83 88 94
willains 40
whitaker 46
writer’s 19 22 27 49 54 55 76 80 84 85
wopsle’s 14
wakening 10 23 41 54 55 56
wisiting 14 78
woodcock 21 40
weekdays 13 41 54 56
workshop 12 28 37 38 39 41 47 49 55 68 71 74 76 77 79 90 96
woodless 90
withered 4 8 10 12 13 14 17 22 23 26 27 28 29 31 35 37 38 39 40 41 46 47 49 50 51 52 54 55 67 68 69 71 72 73 74 76 77 78 79 80 82 84 85 88 89 90 92 93 100
whimpers 33 55 78
wastrels 55
walter’s 67
woodland 5 10 13 22 23 27 28 40 52 55 56 65 66 78
wayfarer 12 22 34 55 68 71 76 80
withdrew 1 4 5 7 9 10 11 12 14 18 19 26 27 28 31 34 37 39 40 41 42 43 44 46 47 48 49 54 55 56 59 65 66 68 71 72 73 74 76 77 78 79 83 84 85 88 90 93 94
wedgwood 81
withdraw 6 9 10 12 15 17 18 21 22 26 27 28 33 37 39 40 41 43 44 46 49 53 55 56 59 62 64 65 66 68 71 72 73 77 78 79 80 85 88 89 93 94 97
wallowed 9 12 13 21 40 51 60 70 88
wheezing 40 42 78 93
winedark 55
wheezest 26
walloped 9 50
winnow’d 65
wheezeth 26
weston’s 16
woefully 5 29 38 46 52
workbags 16
woolsack 14 71 78
winglike 55
winter’s 10 12 24 29 38 40 51 55 56 65 66 71 72
wirklich 63
wingless 51 67
weeklies 55
weltered 9 20
walpoles 55
winnings 14 68 77
whooping 13 14 17 27 28 33 40 55 68 69 70 71 75
whelming 60 65
wolfling 33
wildfire 55 60
wolflike 30 33
writhing 1 3 10 12 13 17 18 20 21 22 26 27 30 33 34 37 39 40 41 43 46 47 48 49 51 55 56 57 66 68 71 72 74 77 79 84 85 90
weather. 38
weathers 5 20 28 32 40 42 55 76 78
withhold 4 9 14 15 17 19 34 40 45 49 51 64 65 71 72 74 77 78 79 83 89 90 98
whrrwhee 55
whimseys 85
wresting 23 45 49 71 97
wander’d 65
writheth 26
wandered 1 3 4 5 6 10 11 12 13 17 18 19 20 21 22 23 24 26 27 28 29 30 31 33 34 35 37 38 39 40 41 42 43 44 47 48 49 51 52 54 55 56 60 66 67 68 69 71 72 73 74 76 77 78 79 84 85 88 89 90 94 97 100
wanderer 1 10 12 13 14 22 24 26 27 28 31 34 38 40 41 51 55 64 65 71 74 76 77 85 88 90 92
wanderin 5 70
whetting 46 49
whimsies 49 60
where’ve 13 67
where’er 24 40 41 42 65 77
wrestled 10 13 22 27 28 30 31 35 41 56 81 84 93 94
wrestler 5 12 49 77 79 80 92
wrestles 14 49
wickham. 11
wrestlin 51
where’ll 69
warships 48
waveless 28 71
wavelets 18
wronging 12 41 51 77 78 80 85 88
widowers 12 41
wollsome 72
wrongest 77
wildwood 51 55 69
wrongful 9
watchful 4 5 10 11 13 14 17 19 24 30 32 35 39 43 48 49 52 55 57 65 69 71 73 74 76 77 78 79 84 85 89 90
wormkind 20
windlass 40 81
watching 1 3 4 5 6 8 9 10 11 12 13 14 16 17 18 19 20 21 22 23 25 27 28 29 30 31 32 33 34 35 37 38 39 40 41 42 43 44 46 47 48 49 50 51 52 55 56 57 58 59 60 61 64 66 67 68 69 70 71 72 73 74 76 77 78 79 80 81 82 84 85 89 90 92 94 97 100
weohstan 20
warnedst 26
wederish 20
whiten’d 65
weedless 47 55
watchman 12 13 14 20 22 24 26 32 33 40 41 46 55 68 69 70 71 76 78 79 80 83 94 100
watchmen 6 12 13 26 28 40 64 76 78 83
winthrop 85
willedst 88
wemmicks 14
water.53 22
weakened 6 7 11 12 13 16 19 20 22 35 37 39 40 42 44 45 46 49 54 55 65 68 69 71 73 74 76 77 78 79 80 81 84 88 89 90 94 99
wrangler 22
wrangled 30
weakning 45
withheld 10 11 12 14 15 30 32 42 43 44 48 49 55 60 65 68 69 71 76 77 79 84 85 89
whitehot 55
weighted 13 21 26 42 46 55 57 83
wildfowl 30 51 77
whiteley 50
weakness 1 4 5 6 7 10 11 12 13 14 15 16 17 19 21 23 24 25 26 27 28 29 30 31 33 36 37 39 40 41 42 44 46 47 48 49 51 54 55 56 60 65 67 68 69 71 72 73 74 75 76 77 78 79 80 82 84 85 86 88 89 90 92 93 94 97 99
watchdog 12 39 52 72
watchett 47
watcheth 26
watchers 6 12 23 26 34 46 48 55 67 68 70 71 84
would’st 40 65
woodfall 97
weighing 7 10 12 14 16 20 21 26 27 28 33 34 37 39 40 41 42 43 45 46 49 53 55 57 67 71 72 78 79 80 84 85 88 100
wailedst 26
wristlet 55
woodwork 12 23 34 39 41 46 51 55
windsail 71
wordings 86
whitcomb 99
warhorse 37 49
wideopen 55
woodwind 55
wilson’s 21 27 56 67 84 85
winzerus 97
wenching 55 80
wishings 60
womanish 5 27 37 39 41 55 88
wearying 13 16 30 41 49 71 72 74 77 78 79 90 92
whishing 21
warwhoop 69 70
wizzards 81
wahsatch 34
weigheth 26 88
weepings 80
weighers 85
weekends 67
weazened 18 30 51 78
wellnigh 9 55 69 80 85
washeton 91
wallichu 53
weeniest 58
wildeyed 69
woodness 9
wobbling 48
wifeless 9 55
wheatley 51 55
worsteds 27
witnesse 45
watson’s 11 32 34 43
waxworks 55
wolzogen 20 39
wildered 24 72
worsting 55
withowte 53
walker’s 51 55
wastcoat 83
woollens 83
wenowach 55
whinnied 5 46
whinnies 5
wobblers 55
welshman 69
wildness 12 14 19 27 28 29 30 40 49 65 68 69 71 72 74 76 80 81 85 88 90 92
waggoner 38 48 55 68 78
whippers 12 14 32 39 68
whisketh 26
whiskers 3 6 10 12 13 14 21 27 29 31 33 34 37 39 40 41 43 55 56 60 61 68 69 70 71 72 78 79 84 94 100
wellread 55
wallises 16
watering 5 11 12 16 22 27 30 36 39 41 53 55 59 68 71 72 75 78 79 80 81 100
whaleman 40
waterjug 55
whalemen 40
whiskies 42
whisking 26 33 52 55 78 94
worrying 12 13 21 22 27 30 31 35 37 39 41 48 50 56 61 69 71 72 77 78 94
whippins 27
whipping 4 12 13 27 30 32 39 40 41 42 44 49 50 54 55 56 57 69 72 73 76 77 82 85
wheelmen 55
waterloo 12 14 21 28 34 37 43 46 48 55 56 78 79 95
waterman 14 71
watermen 14 49 81
wureld’s 71
weymouth 16 19
wheeling 6 10 13 14 27 33 39 40 41 46 49 51 55 65 71 72 77 78 83 91 92
werter’s 74
wallachs 46
whacking 27 44 55
windmill 14 27 49 55 71 76 77 78 84 94 100
whistlin 5
whistles 12 13 17 21 22 27 28 34 41 46 50 55 67 78 83 94
whistler 50 55 70
whistled 5 6 8 10 12 14 17 20 21 22 27 33 34 37 38 39 40 41 42 44 46 48 51 55 56 57 59 68 69 71 72 76 78 79
wistaria 66 79
welcomes 1 39 55 66 79 80 94
welcomer 78
welcomed 6 7 9 10 11 12 13 14 16 18 19 20 21 22 27 28 29 35 38 39 41 42 44 51 54 56 65 71 72 74 77 78 79 84 85 90 94
westland 42 55
wagoners 12
waterest 88
windward 6 40 53 60 73 79
waltzers 84
wishcard 55
wrathful 20 26 37 39 41 65 71 77 78 94
waiter’s 12 55 71
whoredom 55
whatcher 13
whenever 1 2 3 4 5 6 7 8 9 10 11 12 13 14 15 16 17 18 19 20 21 22 23 24 25 26 27 28 29 30 31 32 33 34 35 36 37 38 39 40 41 42 43 44 45 46 47 48 49 50 51 52 53 54 55 56 57 58 59 60 61 63 64 65 66 67 68 69 70 71 72 73 74 75 76 77 78 79 80 81 82 83 84 85 86 87 88 89 90 91 92 93 94 95 96 97 98 99 100
wollumes 71
wealthes 45
wentland 9
weirdest 43
wouldn’t 3 4 5 6 10 12 13 14 18 21 23 25 27 29 30 31 33 34 35 36 37 39 40 41 42 43 48 50 51 54 55 56 59 66 67 68 69 71 72 75 76 77 79 84 100
wardrobe 4 5 10 12 17 21 23 27 28 39 40 42 43 44 46 49 55 61 65 68 69 70 71 72 78 94
whate’er 24 49 65 77
wouldest 9 37 45 49 88
whoreson 55 77
waltzing 42 55 78
westbury 21
wavingly 40
waterway 31 46 55 86
wickberg 20
worthful 55
whitened 6 12 22 23 40 47 48 49 51 55 69 70 71 72 78 79 81
whokilla 55
worthies 16 27 28 68 77 79 85 92
worthier 10 14 26 28 39 41 66 68 71 76 77 78 85
worthing 75
wrappers 4 10 13 26 27 37 41 44 49 54 55 76 78 94
wrappeth 26
worthily 20 28 30 39 44 49 77 78 79 98
wealth’s 73
woolfolk 32
whitwell 19
wriggles 13 39 40 41 44 55
wriggled 17 21 26 30 33 39 44 48 55 94
weasel’s 72
wrapping 3 10 12 13 18 27 28 37 39 40 41 44 46 57 60 67 68 70 72 74 79 90 94
worthy’s 68
wahrheit 63
whitewax 55
woundest 88
wasteful 6 21 27 38 48 49 51 65 67 69 71 78
wounded. 71
wagramme 12
wardance 55
wondrous 9 10 18 20 22 27 29 35 38 40 44 45 46 49 55 64 65 72 74 77 79 85 88 90 98
windless 43
writings 7 10 12 15 21 26 28 34 37 45 49 60 63 65 71 73 74 77 78 80 82 83 88 89 90 91 92 95 96
writing. 66
werner’s 55
wounding 11 14 16 19 26 40 45 49 53 60 65 71 77 79 98 99
wheedled 39 78 94
wheedler 94
wigmaker 12
widder’s 27 69
wegiment 39
weetamoo 99
wagtails 12
wiggling 35 61
wormwood 4 10 27 28 39 55 85
wordless 40 56 64
wardship 20 49
woodpile 56 70
woolwork 39
weariest 40 77
wearieth 26
wholeman 46
woodyard 70
westaway 21
wrinkles 5 12 13 14 21 22 33 35 37 39 40 41 42 46 49 55 57 61 66 71 72 78 79 80 85 94
wrinkled 5 12 13 21 23 27 28 30 32 33 34 37 39 40 41 42 43 44 46 51 55 56 61 65 68 71 74 77 78 79 80 82 85 90 94
wariness 55 60
wolsey’s 55
wandring 45
woolwich 48 74 78 90
wolseley 55
worrited 50 71 78
wadstrom 81
wherever 1 3 4 5 6 8 10 11 12 13 14 16 18 19 20 21 22 23 26 27 28 29 30 34 35 37 38 39 40 41 44 46 48 49 51 53 55 56 57 60 61 63 65 67 68 69 70 71 72 73 74 76 77 78 79 80 81 82 83 84 85 86 88 89 90 92 93 94 95 96 97 100
wright’s 56
wandreth 45
