y’s 39
yai 33
yah 14 71 72 76
yak 55
yaw 6 40 83
ye. 10
yde 53
ydo 53
yea 4 9 22 26 32 37 40 45 49 51 55 64 67 77 80 81 85 88 92 98 99
yee 45
yeo 71
yep 30
yes 1 3 4 5 6 8 9 10 11 12 13 14 16 17 18 19 21 22 23 26 27 28 29 31 32 33 34 35 36 37 38 39 40 41 42 43 44 46 47 48 49 50 51 53 54 55 56 57 58 59 60 61 62 63 65 66 67 68 69 70 71 72 74 75 76 77 78 79 80 81 82 83 84 85 87 90 91 92 93 94 95 98 99 100
yer 3 13 27 46 48 50 55 68 69 70 72 91 94
yet 1 2 3 4 5 6 7 8 9 10 11 12 13 14 15 16 17 18 19 20 21 22 23 24 25 26 27 28 29 30 31 32 33 34 35 36 37 38 39 40 41 42 43 44 45 46 47 48 49 50 51 52 53 54 55 56 57 58 59 60 61 62 63 64 65 66 67 68 69 70 71 72 73 74 75 76 77 78 79 80 81 82 83 84 85 87 88 89 90 91 92 93 94 95 96 97 98 99 100
yew 10 12 19 43 46 65 68 69 71 75 77 79 80
yit 70 78
yka 39
yko 39
yna 39
yom 55
yon 40 49 51 53 55 62 65 66 71 72 74 77 84 90 92 98
you 1 2 3 4 5 6 7 8 9 10 11 12 13 14 15 16 17 18 19 20 21 22 23 24 25 26 27 28 29 30 31 32 33 34 35 36 37 38 39 40 41 42 43 44 45 46 47 48 49 50 51 52 53 54 55 56 57 58 59 60 61 62 63 64 65 66 67 68 69 70 71 72 73 74 75 76 77 78 79 80 81 82 83 84 85 86 87 88 89 90 91 92 93 94 95 96 97 98 99 100
yow 70
yrb 63
yra 13
yrs 55
ysk 39
yue 53
yui 53
yum 55
yup 55
yus 39 46
