ya’s 39
ye’d 27
ye’r 27
yaas 10
yair 18
yaha 76
yaka 42
yams 81
yale 40 51 55 66 67 83
yank 39 58 59
yard 1 3 4 6 8 9 10 12 13 14 17 18 19 21 22 23 26 27 28 30 31 32 33 34 37 38 39 40 41 43 44 46 48 49 51 52 53 54 55 56 57 58 60 61 66 67 68 69 70 71 72 73 74 75 76 77 78 79 81 83 84 90 93 94 98
yaps 55
yarn 6 13 14 22 27 40 53 55 56 60 70 71 78 94
yave 28
yawp 55
yawl 31 69 70
yawn 11 12 14 17 21 26 27 30 34 37 39 49 55 66 68 69 70 72 78 79 80 93 94
ydio 53
ydue 53
year 1 2 3 4 5 6 7 8 9 10 11 12 13 14 15 16 17 18 19 20 21 22 23 24 26 27 28 29 30 31 32 33 34 35 36 37 38 39 40 41 42 43 44 45 46 47 48 49 50 51 53 54 55 56 57 58 59 60 61 62 64 65 66 67 68 69 70 71 72 73 74 75 76 77 78 79 80 81 82 83 84 85 87 88 89 90 91 92 93 94 97 98 99 100
yeas 92
yeah 39 67 72
yeer 45
yedo 66 73
yede 9
yefs 91
yelp 3 10 26 27 28 30 33 39 58 69
yell 6 10 12 13 14 17 21 26 27 31 33 39 40 41 43 44 46 48 55 60 68 69 70 71 72 77 78 84
yens 66
yerd 55 70
yes. 14 21 31 34 71 77 79 80
yess 91
yers 70
yet. 38 71
yeux 18 39 49
yeto 66
yews 46 55
yilo 55
yldo 20
ylov 39
ynge 53
yoak 72
yode 9
yoga 35
yoke 4 7 8 10 12 22 26 27 32 33 40 45 46 49 51 55 64 65 68 77 80 81 88 89 96 97
yojo 40
yon. 71
yoky 98
yook 55
yoni 55
yond 10
yone 66
yong 91
yost 52
you. 1 10 12 14 21 22 31 37 38 41 44 47 56 71 72 74 77 79 80
yore 12 14 17 20 27 28 40 47 52 55 56 65 71 76 77 78
york 4 5 9 11 12 13 15 16 18 20 27 28 32 34 39 40 41 43 46 47 51 52 53 55 60 62 63 64 66 67 81 82 83 84 85 89 91 94 95
your 1 2 3 4 5 6 7 8 9 10 11 12 13 14 15 16 17 18 19 20 21 22 23 24 25 26 27 28 29 30 31 32 33 34 35 36 37 38 39 40 41 42 43 44 45 46 47 48 49 50 51 52 53 54 55 56 57 58 59 60 61 62 63 64 65 66 67 68 69 70 71 72 73 74 75 76 77 78 79 80 81 82 83 84 85 86 87 88 89 90 91 92 93 94 95 96 97 98 99 100
yous 42 55 91
youn 91
youd 55
yotl 23
yski 39
ysov 39
yuki 66
yule 9 53
yung 55
yust 13
yvon 12
yvoy 49
yxte 53
y.’s 55
