2.1 63
2.2 45 63
2.3 63
2.4 45 63
2.5 45
2.7 45
2.9 45
200 12 19 21 43 53 55 60 65 70 79 80 89 91 92 97
201 6 49 53 65 83 92 97
202 53 65 92 97
203 27 49 53 65 92 97
204 20 53 65 83 85 92 97
205 28 53 65 79 81 92 97
206 49 53 65 79 92 97
207 6 53 65 92 97
208 13 20 49 53 65 92 97
209 29 53 65 92 97
210 20 53 55 65 92 97
211 22 53 63 65 85 92 97
212 53 55 65 85 92 97
213 15 22 53 65 85 92 97
214 15 53 65 92 97
215 15 30 53 65 80 82 84 92 97
216 7 49 53 65 80 81 92 97
217 22 39 53 55 65 83 85 92 97
218 22 53 65 92 97
219 31 53 65 92
20k 77
220 21 49 53 65 92 97
221 12 53 55 65 84 92 97
222 20 53 65 92 97
223 22 53 63 65 85 92 97
224 20 53 65 83 92 97
225 49 53 65 92 97
226 21 46 53 65 92 97
227 53 65 92 97
228 53 65 92 97
229 53 65 92 97
21a 53
21k 77
230 53 65 84 92 97
231 53 65 85 92 97
232 53 65 92 97
233 15 22 49 53 65 92 97
234 53 65 92 97
235 53 65 92 97
236 22 33 49 53 65 92 97
237 49 53 65 85 92 97
238 49 53 65 92 97
239 53 65 92 97
22d 12 28 49 81
22k 77
240 15 49 53 65 84 92 97
241 53 65 83 92 97
242 22 53 55 65 89 92 97
243 53 65 92 97
244 34 49 53 65 91 92
245 53 65 85 92
246 53 65 83 89 92
247 49 53 65 89 92
248 49 53 65 66 92
249 20 21 49 53 65 85 92
23a 53
23d 28 49 81
23k 77
23l 71
250 12 21 49 53 55 65 79 92
251 22 53 65 92
252 7 53 65 89 92
253 49 53 65 83 85 92
254 22 49 53 65 92
255 22 49 53 65 92
256 22 53 65 92
257 53 65 79 85 92
258 53 65 92
259 22 53 65 92
24k 77
260 13 22 26 53 55 65 92
261 13 22 49 53 65 92
262 53 65 66 85 92
263 53 65 92
264 53 65 85 92
265 53 65 92
266 15 53 55 65 92
267 46 49 53 65 92
268 53 65 92
269 53 65 92
25b 53
27. 80
25l 83
270 21 53 65 92
271 53 63 65 92
272 49 53 65 84 92
273 22 53 65 83 92
274 53 65 83 92
275 49 53 65 92
276 53 65 92
277 22 53 65 85 92
278 53 65 83 92
279 46 49 53 55 65 92
26a 53
26l 77
280 20 53 65 92
281 53 65 92
282 49 53 65 92
283 15 49 53 65 92
284 53 65 92
285 13 53 65 92
286 53 65 92
287 53 65 79 85 92
288 22 53 65 85 92
289 7 22 49 53 65 83 85 92
27a 50
27k 77
290 20 53 65 91 92
291 49 53 65 85 92
292 22 53 65 92
293 22 53 65 83 92
294 46 49 53 65 92
295 53 65 92
296 13 22 53 65 66 83 92
297 7 53 65
298 53 65
299 22 53 55 65
28k 77
29b 53
29i 63
29k 77
2em 63
2nd 21 36 40 55 60 66 73 80
2pt 63
2to 98
