3.0 3
3.1 45 63
3.2 45 63 99
3.3 63
3.4 63
3.5 63
3.6 99
300 4 12 13 53 55 60 65 70 79 80 83 85
301 53 73
302 49 53 85
303 49 53
304 49 53 65
305 20 53
306 20 49 53 85
307 7 53 63
308 7 53 83
309 53
310 53
311 49 53 65 85
312 53 65
313 46 53
314 49 53
315 53 65 85
316 49 53
317 49 53 65
318 15 53 83
319 53
30k 77
320 49 53 85
321 53
322 20 53
323 49 53 65
324 53
325 53
326 22 53
327 22 49 53 83 98
328 53 83
329 53
31k 77
330 53 73 83
331 49 53 83
332 53
333 22 53
334 53
335 53 65 83
336 53 65 83
337 22 53
338 53 65
339 53 65
32k 77
32l 81
340 15 22 49 53 65 66 79 83
341 22 53
342 53
343 53 83
344 22 53
345 46 53
346 49 53
347 46 53
348 53
349 22 53
33k 77
350 20 22 53 63 65 73
351 22 53 65
352 53
353 20 22 53
354 49 53
355 20 22 53
356 22 53
357 22 53
358 15 49 53 65
359 53
34k 77
360 53 65
361 7 53
34o 83
362 49 53
363 53
364 45 53
365 22 53 66 80 83
366 53 83
367 53
368 53
369 27 53 63 65
35k 77
370 27 53
371 53
372 49 53
373 53
374 53 55 65
375 53
376 53
377 53
378 53
379 53 63
36a 53
36k 77
380 53 86
381 49 53 80
382 26 49 53 63
383 12 49 53 65
384 49 53 98
385 53
386 20 53 55 65
387 20 49 53 65
388 53
389 53
37k 77
390 15 49 53
391 53
392 49 53
393 12 53 65
394 12 53 63
395 49 53
396 49 53 55
397 49 53
398 53 80
399 53 65
38b 53
38k 77
39k 77
3cm 62
3pt 63
3rd 7 21 39 44 55 60 66 79 80 82 83
