362k 77
365k 77
34th 98
37.5 99
370k 77
371k 77
372k 77
373k 77
374k 77
375k 77
376k 77
35th 45
38.5 99
381k 77
3825 50
36th 45
389k 77
391k 77
395k 77
3992 8
399k 77
39th 33
3.04 63
3.03 63
3.02 63
3.01 63
3.00 67
3.15 55
3.14 45 63
3.13 45 63
3.12 28 63
3.11 63
3.10 45
3.05 63
3.26 63
3.25 63
3.24 63
3.23 63
3.22 63
3.21 45 63
3.20 45
3.19 45
3.18 45
3.16 45
3.36 45
3.34 63
3.33 55 63
3.32 63
3.31 63
3.42 63
3.41 63
3.93 45
3.90 28
30.4 99
3000 8 55
3006 20
300k 77
301k 77
3045 20
3066 20
3063 20
3072 55
307k 77
308k 77
31.3 45
31.9 45
3110 63
3107 63
3102 63
3120 63
3118 20
3117 63
3114 20
314k 77
3162 20
316k 77
318k 77
319k 77
3207 45
320k 77
322k 77
30pt 62
324k 77
325k 77
326k 77
30th 4 7 12 49 60 66 79 81
327k 77
3296 88
329k 77
3304 8
330k 77
331k 77
332k 77
333k 77
334k 77
3362 63
31st 7 28 60 66 74 79 90
336k 77
339k 77
34.9 45
3400 81
341k 77
342k 77
3452 8
344k 77
345k 77
348k 77
349k 77
351k 77
352k 77
33rd 67
3580 63
357k 77
358k 77
3600 49
360k 77
361k 77
