4. 21
40 6 11 12 15 17 20 21 22 39 40 44 45 46 49 53 55 60 63 64 65 66 71 79 83 91 92 97 98
41 6 11 12 20 22 26 40 45 49 52 53 64 65 71 79 81 83 92 97 98
42 11 12 20 22 24 28 40 45 49 53 55 63 64 65 71 79 81 82 83 92 97 98
43 7 11 12 15 20 22 26 40 45 49 51 53 54 55 63 64 65 71 79 82 83 92 97 98 100
44 11 12 20 22 40 45 49 53 63 64 65 71 73 79 83 92 97 98
45 11 12 15 20 22 24 28 40 45 46 49 53 55 56 63 64 65 71 73 79 82 83 91 92 97 98
46 11 12 20 22 24 28 34 40 45 46 49 53 55 63 64 65 71 73 79 83 92 93 97 98
47 11 12 13 20 22 24 28 37 40 45 49 53 55 63 64 65 71 79 80 82 83 92 97 98
48 6 11 12 20 22 24 40 45 49 53 55 63 64 65 71 77 79 80 82 83 92 97 98
49 11 12 20 22 28 40 49 53 55 63 64 65 71 79 80 83 85 92 97 98
4d 55
4s 71 81
4x 39
