4.1 45 63
4.2 45 63
4.3 63
4.4 63
4.5 63
4.7 45
400 12 40 44 45 49 53 79 80 83 91
401 53 88
402 49 53
403 49 53
404 49 53
405 49 53 79
406 53
407 53
408 22 51 53 65
409 53 79
410 53
411 12 53 65 80
412 22 53
413 51 53
414 49 53
415 49 53
416 22 53
417 49 53
418 53
419 53
40a 53
40k 77
420 20 53
421 20 21 22 53
422 53
423 53
424 15 53
425 22 49 53
426 22 53 81
427 53 65
428 53
429 53
41a 53
41k 77
430 12 53 55
431 53
432 53 55
433 53
434 49 53
435 53 80
436 53 65 80
437 53 65
438 53
439 53
42k 77
440 12 20 40 53
441 49 53
442 53
443 53
444 20 49 53
445 22 53
446 22 53
447 20 53 83
448 53
449 49 53
43k 77
450 12 53 65 73 79
451 20 53
452 49 53
43p 63
453 53 65
454 53
455 53 73
456 53 80
457 20 53
458 20 22 53
459 49 53
44k 77
460 53
461 49 53
462 49 53 55
463 53 65
464 53
465 22 53
466 49 53
467 49 53 63
468 53
469 53
45b 53
470 53
471 53
472 53
473 22 49 53
474 49 53
475 49 53
476 49 53 81
477 53
478 53 65
479 53 65
46b 53
46k 77
480 53 65
481 53 63
482 49 53
483 53
484 53
485 49 53
486 20 49 53 65
487 53 65
488 63
489 66
47a 53
47k 77
490 22 49 65
493 49 65
495 22
496 15 65
499 49
48k 77
49k 77
4ex 62
4pt 63
4th 12 15 21 22 28 34 39 40 49 55 60 66 73 79 81
4to 65 98
