4.00 28
4.01 63
4.02 63
4.03 63
4.04 63
4.05 63
4.11 45 63
4.12 63
4.14 45
4.15 45
4.16 45
4.06 63
4.21 45 63
4.22 45 63
4.23 63
4.24 63
4.25 63
4.26 63
4.27 63
4.17 45
4.31 63
4.28 63
4.42 63
4.43 63
4.44 63
4.45 63
4.46 55 63
4.41 45 63
4.53 63
4.50 28
4.51 63
4.52 63
4000 21 49
400k 77
415k 77
417k 77
420k 77
426k 77
43.2 99
4300 55
433k 77
4363 92
439k 77
448k 77
4517 57
452k 77
454a 73
454b 73
4557 24 33 34 49 52 53 57 58 63 71 77 78 81 82 83 86 87 88 89 90 91 92 94 95 96 97 98 99
4700 21
45th 12
4900 80
4980 58
47th 46
4tos 98
