42324 90
42671 11
42884 53
43453 91
46.10 99
4.062 63
4.063 63
4.061 63
4.064 63
4.041 63
4.031 63
4.032 63
4.022 63
4.023 63
4.021 63
4.026 63
4.027 63
4.024 63
4.025 63
4.011 63
4.012 63
4.015 63
4.016 63
4.013 63
4.014 63
4.001 63
4.002 63
4.003 63
4.121 63
4.122 63
4.125 63
4.126 63
4.123 63
4.124 63
4.127 63
4.128 63
4.111 63
4.114 63
4.115 63
4.112 63
4.113 63
4.116 63
4.242 63
4.243 63
4.241 63
4.0pt 63
4.221 63
4.211 63
4.441 63
4.442 63
4.431 63
4.411 63
4.462 63
4.463 63
4.461 63
4.466 63
4.464 63
4.465 63
4.5ex 63
48.14 45
4thly 60
40.13 45
