5.1 63
5.2 63
5.3 45 63
5.4 45 63
5.5 45 63
5.6 63
5.7 45
5.8 63
500 12 13 15 22 40 41 44 45 46 49 50 51 53 55 77 79 80 83 91 97
501 1 2 3 4 5 6 7 8 9 10 11 12 13 14 15 16 17 18 19 20 21 22 23 24 25 26 27 28 29 30 31 32 33 34 35 36 37 38 39 40 41 42 43 44 45 46 47 48 49 50 51 52 53 54 55 56 57 58 59 60 61 63 64 65 66 67 68 69 70 71 72 73 74 75 76 77 78 79 80 81 82 83 84 85 86 87 88 89 90 91 92 93 94 95 96 97 98 99 100
502 22
503 49
504 49
506 49
510 65
511 49
514 73 94
519 20
50a 53
50l 81
521 22 49 60
522 65
527 65
528 49 65
529 12 22 49
51a 53
51b 53
531 65
532 53
533 22 53
534 22 53
535 22
536 53
539 53
52b 53
540 53
543 12
546 73
53a 53
53b 53
53d 12
53k 77
550 40
553 15
554 20
555 65
556 65
558 15
559 65
54b 53
54k 77
560 98
567 22 63
568 63
55k 77
574 20
576 49
578 20
579 49
56k 77
580 49
581 22
582 22 53 83
587 22
588 22
589 49
57c 55
57e 42
57k 77
596 1 2 3 4 5 6 7 8 9 10 11 12 13 14 15 16 17 18 19 20 21 22 23 24 25 26 27 28 29 30 31 32 33 34 35 36 37 38 39 40 41 42 43 44 45 46 47 48 49 50 51 52 53 54 55 56 57 58 59 60 61 63 64 65 66 67 68 69 70 71 72 73 74 75 76 77 78 79 80 81 82 83 84 85 86 87 88 89 90 91 92 93 94 95 96 97 98 99 100
598 22
599 49
58k 77
5pt 63
5th 7 10 12 28 40 66 67 73 74 79 89 90
