6.1 63
6.2 63
6.3 45 63
6.4 45 63
6.5 45 63
6.6 45 99
6.7 99
6.8 99
600 13 44 45 79 91
601 12
604 22
606 15 22
611 49
615 49
617 49
60b 53
60k 77
621 22
623 65
624 22
61k 77
630 49 65
632 15
634 53
636 49
638 15
639 65
62o 6
641 49
642 49 98
643 49
644 65
645 49
646 49 55 65 78
647 49
63a 53
63b 53
650 53
651 53
653 49
656 15 53
657 49
658 49
659 53
660 65
666 39 49 63
669 65
65a 53 92
65b 53
65k 77
670 49 65
671 39
673 65
674 49
675 65
66b 53
682 49
684 49
686 49
687 65
67k 77
693 49
694 49
696 98
698 80
68k 77
69k 77
6em 62
6pt 63
6th 12 26 28 39 44 55 60 66 73 81
