70 6 12 15 20 22 28 39 40 45 46 49 53 55 63 64 65 79 83 92 97 98
71 20 22 24 40 49 53 63 64 65 79 83 84 92 97 98
72 20 22 24 40 49 53 55 63 64 65 79 83 92 97 98
73 20 22 27 40 49 53 63 64 65 79 81 83 92 97 98
74 20 22 27 40 49 53 63 64 65 69 79 82 83 92 97 98
75 20 22 26 28 40 49 53 63 64 65 79 80 83 86 92 97 98
76 6 20 22 40 49 53 63 64 65 70 79 82 83 92 94 95 97 98
77 20 21 22 40 49 53 55 63 64 65 79 83 92 97 98
78 20 22 40 49 53 55 63 64 65 79 80 81 82 83 85 92 97 98
79 20 22 40 49 53 55 63 64 65 79 83 92 97 98
7s 55
