a1 55
a4 63
aa 12
ab 39 49 63 70 79 97 98
ac 12 34 49 53 55 62 97 98
ad 7 10 12 18 20 22 27 28 39 41 45 46 49 53 55 60 63 65 68 77 80 88 89 92 94 95 97 98
ae 62
af 83 95
ag 20 83
ah 1 3 4 6 9 10 11 12 13 14 16 17 18 19 20 21 23 24 26 27 28 29 30 31 32 33 34 35 36 37 38 39 40 41 42 43 44 46 49 50 51 54 55 56 59 61 65 66 67 68 69 70 71 72 74 75 76 77 78 79 81 82 83 84 85 90 92 93 94 98 100
ai 13 33 53
ak 6 7 8 9 22 24 27 29 30 33 34 39 48 49 52 53 55 56 57 58 63 64 66 70 71 77 78 81 82 83 84 86 87 88 89 90 91 92 94 95 96 97 98 99
al 7 12 15 16 22 23 39 41 45 46 49 50 53 55 65 68 74 76 77 79
am 1 2 3 4 5 6 7 8 9 10 11 12 13 14 15 16 17 18 19 20 21 22 23 24 25 26 27 28 29 31 32 33 34 35 36 37 38 39 40 41 42 43 44 45 46 47 48 49 50 51 52 53 54 55 56 57 58 59 60 61 62 63 64 65 66 67 68 69 70 71 72 73 74 75 76 77 78 79 80 81 82 83 84 85 87 88 89 90 91 92 93 94 95 97 98 99 100
an 1 2 3 4 5 6 7 8 9 10 11 12 13 14 15 16 17 18 19 20 21 22 23 24 25 26 27 28 29 30 31 32 33 34 35 36 37 38 39 40 41 42 43 44 45 46 47 48 49 50 51 52 53 54 55 56 57 58 59 60 61 62 63 64 65 66 67 68 69 70 71 72 73 74 75 76 77 78 79 80 81 82 83 84 85 86 87 88 89 90 91 92 93 94 95 96 97 98 99 100
ao 12 53
ap 49 50 53 63 78
aq 55 83
ar 27 39 44 53 55 65 71 77 79 80 83 86
as 1 2 3 4 5 6 7 8 9 10 11 12 13 14 15 16 17 18 19 20 21 22 23 24 25 26 27 28 29 30 31 32 33 34 35 36 37 38 39 40 41 42 43 44 45 46 47 48 49 50 51 52 53 54 55 56 57 58 59 60 61 62 63 64 65 66 67 68 69 70 71 72 73 74 75 76 77 78 79 80 81 82 83 84 85 86 87 88 89 90 91 92 93 94 95 96 97 98 99 100
at 1 2 3 4 5 6 7 8 9 10 11 12 13 14 15 16 17 18 19 20 21 22 23 24 25 26 27 28 29 30 31 32 33 34 35 36 37 38 39 40 41 42 43 44 45 46 47 48 49 50 51 52 53 54 55 56 57 58 59 60 61 62 63 64 65 66 67 68 69 70 71 72 73 74 75 76 77 78 79 80 81 82 83 84 85 86 87 88 89 90 91 92 93 94 95 96 97 98 99 100
au 10 12 18 23 27 38 39 43 44 49 53 55 66 79 84 94
aw 20 27 45 53 55 69 72 79
ax 5 6 18 39 41 64 69 70 83
ay 1 10 14 17 19 21 26 27 28 32 33 40 42 46 49 52 53 54 55 60 64 68 71 72 74 76 77 79 82 83 85 90 98 99
az 39 91
