a’s 39
a.d 1 10 20 37 40 47 53 55
a.e 55
a.m 9 10 13 14 44 50 55 62 67 79 94
a.p 42
a.s 40 94
aaa 33
aah 33 39
abb 12 39 79 82 83
aba 53
abd 12
abc 39
abe 6 55
abh 63
abi 12
abr 39
abt 78
abs 20 28
abu 42 55
aca 53
ace 6 39 41 55 76 77 79 82
ach 37 41 94
aco 53
act 1 3 4 5 6 7 10 11 12 13 14 15 16 17 18 19 20 21 22 23 26 27 28 29 31 32 33 34 35 36 37 38 39 40 41 42 43 44 45 46 48 49 50 51 52 53 54 55 56 57 58 59 60 61 64 65 66 67 68 69 70 71 72 73 74 75 76 77 78 79 80 81 82 83 84 85 86 88 89 90 91 92 93 94 95 96 97 100
ada 3 42 53 66 78
add 1 4 6 7 10 11 12 13 14 16 18 19 21 22 23 27 28 29 32 33 34 35 37 38 39 40 41 43 44 45 46 48 49 50 51 53 54 55 56 57 59 60 61 62 65 66 68 70 71 72 73 74 76 77 78 79 80 81 82 83 85 86 88 89 90 91 92 93 94 97 99
ade 10 12 23 39 47 48 53 59 66 67
adj 9 20
adi 53
ado 4 9 10 13 21 26 28 31 38 40 43 44 49 52 53 55 60 68 72 73 77 78 80 84 97 99
adr 39
ads 55
adv 9 20 62 65
aen 65
aes 49
aer 49
aft 6 22 31 32 40 46 56 70 73 78 83
aga 12 77 82
age 1 2 3 4 5 6 7 8 9 10 11 12 13 14 15 16 17 18 19 20 21 22 23 24 26 27 28 29 31 32 33 34 35 36 37 38 39 40 41 42 43 44 45 46 47 48 49 50 51 53 54 55 56 57 58 59 60 61 62 65 66 67 68 69 70 71 72 73 74 75 76 77 78 79 80 81 82 83 84 85 87 88 89 90 92 93 94 95 96 97 98 100
ago 1 2 3 4 5 6 7 8 9 10 11 12 13 14 15 16 17 18 19 20 21 22 23 26 27 28 29 31 32 33 34 35 36 37 38 39 40 41 42 43 44 46 47 48 49 50 51 53 54 55 56 57 58 59 60 61 62 65 66 67 68 69 70 71 72 73 74 75 76 77 78 79 80 82 83 84 85 87 88 89 90 91 92 93 94 95 96 100
agn 12
agr 53
agu 53
aha 13 14 17 26 31 33 36 37 38 41 46 50 55 66 68 69 71 72 76 77 78 79 85
ahh 44
aho 55
ahr 72
aht 48
ahs 94
aie 37 41
aid 1 4 6 7 9 10 11 12 13 14 16 17 19 20 21 22 23 27 28 29 30 32 34 37 38 39 40 41 42 43 44 45 46 49 51 53 55 56 57 63 65 67 68 69 71 72 73 74 76 77 78 79 80 83 84 85 88 89 90 92 94 98
aim 4 6 7 8 10 12 14 15 19 20 22 23 26 28 31 32 34 35 37 38 39 40 41 42 44 48 49 51 55 59 60 65 68 71 72 73 74 75 77 78 79 80 82 83 85 88 89 90 92 94 95 96
ail 28 72 73 85 99
aio 49 53
ain 12 46 53 57 70 78 94
ais 12 18 37 39 55 79
air 1 3 4 5 6 7 8 10 11 12 13 14 16 17 18 19 20 21 22 23 24 25 26 27 28 29 30 31 32 33 34 35 36 37 38 39 40 41 42 43 44 45 46 47 48 49 50 51 52 53 54 55 56 57 58 59 60 61 64 65 66 67 68 69 70 71 72 73 74 75 76 77 78 79 80 81 82 83 84 85 86 88 89 90 92 93 94 95 96 98 100
ait 12 49 55
aix 12 79 83
aka 4
akh 39
am. 14 41 71
alb 40
ala 53
alc 18 77
alf 17 27 55
ale 6 14 20 24 25 38 40 42 53 55 67 68 71 72 73 76 78 79 83 85 100
alg 12 63
ali 33 49 53 55 79 93
all 1 2 3 4 5 6 7 8 9 10 11 12 13 14 15 16 17 18 19 20 21 22 23 24 25 26 27 28 29 30 31 32 33 34 35 36 37 38 39 40 41 42 43 44 45 46 47 48 49 50 51 52 53 54 55 56 57 58 59 60 61 62 63 64 65 66 67 68 69 70 71 72 73 74 75 76 77 78 79 80 81 82 83 84 85 86 87 88 89 90 91 92 93 94 95 96 97 98 99 100
alp 39
alo 53 55 79
alt 45 53
als 49 63
ama 53 55
ame 53 92
ami 10 12 18 37 39 53 55 92
amo 53
amp 55
ams 63
amy 4 10 35 42 69 94
ana 49 53 77
and 1 2 3 4 5 6 7 8 9 10 11 12 13 14 15 16 17 18 19 20 21 22 23 24 25 26 27 28 29 30 31 32 33 34 35 36 37 38 39 40 41 42 43 44 45 46 47 48 49 50 51 52 53 54 55 56 57 58 59 60 61 62 63 64 65 66 67 68 69 70 71 72 73 74 75 76 77 78 79 80 81 82 83 84 85 86 87 88 89 90 91 92 93 94 95 96 97 98 99 100
anc 20
anf 39 63
anh 63
ang 12 53
ani 44 53 55
ann 3 5 10 44 55 56 70 81 85 97
ano 53
ant 12 13 26 28 37 38 39 40 41 47 48 49 53 55 61 65 66 69 73 77 79 83 84 94
ans 12 55 79
any 1 2 3 4 5 6 7 8 9 10 11 12 13 14 15 16 17 18 19 20 21 22 23 24 25 26 27 28 29 30 31 32 33 34 35 36 37 38 39 40 41 42 43 44 45 46 47 48 49 50 51 52 53 54 55 56 57 58 59 60 61 62 63 64 65 66 67 68 69 70 71 72 73 74 75 76 77 78 79 80 81 82 83 84 85 86 87 88 89 90 91 92 93 94 95 96 97 98 99 100
aoy 49
apa 53
ape 10 26 33 34 39 40 41 47 49 53 54 55 71 72 77 78 85 89 92 98
apo 65
apr 39 41
apt 2 4 10 11 12 13 15 16 18 21 22 23 26 27 28 29 30 32 33 37 39 40 44 45 46 49 52 55 56 58 60 65 66 68 71 72 73 74 77 78 79 80 81 83 85 88 89 90 94 95 97
aps 70
aqi 53
aqu 28
arb 39 63
ara 66
ard 46 78
arc 12 21 28 39 40 42 55 59 67 72
arf 46
are 1 2 3 4 5 6 7 8 9 10 11 12 13 14 15 16 17 18 19 20 21 22 23 24 25 26 27 28 29 30 31 32 33 34 35 36 37 38 39 40 41 42 43 44 45 46 47 48 49 50 51 52 53 54 55 56 57 58 59 60 61 62 63 64 65 66 67 68 69 70 71 72 73 74 75 76 77 78 79 80 81 82 83 84 85 86 87 88 89 90 91 92 93 94 95 96 97 98 99 100
arj 53
at. 41 71
ark 10 13 14 26 32 33 37 40 45 46 51 55 70 71 78 91 94
arn 72
arm 1 3 4 5 6 7 8 9 10 11 12 13 14 16 17 18 19 20 21 22 23 24 26 27 28 29 30 31 32 33 34 35 36 37 38 39 40 41 42 43 44 46 47 48 49 51 52 53 54 55 56 57 59 60 61 62 65 66 67 68 69 70 71 72 73 74 75 76 77 78 79 80 81 82 83 84 85 89 90 92 93 94 95 98 100
aro 53
art 1 2 5 6 7 9 10 11 12 13 14 15 16 17 18 19 20 21 22 23 24 26 27 28 29 30 32 33 34 35 36 37 38 39 40 41 43 44 45 46 47 49 50 51 53 55 56 57 60 61 63 64 65 66 67 68 69 70 71 72 73 74 76 77 78 79 80 81 82 83 84 85 86 88 89 90 91 92 94 97 98 100
ars 7 49 55
arx 63
ary 27 63
asa 40 49 67
ase 20
ash 6 10 12 13 19 20 21 22 28 34 37 38 39 40 41 43 46 48 51 55 56 57 65 67 70 72 77 78
ask 1 2 3 4 5 6 7 8 9 10 11 12 13 14 15 16 17 18 19 20 21 22 23 25 26 27 28 29 30 31 32 33 34 35 36 37 38 39 40 41 42 43 44 45 46 47 48 49 50 51 52 53 54 55 56 57 58 59 60 61 62 63 64 65 66 67 68 69 70 71 72 73 74 75 76 77 78 79 80 81 82 83 84 85 86 88 89 90 91 92 93 94 95 96 97 98 99 100
aso 53
asp 10 12
ass 6 12 14 15 17 23 26 28 31 32 37 38 39 40 41 49 50 54 55 68 69 70 71 72 74 77 78 90 91 92 93 98 99
ast 49 53 70
ata 20 53
ate 3 5 6 8 9 10 11 12 13 14 16 18 19 20 21 22 23 26 27 28 30 32 33 34 35 37 38 39 40 41 42 44 46 48 49 50 51 52 53 55 56 57 58 59 60 61 65 66 67 68 69 71 72 73 74 76 77 78 79 80 81 82 83 84 85 90 93 94 95 99
ati 53
ato 53
atr 49 82 84
att 39 80 98
aua 53
aub 12
aue 53
aud 46
aug 12 49 83
auf 63
aui 53
aum 55
aul 49
aus 37 51 63
aut 49
aux 12 39 49 55 79
ave 12 31 37 46 49 53 55 59 60 77 92
avi 79
avn 53
avo 49
avr 79
awe 4 8 10 11 12 13 14 16 17 18 23 26 27 28 30 34 35 37 39 40 41 45 46 49 51 52 53 55 56 60 64 65 68 69 71 72 73 74 76 77 78 79 80 81 84 85 88 90 92 94 96 100
awk 9
awl 1 12 39 55 73 77
awn 72
awy 50
axe 1 6 9 10 12 14 22 25 26 27 28 30 31 32 35 37 38 40 43 46 49 54 55 60 61 65 67 70 71 76 78 81 84 85 93 100
axi 53
aye 1 5 6 10 11 16 19 20 26 28 39 40 49 51 64 68 69 71 77 78 80 84 92 94
ayd 45 53
aym 45
ayo 53
ayn 8
ayr 45
