a.’s 71
ah’s 44
aaah 50
aany 91
aatu 49
abbe 49 92
abba 53 55
abac 53
abat 83
abas 65
aber 51 63
abel 12 14 20 40 83 97
abed 4 5 9 40 46 71 76 78 93 94
abet 14 26 28 51 71 73 97
abia 53
abit 49 71
abis 49
ably 32 49 81
able 1 2 3 4 5 6 7 8 9 10 11 12 13 14 15 16 17 18 19 20 21 22 23 25 26 27 28 29 30 31 32 33 34 35 36 37 38 39 40 41 42 43 44 45 46 47 48 49 50 51 53 54 55 56 57 58 59 60 61 62 63 65 67 68 69 70 71 72 73 74 75 76 77 78 79 80 81 82 83 84 85 86 87 88 89 90 91 92 93 94 95 96 97 98 99 100
abou 79
abru 53
abra 49 53
abut 12 26 46
acad 41 49 79
acce 53
an’s 51
an’t 14 16 19 27 42 68 71
acer 49
aces 12 79
acid 4 12 13 14 21 23 28 39 48 49 55 79 82 84 86 94
acie 49
acia 53
ache 3 5 6 10 14 18 22 24 27 29 35 37 39 40 41 49 51 55 56 57 58 64 66 69 70 71 72 73 77 78 93 94
acha 53
acio 53
acin 53
acme 18 39 44 51 55 74 90
acky 55
acqi 53
acos 68
acri 49
acre 6 12 13 15 16 22 27 28 39 40 49 50 51 53 55 60 67 70 73 77 78 79 84 97 98 100
acra 53
acts 1 4 7 9 10 12 14 15 18 19 20 21 23 25 26 27 28 30 35 37 39 40 41 42 43 44 45 46 48 49 50 51 53 54 55 65 66 68 70 71 72 73 74 75 77 78 79 80 81 82 83 84 85 86 88 89 90 92 94 95 96 97 98
actu 49
acui 53
acta 49
acti 53
acte 12
acus 28 65
adam 12 15 28 39 40 41 42 44 45 53 55 56 65 70 74 76 77 81 82 83 88 90 97 98
adag 49
adas 78
adar 53
addo 45
adde 45 49
adds 7 9 10 11 12 15 20 21 25 28 29 37 40 41 44 49 50 53 55 65 77 78 79 80 81 83 84 92 97 98
adeo 49 97
aden 49 53
adel 12
ades 12 55 66 98
adlo 53
ador 53 55
adri 53
adze 22 60
aeon 23
aere 49 92
aera 65
aevi 49
afar 9 10 12 13 14 18 20 24 26 27 28 31 35 37 38 39 40 41 46 49 51 55 56 64 65 66 71 76 77 78 79 84 85 88 91 94 99
affy 6
afer 81
afro 13 51
afsd 78
afra 81
agag 45 99
agat 49
agas 49
agar 45
agan 53
agde 12
age. 72
ar’s 27
agen 5 14 49 50 71
aged 1 2 3 4 5 6 7 8 9 10 11 12 13 14 15 16 17 18 19 20 21 22 23 24 25 26 27 28 29 30 31 32 33 34 35 36 37 38 39 40 41 42 43 44 45 46 47 48 49 50 51 52 53 54 55 56 57 58 59 60 61 63 64 65 66 67 68 69 70 71 72 73 74 75 76 77 78 79 80 81 82 83 84 85 86 87 88 89 90 91 92 93 94 95 96 97 98 99 100
ages 4 5 7 8 10 12 13 15 16 18 19 20 22 23 26 27 28 30 31 32 37 39 40 41 42 44 45 46 47 48 49 51 52 55 56 60 61 65 68 69 71 72 73 74 76 77 78 79 80 81 82 83 84 85 88 89 90 92 93 94 96 97 98 100
agio 53
agin 4 6 18 27 34 46 51 68 69 70 71 76 78
agit 12 49 92 97
agis 49
agli 53
agni 35
agoe 45
agog 49 55
ago. 38 71
agna 49
agri 28 49
agra 21
agui 53
ague 1 6 14 23 32 39 40 45 46 49 60 68 71 72 73 77 78 79 81 84
agus 55
agur 45
ahaz 40 97
ahai 33
ahab 10 40 45
ahae 33
ahaa 33
aham 55
ahem 3 27 33 49 50 55 71 75 94 100
ahoo 33
ahoy 6 14 17 40 55
aian 53
aide 12 39 44
aids 10 12 14 16 28 44 46 49 55 56 65 76 77 78 80 83 84 89
at’s 10
ails 5 9 12 18 22 27 28 38 40 54 55 69 72 77 78 79 85 88 98
aile 12 53
aint 18 27 40 55 94
aims 6 7 10 12 18 20 23 26 28 34 37 39 41 45 49 51 55 56 57 64 65 71 76 77 78 79 80 84 85 89 92 95 96 98
aime 39 45 49
air. 16 71
airy 6 14 16 25 27 28 34 39 48 49 51 56 65 68 70 71 73 74 76 78 79 80 85 90 94 98
airs 1 3 6 10 11 12 16 22 27 28 32 34 36 39 41 42 46 49 51 55 56 68 70 71 74 76 77 78 79 80 84 90 92 94 100
airt 46
aise 39
aire 10 45 65
aits 78
aisy 94
aisn 49
ajax 12 22 49 50 55 65 78 79 80 81
ajar 4 5 10 12 14 16 18 21 27 31 36 37 40 41 44 46 51 52 55 67 72 76 78 79
al34 12
ajon 53
akin 4 9 10 12 13 21 27 28 30 35 37 39 40 41 46 48 49 55 66 68 72 74 76 77 79 80 84 85 90 92 95
akim 41
alba 7 12 49 55 79
albs 55
albo 53
albi 49
alas 1 2 3 4 9 10 11 12 13 15 16 17 21 22 26 27 28 29 32 34 35 36 37 38 40 41 42 44 46 49 50 51 54 55 56 58 60 61 65 66 68 70 71 72 74 75 76 77 78 79 80 81 82 83 84 85 88 90 92 93 94 98 100
alan 6 23
aldo 7 53
alcm 49
ale. 38 71
alec 55
alee 94
alex 39 65 67
ales 49
alen 12
algy 55 75
ali. 79
all. 22 37 38 41 47 71
alii 12 49
alia 49
alix 12
alit 49
alio 49
allo 7
alli 39 53
alle 53 55 63 65 79
alla 7 12 49 53 79
alma 12 37 55
ally 6 7 10 12 14 17 21 22 29 33 34 39 43 49 55 65 72 73 76 77 78 79 80 89 96
alls 4 42 69
almo 79
alms 2 8 9 12 13 26 28 35 37 38 39 40 41 42 49 51 53 55 64 71 72 77 79 80 82 88 96
alps 12 40 44 49 56 71 73 74 79 90 94
alph 63
alos 65
aloo 48
aloe 12 27 71
alpa 26
alow 6 40 71
alqu 53
alto 28 49 53
alti 53
alui 53
also 1 2 3 4 5 6 7 8 9 10 11 12 13 14 15 16 17 18 19 20 21 22 23 24 25 26 27 28 29 30 31 32 33 34 35 36 37 38 39 40 41 42 43 44 45 46 47 48 49 50 51 52 53 54 55 56 57 58 59 60 61 62 63 64 65 66 67 68 69 70 71 72 73 74 75 76 77 78 79 80 81 82 83 84 85 86 87 88 89 90 91 92 93 94 95 96 97 98 99 100
alte 39 49 53 63
alta 12 53
aluo 53
alum 12
alva 49 77
aluz 70
alza 53
ambe 53
amaz 20 70
amay 53
amau 53
ambo 65
amat 49
aman 53
amby 55
amer 53
amet 53
ames 49 56
amen 4 5 6 8 9 10 12 14 15 26 27 34 39 40 42 45 46 50 51 54 55 56 66 67 68 69 70 71 77 78 79 85 88 91 94 98
amel 53
amie 10 18 39 94
amid 1 5 7 10 11 12 13 16 18 20 21 22 27 28 29 30 32 36 37 38 39 40 41 42 43 44 46 47 48 49 51 53 55 56 65 66 67 68 69 71 72 74 77 78 79 80 84 85 88 90 92 94
amir 33
amni 49
ammo 49
amor 12 16 49 55 97 98
amok 28 55
amoy 21 49
amos 13 45 99
amus 83
anal 55
anak 40
anda 53
ands 46
ando 53
andr 12 39 42 49 52 53 55
ance 53 55
anct 53
anco 49
aney 91
andy 27 55 70
anew 4 11 12 13 14 18 19 20 23 26 28 29 32 35 37 39 40 41 42 44 45 46 47 49 54 57 59 65 68 72 74 76 77 78 80 84 85 90 92 97
angi 49
ange 10 12
angl 12
anim 49 55
anke 35
anno 40 41 53 55 76 80
anni 49 94
anne 7 11 12 14 16 19 23 36 39 49 55 56 65 71 73 78 81 91
anna 16 32 33 37 39 41 55 59 76 83
anny 53 68
anon 1 9 10 17 20 22 26 27 28 40 43 44 49 51 52 55 67 68 72 74 76 77 78 80 84 85 88 90 94 98
anse 79
ants 5 13 23 28 31 33 35 38 39 40 45 48 49 55 65 69 73 94
anto 45 53
anti 4 15 26 27 32 39 40 49 51 53 65 68 76 79 82 89 92
ante 11 12 27 28 38 49 53 68 76 77 84 97
anta 53
answ 55
anus 40 44 53 73
any. 41
anzi 49 53
apar 53
apco 53
apex 12 28 30 39 40 48 55 78 79 84
aped 4 17 49
apes 13 23 26 33 35 39 49 55 77 92
aper 49 53
apia 53
apit 53
apin 53
appa 33
appy 71
apol 80
apoc 45
apri 49
apre 49 53
apra 53
apto 53
apti 49
apud 49
apse 12
apta 49
apul 65
aqua 34 45 49 55 79 83 85
aque 28 49 53
arat 21
aras 77
aram 49 55
aran 42 55
arab 12 34 39 55 70 74 77 79 90
arcs 35
arde 49
are. 38 71 79 80
arch 1 3 5 6 10 11 12 14 16 17 20 23 26 28 29 31 34 35 39 40 41 42 43 47 48 49 51 55 56 57 65 68 71 72 73 74 76 77 78 79 81 82 83 84 85 90 91 94 98
area 12 13 15 21 27 28 35 39 40 42 46 47 48 49 53 55 59 62 65 67 68 71 72 76 78 84 85 86
ards 55 70
ares 80
aren 57 58 62 94
argy 46
argo 22 40
arie 53
arid 10 12 14 26 31 34 40 49 55 57 72 77 79
aria 18 26 39 53 55
aris 49 80
arli 53
arle 53
arkh 39
arke 45 91
arks 55 71
arm. 38
arne 53 65
arnt 27
arno 7 79
arme 45 53
arma 49 79 97
army 7 9 11 12 13 15 18 19 20 21 28 33 34 37 38 39 40 41 44 45 46 48 49 51 53 55 56 59 60 61 65 67 69 70 72 73 75 76 77 78 79 80 82 83 84 85 86 88 92 94 96 97 99
arms 1 2 3 4 5 6 7 8 9 10 12 13 14 15 16 17 18 19 20 21 22 23 24 25 26 27 28 29 30 31 32 33 34 35 36 37 38 39 40 41 42 43 44 45 46 47 48 49 50 51 52 53 54 55 56 57 59 60 61 64 65 66 67 68 69 70 71 72 73 74 75 76 77 78 79 80 81 82 83 84 85 86 88 90 91 92 93 94 96 97 98 99 100
arri 41
art. 71
arre 33
arrh 33
arti 7
arte 7 49 53
arua 53
arty 56
arts 1 7 10 11 12 14 22 23 26 27 28 29 34 38 39 40 42 45 48 49 51 55 56 57 61 65 66 68 71 73 74 76 77 78 79 80 81 82 83 84 88 89 90 92 94 97 98 100
arsk 46
arsh 71
arse 9 44 55
arve 74 90
arun 55
arva 49
asay 53
asch 39
asht 73
asho 70
asia 7 9 12 15 22 28 33 37 39 40 41 45 46 48 49 51 55 65 74 77 79 80 82 90 92 94 97
ashy 5 14 26 31 46 48 65 68 71 76 78 85
asio 53
ask. 38
asin 53
aske 45
asks 4 7 8 10 12 13 14 16 17 18 20 21 22 25 26 27 28 29 32 37 38 39 41 42 46 47 49 51 53 55 65 68 70 71 74 76 77 78 79 80 84 86 88 90 92 94 95
asni 12
aspa 49
asps 1
astr 65
asse 45 98
assu 53
ater 49
athy 55
atop 7 14 48 55 76 94
atom 3 5 10 12 23 31 33 39 40 42 49 55 63 71 72 77 78 79 84 92 93 94
aton 77
atre 79
atra 49
atto 65
atty 55
atum 20
auan 53
aube 12
auct 49
aude 49
auch 12 63
aufl 63
auff 63
aufh 63
augu 53
aufz 63
auge 63
auld 32 71
aula 49
auks 55
aunt 4 10 11 12 13 14 16 18 19 21 23 27 31 32 37 39 40 41 42 44 49 50 51 55 56 57 61 62 67 68 69 70 71 72 74 75 77 78 79 90 94
aure 12
aura 10 49 54 65
auro 49 77
auto 40 41 49 67 82 86 91 92
aute 49
ausa 49
auss 63
avau 49
avar 46
avan 53
avez 39
aves 12 49
aver 55 57 80
avea 55
avec 12 39 41 49 55
avis 55
avin 46
avid 31 55
avno 53
avow 9 10 12 41 44 45 49 55 71 73 74 76 78 79 90 92
avon 55
away 1 2 3 4 5 6 7 8 9 10 11 12 13 14 15 16 17 18 19 20 21 22 23 24 25 26 27 28 29 30 31 32 33 34 35 36 37 38 39 40 41 42 43 44 45 46 47 48 49 50 51 52 53 54 55 56 57 58 59 60 61 62 63 64 65 66 67 68 69 70 71 72 73 74 75 76 77 78 79 80 81 82 83 84 85 86 87 88 89 90 91 92 93 94 95 96 97 98 99 100
awes 16
awed 7 10 11 13 15 17 22 28 30 31 39 40 45 46 49 51 55 56 65 67 68 69 78 79 84
awls 40
awke 9
awry 10 12 37 39 40 47 49 55 70 71 76 78 82 85
axe. 37
axes 3 6 12 17 22 28 37 39 49 55 60 65 71 73 76 79 81 83 84
axed 5
axis 3 40 49 53 60 80 86
axio 53
axle 12 49 55 65 73
axon 91
ayam 53
ayah 5
ayde 45 53
ayez 18
ayes 55
aynt 53
ayme 45 49
ayre 45 98
azad 28
azor 39
azof 29 82
azur 98
azzo 79
