azore 40
azote 77 84
aquae 49
aquas 49
aquam 49 55 98
aquis 49
aquin 55
aquit 79
aztec 55
aim’d 65
aided 4 10 12 14 20 21 31 34 39 43 44 46 50 51 53 55 65 66 72 74 77 78 79 80 83 84 85 88 89 90 97
aides 39 40 69 94
azubu 53
ain’t 1 4 6 12 13 14 18 23 27 30 34 40 48 50 56 66 67 68 69 71 76
azure 9 10 12 21 26 28 40 49 55 65 70 77 79 84
aiery 45
aihai 33
arare 49
arase 9
arbor 4 12 27 41 48 49 79 94
arber 53
arm’s 14 18 21 27 29 39 40 55 56 65 67 68 71 72 73 76
arm’d 40 49 65
arbal 12
arago 12 84
araby 9 12 42 67 77
arabs 12 28 34 53 55 56 66 77 79
arach 53
aigle 12
are60 22
arcto 49
arcte 49
ardri 55
ardor 1 4 12 13 18 20 27 28 32 39 41 51 53 69 79 84 94
arden 23 55
ardet 49
arca. 34
arbre 12
arn’t 27
arces 49
arche 12
archo 49 53
archi 12 53
archy 40
arcis 12
aille 12
ailly 12
ailed 10 12 18 28 38 44 77 85
areas 26 35 42 51 55 68 86
arebe 53
areca 53
areda 66
aiken 91
arete 22
arene 65
arena 14 49 53 55 56 79 80 92 96
arent 55
ainel 53
ainsi 12
argal 55
argel 77
aimed 6 11 12 16 19 22 32 37 38 39 40 41 44 48 49 51 53 55 60 65 68 70 71 72 73 74 77 78 79 82 84 85 89 90 95 96
argue 3 7 10 12 13 14 17 19 20 21 22 23 27 34 35 37 39 40 41 43 45 46 47 48 49 51 55 56 57 60 67 69 70 71 72 73 74 75 77 78 80 84 85 86 89 90 94 95 97 98
argus 12 14 22 55 77 78
argos 12 22 49 55 65 80
argot 12 23
argon 48
argol 55
arime 65
aries 9 40 55 83
art’s 23 55 85
arias 53 77
arian 49
ariel 10 78 79
arise 1 2 3 4 5 6 7 8 9 10 11 12 13 14 15 16 17 18 19 20 21 22 23 24 25 26 27 28 29 30 31 32 33 34 35 36 37 38 39 40 41 42 43 44 45 46 47 48 49 50 51 52 53 54 55 56 57 58 59 60 61 63 64 65 66 67 68 69 70 71 72 73 74 75 76 77 78 79 80 81 82 83 84 85 86 87 88 89 90 91 92 93 94 95 96 97 98 99 100
arist 39 49 80
arith 55
ariua 53
arius 49 55
arina 41
arion 40
airth 27 40
arles 12 49 79 83
airly 46
armed 1 6 7 9 12 13 15 17 21 22 24 27 28 30 31 32 34 37 39 40 42 43 44 45 46 47 48 49 51 52 53 55 57 60 61 65 69 70 71 73 74 76 77 78 79 80 81 82 83 85 88 89 90 94 96 97
arlao 53
aired 16 17 26 55 56 67 68 71 73
arnot 81
arnon 45
aiunt 49
aroca 53
armor 5 12 13 20 40 41 45 51 53 70 79 85 94
armos 49
arms. 38 77
armis 49
armes 45
aisle 1 10 13 21 40 47 51 55 56 69 71
aisne 12
arnay 12
aitia 45
aitch 55
army. 79
arose 4 6 7 8 9 10 11 12 13 14 16 17 18 19 20 26 27 28 30 31 32 34 35 37 38 39 40 41 42 44 45 46 48 49 51 52 53 55 56 58 60 61 65 66 67 68 69 71 72 73 74 76 77 78 79 80 81 83 84 88 90 93 94 95 96 98
aroun 70
aiuto 53
arono 53
arona 44 49
aroon 55
aroma 6 39 40 42 55 79
arpad 46
arrum 3
arrow 3 5 6 7 8 9 10 14 16 17 20 22 23 24 26 28 30 31 33 34 35 37 38 39 40 41 43 46 49 53 60 64 65 68 69 70 71 73 74 77 78 79 85 90 92
arroy 9
arson 9 37 39 55 79
arsed 44
arses 44
arria 49
arriv 28 83
arran 55
arrah 40 55
array 1 2 3 4 5 6 7 8 9 10 11 12 13 14 15 16 17 18 19 20 21 22 23 24 25 26 27 28 29 30 31 32 33 34 35 36 37 38 39 40 41 42 43 44 45 46 47 48 49 50 51 52 53 54 55 56 57 58 59 60 61 63 64 65 66 67 68 69 70 71 72 73 74 75 76 77 78 79 80 81 82 83 84 85 86 87 88 89 90 91 92 93 94 95 96 97 98 99 100
arras 12 49 77 82 98
artus 49 77
artis 49
aaarh 33
arten 63
artel 7
artem 49
arter 14 27 40 46 68 70 71 78
artes 49
arval 55
arvis 49
aryan 53 92
al’us 27
arzia 53
ajaja 53
ask’d 65
ascii 1 2 3 4 5 6 7 8 9 10 11 12 13 14 15 16 17 18 19 20 21 22 23 24 25 26 27 28 29 30 31 32 33 34 35 36 37 38 39 40 41 42 43 44 45 46 47 48 49 50 51 52 53 54 55 56 57 58 59 60 61 63 64 65 66 67 68 69 70 71 72 73 74 75 76 77 78 79 80 81 82 83 84 85 86 87 88 89 90 91 92 93 94 95 96 97 98 99 100
asaph 83
asemo 53
ascot 55
aaron 45 55 91
ajong 53
aside 1 4 5 6 7 8 9 10 11 12 13 14 15 16 17 18 19 20 21 22 23 26 27 28 30 31 32 33 34 35 36 37 38 39 40 41 42 43 44 45 46 47 48 49 50 51 52 53 54 55 56 57 59 60 65 66 67 68 69 71 72 73 74 75 76 77 78 79 80 82 83 84 85 88 89 90 91 92 93 94 98
asian 10 33 65
asius 65
asile 39
asine 53
asino 7
ashen 6 13 20 21 22 38 42 46 48 55 65 67
ashes 1 4 6 10 12 14 15 18 20 21 22 23 26 27 28 34 37 38 39 40 41 43 46 47 48 49 51 53 54 55 60 64 65 66 67 68 69 70 71 72 73 74 76 77 78 79 80 81 82 84 85 88 89 90 92 94 97 98 99
ass’s 55 73 77
asham 83
askin 5 27
asked 1 3 4 5 6 7 8 9 10 11 12 13 14 15 16 17 18 19 20 21 22 23 25 26 27 28 29 30 31 32 33 34 35 36 37 38 39 40 41 42 43 44 45 46 47 48 49 50 51 53 54 55 56 57 58 59 60 61 63 64 65 66 67 68 69 70 71 72 73 74 75 76 77 78 79 80 81 82 83 84 85 88 89 90 91 92 93 94 95 97 99 100
askew 12 31 37 47 55 56 77 82 85 94
asks. 38
asort 91
ajuta 53
ajuto 53
asper 49
aspen 22 39 41 42 46
abajo 77
abaft 40 46 55
abaga 53
abaht 72
abaca 53
aback 5 6 9 12 13 14 17 30 32 37 39 40 41 42 43 46 49 50 55 71 75 76 77 78 84 94
assur 83
assum 83
astor 4 12 28
astir 4 10 14 17 18 21 27 29 31 39 40 44 55 71 72 76 78
abare 82
aster 94
abart 48
abash 13 26 69
abase 49 68 71 79 88 94
abaso 53
abate 4 7 9 10 12 39 40 44 45 49 60 65 73 76 77 79 80 83 85 89 97
abato 53
asses 6 12 14 15 26 38 40 41 45 49 53 55 72 73 77 78 80 92
assez 10 37 39
asset 37 50 79
assai 53
assaf 79
assay 9 49 53 81
abbey 9 12 14 16 46 48 55 56 71 74 78 83 84 90 94
astre 12
abbas 55 65
abbot 10 12 42 49 55 73 77 79
abest 49
abets 56 71
abels 93
abdol 44
abear 14 71 78
abeat 49
abeam 6 40
akbar 89
abire 49
abion 65
abhor 10 12 15 16 19 32 43 49 60 73 74 77 80 88 90 97
abiit 49
abili 53
abihu 45
abiah 83
abide 1 2 3 4 5 6 7 8 9 10 11 12 13 14 15 16 17 18 19 20 21 22 23 24 25 26 27 28 29 30 31 32 33 34 35 36 37 38 39 40 41 42 43 44 45 46 47 48 49 50 51 52 53 54 55 56 57 58 59 60 61 63 64 65 66 67 68 69 70 71 72 73 74 75 76 77 78 79 80 81 82 83 84 85 86 87 88 89 90 91 92 93 94 95 96 97 98 99 100
akela 33
abler 1 4 45 71 80 88 97
abner 45 70
atala 12 27
ataxy 55
ataca 53
akiwa 66
aboad 45
abode 1 9 10 11 12 14 16 18 19 20 21 22 26 27 28 35 38 40 41 43 44 45 49 52 53 55 60 65 66 68 71 72 73 74 76 77 78 79 80 85 88 90 93 99
about 1 2 3 4 5 6 7 8 9 10 11 12 13 14 15 16 17 18 19 20 21 22 23 24 25 26 27 28 29 30 31 32 33 34 35 36 37 38 39 40 41 42 43 44 45 46 47 48 49 50 51 52 53 54 55 56 57 58 59 60 61 62 63 64 65 66 67 68 69 70 71 72 73 74 75 76 77 78 79 80 81 82 83 84 85 86 87 88 89 90 91 92 93 94 95 96 97 98 99 100
above 1 2 3 4 5 6 7 8 9 10 11 12 13 14 15 16 17 18 19 20 21 22 23 26 27 28 29 30 31 32 33 34 35 36 37 38 39 40 41 42 43 44 45 46 47 48 49 50 51 52 53 54 55 56 57 59 60 61 62 63 64 65 66 67 68 69 70 71 72 73 74 75 76 77 78 79 80 81 82 83 84 85 86 87 88 89 90 91 92 93 94 95 96 97 98 99 100
abowt 53
aboue 53
aboon 10 46
aboot 46 78
aboil 17
abreu 53
abram 55 70 83 91
athos 41 49 55 65
ather 53
absit 49 55 77
abuse 4 10 11 12 15 18 19 21 22 26 27 28 32 37 39 41 42 45 49 51 68 69 70 71 72 76 77 79 80 81 82 83 85 88 89 92 94 98 99
abuts 12 28 68
atlas 22 27 28 46 49 53 55 65 73 79 82 94
atmic 55
abyss 4 8 10 12 13 14 20 26 27 29 36 37 39 41 46 49 65 67 68 71 72 74 76 77 78 79 81 82 84 85 88 90 92 93
atman 35
atore 53
atoms 10 12 23 28 39 41 46 47 49 55 71 72 78 79 84 93 95
atone 8 10 11 18 19 20 21 23 26 37 39 41 43 65 74 78 79 80 81 90 92 94
atrot 55
atque 49 55 97 98
atri. 49
atrae 98
atten 55
attic 10 12 13 14 21 23 34 37 40 44 46 48 49 55 56 57 65 69 78 80 94
acant 46
attar 40
alf’s 27
ali’s 79
atuti 53
accep 55
accus 20
acene 53
aceto 53
albos 49
achor 45
albin 12 48
albas 49
act’s 40
alcal 53 77
acids 8 12 13 34 49 54 78
acies 49
achyn 53
album 10 18 29 37 39 41 55 79
albus 49
alala 33
aland 83
alaki 55
all’s 6 10 12 14 17 37 39 42 55 56 71 72
alack 55
ached 5 6 10 11 18 27 29 30 33 37 40 41 42 47 48 56 57 58 61 66 68 69 72 78 79 84 94
achet 53
aches 4 5 16 19 27 32 37 39 41 55 69 72 77 78 88 93 94
achan 10 45
alate 53
alato 53
alava 12
alarm 1 3 4 5 6 10 11 12 13 14 16 17 19 20 21 22 26 27 28 29 31 32 34 36 37 38 39 40 41 42 44 46 48 49 52 54 55 56 59 60 61 65 66 67 68 69 70 71 72 74 75 76 77 78 79 81 82 83 84 85 90 93 94
aldus 12 49
aldor 20
aldir 53
alder 14 22 23 28 46 52
aleak 40
acite 12
alcon 49
alcun 49 84
alfon 53
auk’s 55
alger 79
algae 84
algal 47
aleut 33
aleph 55 63
alert 5 6 10 12 13 16 21 27 28 29 30 31 39 40 41 42 43 46 47 48 53 54 55 56 57 59 67 68 69 72 76 77 78 79 81 82 89 92
alena 13
aubry 12
acorn 17 28 55 94
aline 18 39
align 63
aliis 49
alike 4 5 6 7 8 9 10 11 12 13 16 18 19 20 21 22 26 27 28 29 31 32 33 35 37 38 39 40 41 42 44 45 46 47 49 51 53 56 60 63 65 68 69 70 71 72 74 76 77 78 79 80 83 84 85 88 89 90 92 93 94 97
alice 3 10 21 23 30 33 34 55 56
alick 14
alien 10 18 20 22 23 26 29 35 39 40 44 48 49 55 56 57 65 66 71 80 85 95 97
aliam 49
alias 10 12 21 49 55 77 97
alibi 49 55
auamo 53
auano 53
algun 53
auber 82
alhel 77
audry 12
acqua 53
acqui 44
aliua 53
aliud 49
alius 49
alium 49
alive 1 2 3 4 5 6 7 8 9 10 11 12 13 14 16 17 18 19 20 21 22 23 25 26 27 28 30 31 32 33 35 36 37 38 39 40 41 42 43 44 45 46 47 48 49 50 52 53 54 55 56 57 58 60 61 65 67 68 69 70 71 72 73 74 76 77 78 79 80 81 82 83 84 85 88 89 90 92 93 94 95 97 98 99 100
alios 49
aliqu 49
audit 49 80
almes 45
almac 78
ally. 80
augia 65
almon 81
augen 37
auger 22 28 40
acsua 53
aught 5 10 11 20 22 26 27 38 40 41 44 46 49 54 55 60 64 65 68 71 72 74 77 79 80 81 83 84 85 88 89 90 93 97
almod 77
allah 37 55 77 84
allan 42 56 78 84
allay 10 16 18 24 27 34 39 40 41 44 45 46 48 49 51 65 68 79 88
allas 72
acrid 10 12 39 43 44 46 55 79 84 85
acris 49
acres 13 15 18 21 22 28 33 34 39 40 41 42 46 49 51 55 57 60 65 66 67 71 73 75 76 77 79 82 83 97
aueua 53
aufkl 80
alltt 63
allus 5 71 72 78
allow 1 2 3 4 5 6 7 8 9 10 11 12 13 14 15 16 17 18 19 20 21 22 23 24 25 26 27 28 29 30 31 32 33 34 35 36 37 38 39 40 41 42 43 44 45 46 47 48 49 50 51 52 53 54 55 56 57 58 59 60 61 63 64 65 66 67 68 69 70 71 72 73 74 75 76 77 78 79 80 81 82 83 84 85 86 87 88 89 90 91 92 93 94 95 96 97 98 99 100
alloy 10 14 16 19 28 49 69 71 74 77 79 80 84 85 88 90
alloz 12
allot 12 39 49 85
allem 63
allen 34 42 55 63 75 81 83 94 96
alles 55 63
aller 12 44 49 63 92
allee 55
alleg 65
alley 12 13 14 21 27 28 31 37 39 40 41 42 43 46 55 68 69 72 76 77 78 79 84
allez 18 39
alois 65
aloes 23 49 60 71 77 85
aloft 1 6 10 12 13 17 20 22 23 26 27 28 29 39 40 41 43 44 46 47 49 51 53 55 56 65 68 69 70 71 73 76 77 78 79 80 84 85 88 92 94
ada’s 66
aloud 1 3 4 5 6 8 9 10 11 12 13 14 15 16 18 19 21 22 26 27 28 29 30 31 33 34 35 36 37 38 39 40 41 42 43 44 45 46 47 48 49 51 54 55 56 57 58 60 64 65 66 67 68 69 71 72 73 74 76 77 78 79 80 82 83 84 85 88 90 92 94
alope 65
alora 53
aloro 53
alors 10 55 82
acute 4 10 11 12 13 14 16 18 19 20 21 27 29 31 34 37 39 40 41 42 43 44 46 48 49 51 55 63 65 67 68 71 73 76 77 78 79 80 83 84 85 88 90 92 95
acuto 7
alone 1 2 3 4 5 6 7 8 9 10 11 12 13 14 15 16 17 18 19 20 21 22 23 24 25 26 27 28 29 30 31 32 33 34 35 36 37 38 39 40 41 42 43 44 45 46 47 48 49 50 51 52 53 54 55 56 57 58 59 60 61 62 63 64 65 66 67 68 69 70 71 72 73 74 75 76 77 78 79 80 81 82 83 84 85 86 87 88 89 90 91 92 93 94 95 96 97 98 99 100
along 1 3 4 5 6 7 8 9 10 11 12 13 14 16 17 18 19 20 21 22 23 25 26 27 28 29 30 31 32 33 34 35 36 37 38 39 40 41 42 43 44 45 46 47 48 49 50 51 52 53 54 55 56 57 58 59 60 61 62 65 66 67 68 69 70 71 72 73 74 75 76 77 78 79 80 81 82 83 84 85 86 88 89 90 92 93 94 95 96 97 99
aloof 10 11 12 17 20 22 28 37 39 40 41 46 49 52 55 64 65 68 71 72 77 78 79 81 89 94
actly 71
actor 10 12 14 21 22 23 26 27 28 29 34 39 41 42 44 45 49 62 65 67 68 70 74 76 77 79 80 82 83 85 88 90 92 94 98
acton 28
actin 5 70
actis 49
augur 14 16 44 65 71 78 79
acted 1 4 6 7 9 10 11 12 14 16 18 19 20 21 23 26 27 28 30 31 32 34 35 37 39 40 41 44 45 46 48 49 50 53 55 56 60 65 66 68 69 70 71 72 73 74 75 76 77 78 79 80 81 82 83 84 85 88 89 90 92 93 94 97 98 99
augrh 33
actum 49
actus 83
alpes 12
alpha 10 21 26 55 80
alphy 42
also. 21 38 79 100
altar 9 10 11 12 13 14 16 17 18 19 21 22 23 24 27 32 38 39 40 41 42 44 45 49 51 52 53 55 64 65 68 69 71 76 77 78 79 80 82 84 85 88 93 98
aumur 39 41 55
aulis 49 65
aulus 12 49 65
alute 53
aluta 49 53
aluto 53
aluit 84
alvar 12
auore 53
altra 53
altre 53
altrj 53
altri 53
altro 77
altry 53
alton 43
altis 49
aunes 53
alten 12 63
altes 65
alter 5 8 10 11 12 16 19 20 21 22 23 26 27 28 30 37 38 39 40 41 42 44 45 46 47 48 49 50 53 54 55 60 65 66 68 70 72 73 74 75 76 77 78 79 80 81 83 84 85 89 90 91 92 94 95 96 97 98
aunte 27
aunty 12 27 51 55 66 69 70 94
aunts 5 10 11 12 18 28 40 41 42 67 68 71 75 93 94
altum 49
altus 49
aunt. 12 71
alwuz 70
aurea 49
aures 49
aurel 65
aurem 49
auras 49
alway 9 20 77 94
ausus 49
adage 10 49 55 68 70 71 78 81
aussi 10 39 55
ausis 49
adapt 4 14 16 21 26 28 39 44 49 60 71 74 77 78 79 80 88 90 92
adare 53
autem 49 55 77 98
alzey 12
adams 13 15 27 45 55 71 83 85 91
adair 16 81
aurum 49
auric 55
ausdr 63
auuto 53
autos 53 84 86
autre 37
adela 10 41
adest 49
adept 11 17 39 41 44 68 79 84
addio 55
addit 49
addle 14 46
added 1 3 4 5 6 7 8 9 10 11 12 13 14 15 16 17 18 19 20 21 22 23 26 27 28 29 30 31 32 34 37 38 39 40 41 42 43 44 45 46 49 50 51 52 53 54 55 56 57 58 59 60 61 65 66 67 68 69 71 72 73 74 76 77 78 79 80 81 82 83 84 85 86 88 89 90 91 93 94 97 100
addes 45
adder 12 21 23 26 27 45 49
addom 91
amain 40 65
amalo 53
amabo 49
amaza 53
amazo 53
amaze 11 12 34 37 40 46 47 65 77 78 79
amawf 55
amare 49 53 55
amari 49
amass 34 49
amati 34
amata 82
amang 72
amant 12 39 49 55
amano 53
adios 40
adire 12 53
amn’t 42 55
adige 12
amble 39 55 78
adhuc 49 55
amber 10 18 22 23 28 39 40 52 55 56 57 65 72 77 78 79 84 100
ambas 53
adieu 9 11 12 18 19 31 34 37 39 40 44 49 55 66 71 72 74 76 77 78 79 81 82 83 84 90 94 98
amboy 83
amend 9 10 28 40 41 45 49 55 68 71 74 78 81 83 88 90 95 97 98
amens 14 49
ameji 77
adler 21
adlao 53
amezo 53
ameza 53
avant 55
avare 39
avail 4 7 9 10 11 12 13 14 15 16 17 19 20 21 22 27 28 30 34 38 39 40 41 43 44 46 49 51 54 55 56 65 68 71 72 74 76 77 79 80 81 82 83 85 88 89 90 92 100
avait 10 12 82
avari 49
avast 6 17 28 40 79 81
admit 1 2 4 7 10 11 12 13 14 15 16 17 18 19 21 22 23 27 28 29 31 37 39 40 41 42 43 44 45 46 47 49 50 51 54 55 56 57 58 59 60 61 63 65 66 68 71 72 73 74 75 76 77 78 79 80 81 82 83 84 85 88 89 90 92 93 95 96 100
admir 83 98
amity 7 10 16 45 49 55 73 78 84
adown 9 26 40 51 65 85
adoze 29
amiss 6 10 11 12 14 16 18 19 20 21 22 27 34 36 37 38 39 41 49 54 55 60 68 69 71 72 73 76 77 78 79 81 83 85 88 92 94 97
amiti 53
amiot 49
adopt 4 6 7 10 11 12 14 16 17 19 20 23 27 28 32 34 36 37 38 39 40 41 43 44 46 49 50 56 65 70 71 72 75 77 79 80 81 83 85 86 89 94 95 96
adore 12 13 14 18 23 26 30 39 41 44 49 53 55 56 65 67 71 75 77 78 79 82 85 92 94
adora 53
adorn 20 22 26 27 28 39 44 45 47 49 53 55 65 69 71 73 76 77 81 85 91
adona 12
amica 77
amico 49
amici 49 53
avery 56
avert 8 10 12 16 21 27 29 39 41 48 49 65 69 71 72 74 76 77 78 79 80 82 88 90
avers 40 77
aveng 20
amnes 49
amy’s 69
amnis 49
ammon 45 49 55 65 94 97
advis 83
ampan 53
avium 49
avius 49
amput 53
ample 6 7 10 11 12 13 14 16 18 19 20 21 23 27 28 34 39 40 41 43 44 45 49 52 55 56 65 68 69 71 72 73 74 76 77 78 79 81 82 83 84 88 89 90 91 92 93
amplo 53
amply 10 11 14 16 19 21 22 27 29 37 41 45 49 54 55 71 73 77 78 79 80 83 84 92 95
amodo 53
adult 10 26 28 34 40 49 51 65 68 78
aduna 53
aduno 53
aduer 53
avine 55
amour 12 67 77 92
amore 49 53
avila 55
amort 55
amost 70 78
adust 76
among 1 2 3 4 5 6 7 8 9 10 11 12 13 14 15 16 17 18 19 20 21 22 23 24 26 27 28 29 30 32 33 34 35 36 37 38 39 40 41 42 43 44 45 46 47 48 49 50 51 52 53 54 55 56 57 58 59 60 61 63 64 65 66 67 68 69 70 71 72 73 74 75 76 77 78 79 80 81 82 83 84 85 86 88 89 90 91 92 93 94 95 96 97 98 99 100
avian 26
avido 49
avida 49
amuck 6 13 40
adzed 22
avoir 12 65
amuse 4 5 10 11 12 15 16 18 19 21 22 23 26 27 28 29 36 37 38 39 41 42 44 46 47 49 55 56 61 66 68 69 72 73 74 75 77 78 79 82 83 84 90 91 92 94 97
avoid 2 3 4 6 7 9 10 11 12 13 14 15 16 17 19 20 21 22 23 26 28 29 31 32 33 34 35 36 37 39 40 41 43 44 45 46 47 48 49 50 51 53 54 55 56 57 59 60 63 65 66 67 68 69 71 72 73 74 76 77 78 79 80 81 83 84 85 86 87 88 89 90 92 93 94 95 97 98
avoye 12
avoyd 45
avons 12
ag’in 27
avril 12
aeaci 49
amyot 49
aedio 65
aecha 65
avuto 55
avven 49
aeede 49
aegis 22 51 65
aegae 22
anata 66
aegra 49
aegri 49
aegro 49
andes 10 40 74 90
andau 53
andar 53
anday 53
andre 4 18
ancle 81
ann’s 5 44 55
ancho 53
anche 12 53
ancti 53
ancta 53
ancto 53
ancum 20
ancor 7 49
anfim 41
angat 49
angeh 63
anent 12 46 55
aneli 53
anego 53 66
anear 20 55 70
ant’s 77
awake 5 6 9 10 11 12 13 14 16 17 18 19 20 21 22 23 25 26 27 28 29 31 33 34 35 37 38 39 40 41 42 44 45 46 47 48 49 52 54 55 56 58 59 60 61 64 65 66 68 69 70 71 72 73 74 76 77 78 79 80 81 82 84 85 88 90 92 93 94 100
angry 1 3 4 5 6 8 9 10 11 12 13 14 16 17 18 19 20 21 22 23 24 25 26 27 28 30 31 32 33 34 35 36 37 38 39 40 41 42 43 44 45 46 47 48 49 50 51 52 54 55 56 58 59 60 61 65 66 67 68 69 71 72 73 74 76 77 78 79 80 81 82 83 84 85 88 90 92 93 94 98 99 100
angue 53
angus 55
await 6 7 9 12 13 17 19 20 21 22 26 27 28 34 35 37 38 39 40 41 44 46 49 51 53 55 58 64 65 71 72 74 75 77 78 79 80 82 84 85 90 92
anglo 4 12 20 27 34 40 79
angle 6 10 12 13 14 17 21 26 28 30 33 37 39 40 42 43 46 47 48 49 50 53 55 56 57 59 65 67 68 69 72 73 76 78 79 84
anges 12
angel 5 9 10 11 12 13 14 16 18 19 21 22 24 26 27 28 29 31 34 37 38 39 40 41 43 44 45 46 48 49 50 54 55 56 60 66 68 69 70 71 72 74 75 76 77 78 79 83 84 85 88 90 93 94 98 100
anger 1 3 4 5 6 7 8 9 10 11 12 13 14 15 16 19 20 21 22 23 26 27 29 30 31 32 35 36 37 38 39 40 41 42 43 44 45 46 47 48 49 51 54 55 56 57 58 59 65 68 71 72 73 74 76 77 78 79 80 81 82 84 85 88 89 90 91 94 100
angeo 53
away. 21 38 39 41 43 71 79
aways 71
aenia 49
awast 55
awash 31
awate 12
awave 55
aenea 49
aware 4 5 6 7 9 10 11 12 13 14 16 18 19 20 21 22 26 27 28 29 30 31 32 34 35 36 37 38 39 40 41 42 43 44 46 47 48 49 50 51 54 55 56 57 59 60 64 65 67 68 69 71 72 74 75 76 77 78 79 80 82 84 85 88 89 90 92 94 95 98
award 39 42 56 65 74 90
anjou 49 53
aweer 68
aweel 55
ankle 6 10 11 12 13 14 18 19 27 30 33 39 44 47 52 53 55 56 65 68 69 70 72 77 78 93 94
anker 55
anise 32
animi 49 65
animo 49 97
anima 49 84
anime 53
awfur 55
awful 1 5 6 10 11 13 14 15 17 18 19 21 22 23 25 26 27 28 29 31 32 33 34 37 38 39 40 41 42 43 44 46 47 49 50 51 52 54 55 56 57 59 61 65 66 67 68 69 70 71 72 74 76 77 78 79 80 81 84 85 88 90 93 94 98 99
aestu 49
aeson 22
aesop 49 80
ankus 33
aeque 49
aequa 49
aequo 49
aerii 98
aeris 84 98
annul 4 49
annum 2 10 11 12 14 19 44 49 55 71 72 78 79 81 83
annus 40 49
annal 49
annas 33
aetas 49
aetes 22
annoy 3 9 10 12 17 23 24 26 27 34 37 41 42 44 45 49 55 65 66 67 71 72 77 79 81 84 94
annos 12 49
aetna 84
annie 42 66 71 84 94
annis 49 77 81 83
annes 56
annex 39 49 55 83 97
awize 71
awluz 70
awoak 45
awoke 1 4 5 6 8 9 10 11 12 13 14 16 18 19 20 21 22 23 24 26 27 28 30 33 34 35 38 39 40 42 43 44 46 47 48 54 55 56 58 59 60 61 67 68 69 71 72 74 76 77 78 79 81 84 85 88 90 93 94
awned 55
antic 60 68 73
antas 53
antan 12
anton 53 65
antro 84
anwil 14
anvil 9 12 14 22 24 26 38 40 49 51 65 77
anxia 49
afare 91
affgh 53
affix 10 16 65 68
affly 55
affoe 81
afire 6 14 40 48 70 76 94
afoul 40
afore 3 4 5 9 10 14 27 40 46 50 57 68 71 72 76 78 83 94 98
afoot 6 9 10 14 20 27 28 30 33 43 46 49 53 57 70 71 76 78
afoam 40
afric 26 27 40 88 98
after 1 2 3 4 5 6 7 8 9 10 11 12 13 14 15 16 17 18 19 20 21 22 23 24 25 26 27 28 29 30 31 32 33 34 35 36 37 38 39 40 41 42 43 44 45 46 47 48 49 50 51 52 53 54 55 56 57 58 59 60 61 62 63 64 65 66 67 68 69 70 71 72 73 74 75 76 77 78 79 80 81 82 83 84 85 86 88 89 90 91 92 93 94 95 96 97 98 99 100
axius 65
axils 28
axing 6 55
axiom 7 12 13 21 27 37 41 49 63 68 79 84 89 92
aorta 40 84
axles 12 39 40 65 78
axons 91
agate 5 10 23 39 55
agave 65
agape 26 43 47 77
agapo 55
ape’s 49 55 77
agana 53
agait 72
again 1 2 3 4 5 6 7 8 9 10 11 12 13 14 15 16 17 18 19 20 21 22 23 24 25 26 27 28 29 30 31 32 33 34 35 36 37 38 39 40 41 42 43 44 45 46 47 48 49 50 51 52 53 54 55 56 57 58 59 60 61 62 63 64 65 66 67 68 69 70 71 72 73 74 75 76 77 78 79 80 81 82 83 84 85 86 87 88 89 90 91 92 93 94 95 96 97 98 99 100
agean 72
ageth 26
agent 1 2 3 4 5 6 7 8 9 10 11 12 13 14 15 16 17 18 19 20 21 22 23 24 25 26 27 28 29 30 31 32 33 34 35 36 37 38 39 40 41 42 43 44 45 46 47 48 49 50 51 52 53 54 55 56 57 58 59 60 61 63 64 65 66 67 68 69 70 71 72 73 74 75 76 77 78 79 80 81 82 83 84 85 86 87 88 89 90 91 92 93 94 95 96 97 98 99 100
agens 49
agere 49
aghin 53
aghon 53
aggie 4
apace 11 22 28 47 54 60 68 77 78 99
apare 53
apart 1 4 5 6 8 9 10 12 13 14 15 16 17 18 20 21 22 26 27 28 29 30 31 33 34 35 37 39 40 41 42 43 44 45 46 47 48 49 50 51 53 54 55 56 57 58 59 60 63 64 65 67 68 69 70 71 72 73 74 76 77 78 79 80 81 83 84 85 87 88 89 90 92 93 94 95 96
apair 9
agile 6 10 12 39 40 41 42 43 44 48 66 74 77 79 84 90
aging 23 42 55 92
agier 12
agito 88
aglow 22 30 37 39 40 46 55 56 77
aglio 53
agmen 49
apeak 40
aglae 65
apeua 53
apere 53
apera 53
apena 53
agnus 12 55
aphis 55 79
agnos 49
aphro 55
agnes 10 12 44 68 71
agnew 23
ayded 45
aydes 45
apish 38 49
aping 53 66
apion 49
apios 28
agone 6 46 55 85
agony 1 3 4 6 8 10 11 12 13 14 16 18 19 20 21 22 23 27 30 32 33 35 36 37 39 40 41 42 43 44 46 47 48 49 55 56 60 68 69 71 72 74 76 77 78 79 80 81 84 85 88 90 92 93 94
agora 12 65 80
agros 49
agris 49
agrin 55
agree 1 2 3 4 5 6 7 8 9 10 11 12 13 14 15 16 17 18 19 20 21 22 23 24 25 26 27 28 29 30 31 32 33 34 35 36 37 38 39 40 41 42 43 44 45 46 47 48 49 50 51 52 53 54 55 56 57 58 59 60 61 63 64 65 66 67 68 69 70 71 72 73 74 75 76 77 78 79 80 81 82 83 84 85 86 87 88 89 90 91 92 93 94 95 96 97 98 99 100
agraf 39
agues 49 69 71
apolo 77
apoll 39
agunt 49
apoco 53
agwee 39
apoth 49
apout 55
apopa 53
apore 53
appoi 49
appio 53
apple 3 5 6 9 10 12 13 16 22 23 24 26 27 28 31 32 38 39 40 41 42 44 46 47 49 50 51 52 53 55 56 57 58 59 62 64 65 66 67 69 70 71 72 73 74 76 77 78 83 84 85 90 93 94 98
appli 83
apply 1 2 3 4 5 6 7 8 9 10 11 12 13 14 15 16 17 18 19 20 21 22 23 24 25 26 27 28 29 30 31 32 33 34 35 36 37 38 39 40 41 42 43 44 45 46 47 48 49 50 51 52 53 54 55 56 57 58 59 60 61 63 64 65 66 67 68 69 70 71 72 73 74 75 76 77 78 79 80 81 82 83 84 85 86 87 88 89 90 91 92 93 94 95 96 97 98 99 100
appal 24 40 55 72
aymon 12 49
aymed 45
aprum 49
apron 5 10 12 13 14 18 27 29 34 38 39 40 43 46 49 50 55 56 61 66 68 69 70 71 72 73 78 79 85 94 99
april 10 11 12 13 14 15 16 19 21 22 28 32 34 38 39 40 41 46 49 50 51 53 56 58 60 61 66 67 71 72 73 77 78 79 81 83 84 85 87 94
apter 44
aptly 37 45 48 49 55 77 83 88
ahabs 40
ayres 42 53 60 82
aheah 55
ahead 4 5 6 7 8 12 13 14 16 18 20 22 27 28 30 31 32 33 34 35 37 38 39 40 41 43 44 46 47 48 49 50 51 53 54 55 56 57 58 59 60 61 62 64 67 68 69 70 71 76 77 78 79 81 84 86 87 89 92 94
as’ll 5 6 68 71
ahint 46
azads 28
a’lee 40
ahmad 53
aholt 55
ahome 55
a’low 40
a’top 40
