ahunger 55
alzando 53
archers 7 22 49 53 65
archery 21 55 65 77 78
adriani 77
abrupta 49
attends 3 5 10 12 14 15 16 27 37 40 49 55 60 65 71 73 74 78 79 80 90 97
admetus 28 65
artifex 49
average 7 10 12 13 14 17 21 22 26 27 28 32 37 39 40 41 42 44 46 49 50 51 53 55 65 69 70 71 75 77 78 80 89 92 96
attempt 1 2 3 4 5 6 7 10 11 12 13 14 15 16 17 18 19 21 22 23 26 27 28 29 30 31 32 33 34 37 38 39 40 41 42 43 44 45 46 47 48 49 50 51 53 54 55 56 57 60 61 63 65 67 68 69 71 72 73 74 75 76 77 78 79 80 81 82 83 84 85 86 88 89 90 91 92 94 95 97 98
aporiti 53
auction 4 12 13 14 23 27 28 39 40 46 55 57 70 77 83 91
arbutus 49 55
arigato 66
actarum 49
alassin 70
alaster 65
arching 12 28 39 40 55 65 94
arrises 55
archibu 53
archias 49
alabama 4 32 40 51 69
alastor 65
anybody 5 6 9 10 11 12 13 14 18 19 21 22 23 25 27 28 29 31 33 34 35 37 39 40 41 42 44 46 49 50 55 56 57 58 60 61 66 67 68 69 70 71 72 75 76 77 78 79 80 82 89 92 93 94 95 100
aestate 49
abdomen 12 28 39 51 55 84
agathon 65
archaic 20 26 65
ariosto 49 74 77 79 82 90
alcazar 77
asensio 77
adultum 49
albogue 77
adapter 53
adapted 4 7 10 11 12 13 14 15 19 21 26 27 28 39 40 42 44 46 47 49 51 53 55 60 66 71 73 75 77 78 79 80 83 84 85 86 88 89 92 93 96
article 4 10 11 12 13 14 15 16 19 20 21 26 27 28 29 30 31 34 37 39 40 41 42 43 44 45 46 48 49 50 51 53 55 56 60 62 68 70 71 72 73 74 76 77 78 79 80 81 83 84 85 89 90 94 96 97 98
articho 53
arripit 49
ammonia 4 12 13 67 84
adulter 49
artibus 49 92
asphalt 86
archy’s 40
abating 40 46 49 60 68 83
aphorme 45
arduous 12 21 30 39 49 53 56 59 65 71 74 75 77 78 83 85 90 95
archons 55
ascolta 55
asinine 46 92
assuage 10 12 19 28 34 44 49 65 74 90 94
auctore 49 55
auctori 49
asscher 26 80
arrives 4 7 10 12 19 20 27 29 39 40 41 43 46 49 55 63 65 68 69 70 71 73 74 75 77 78 79 80 81 84 90 94
arrived 1 3 4 5 6 7 9 10 11 12 13 14 15 16 17 18 19 21 22 23 26 27 28 29 30 31 32 34 36 37 38 39 40 41 42 43 44 45 46 47 48 49 50 52 53 55 56 59 60 63 65 66 67 68 69 71 72 73 74 75 76 77 78 79 80 81 82 83 84 85 88 89 90 91 92 93 94 95 97 100
antheia 65
appeach 9
archivo 53
archive 1 2 3 4 5 6 7 8 9 10 11 12 13 14 15 16 17 18 19 20 21 22 23 24 25 26 27 28 29 30 31 32 33 34 35 36 37 38 39 40 41 42 43 44 45 46 47 48 49 50 51 52 53 54 55 56 57 58 59 60 61 63 64 65 66 67 68 69 70 71 72 73 74 75 76 77 78 79 80 81 82 83 84 85 86 87 88 89 90 91 92 93 94 95 96 97 98 99 100
appeale 45
adtherp 9
appeals 10 11 12 14 20 21 23 26 27 32 39 40 41 43 44 47 49 51 59 65 68 71 74 76 77 78 80 84 85 90 92 97
arnauld 12
arnault 12
appeal. 71
amariah 27
appease 4 11 12 16 18 22 36 39 41 49 56 64 65 77 78 81
arnauts 39
appeare 45 98
appears 1 2 3 4 5 6 7 8 9 10 11 12 13 14 15 16 17 18 19 20 21 22 23 24 25 26 27 28 29 30 31 32 33 34 35 36 37 38 39 40 41 42 43 44 45 46 47 48 49 50 51 52 53 54 55 56 57 58 59 60 61 63 64 65 66 67 68 69 70 71 72 73 74 75 76 77 78 79 80 81 82 83 84 85 86 87 88 89 90 91 92 93 94 95 96 97 98 99 100
anagram 49
arrival 1 4 6 7 9 10 11 12 13 14 16 18 19 20 21 22 26 27 28 29 32 33 34 37 39 40 41 42 43 44 46 47 48 49 53 54 55 56 57 60 65 66 67 68 71 72 73 74 76 77 78 79 80 81 82 83 84 85 88 90 91 93 94 100
adeoque 49
actaeon 77 98
ahuwora 33
attests 12 49
abjecti 49
anythin 5 13
asquint 45 49 55 77
astoria 67
aaron’s 79
angelic 10 11 12 27 29 32 39 41 44 46 65 66 71 74 79 84 85 90 93 94
andarui 53
angeles 66 87
aboriri 49
angels. 41 80
angelos 12
angells 45
algidus 49
alcaeus 22
atelier 18 55 79
angelus 18 55
algiers 23 40 77 79 82 97
agassiz 40
avarice 4 7 11 12 14 15 19 28 38 45 46 49 55 65 71 72 73 79 80 81 83 84 93
availle 40
arthurs 12
aestuat 49
arlanza 77
andarli 53
addling 70 84
availed 7 10 11 12 13 19 20 27 32 39 43 44 48 68 71 72 74 77 78 79 81 85 88 90 94
amazare 53
amazano 53
apisaon 65
amazata 53
amazato 53
amazati 53
astorre 23
apianno 53
arion’s 80
ambush. 10
angered 7 9 12 17 18 20 22 31 37 38 39 41 42 49 55 61 72 73 77 88 94
aliquam 49 97
aliquas 49
aliquar 84
armenta 49
armenti 49 65
angerly 55
aliquot 55 97
adduced 10 27 46 74 81 85 89 90 95
aliquid 49 55
aliquis 49 97
alcaide 53 77
aliquem 49
astolat 9
astolaf 24
ablerus 12 65
awkward 5 6 10 11 12 13 14 16 17 18 19 21 23 26 27 29 30 32 37 38 39 41 42 43 44 46 47 49 51 53 55 56 57 60 61 65 67 68 69 70 71 72 73 76 77 78 79 83 84 92 94 98
ascetic 10 12 28 31 35 37 41 77 85 89 92
abruzzi 22 49
abruzzo 79
ailings 68
accrues 49 89
accrued 10 20 85
allures 40 49 92
allured 10 26 39 40 41 49 65 73 74 78 84 90 92
abalare 53
alertly 29 39 67
amaziah 45
atavism 43 55 92
alaskan 30
akela’s 33
amazing 5 11 13 14 16 19 21 23 26 31 36 37 39 40 41 43 47 48 50 55 56 60 63 65 66 67 70 71 74 78 79 80 81 82 83 84 88 90 94 99
alcalde 77 82
arriv’d 65
amazons 45 49 65
amighty 70
arnaeus 22
arriero 77
anomaly 18 40 51 65 71 78 80 84 89
aeolian 22 65
acerbae 49
astound 12 41 49 71 77 84
acerbum 49
annie’s 42 71 72
alcanto 53
alcanti 53
alcante 53
apaches 21
airhole 55
awnings 55 67 70 77
antonia 77 79
antonio 7 43 49 53 55 77 94
antonie 53
actress 10 21 23 39 41 55 66 67 79 82 94
abluted 55
animile 46
ausgedr 63
altarli 53
adhaere 45
ausgeht 63
aston’s 42
amnisus 22
aromper 53
aeterni 49 63
aeterno 49
aeterna 49
amsmath 63
aquelli 53
ambubaj 12
avigdor 94
alcippe 12 22
angel’s 10 14 21 39 40 41 55 69 71 72 74 76
ambling 9 39 66 77 78 94
adourne 65
alcimus 22 49 65
accheta 49
abashed 9 12 14 26 27 38 39 40 41 56 69 71 72 76 78 85 88 94
alcinor 65
amblers 77
aggrata 49
abasing 41 92
apeared 91
amyclae 65
acumine 84
absorbs 12 49 55 78 80
ahaziah 82
ahowooh 50
armenia 9 49 77
argonne 67
angeben 63
adolphe 23
alberto 53 79
alberta 55 56
albergo 22
absolve 14 27 29 41 42 45 49 72 92 97
avail’d 65
adjicit 49
arthera 49
alvarez 53
alvares 53
avignon 7 12 19 44 78 79 83 89
aconite 55
amongst 6 7 9 10 11 14 16 19 22 23 26 30 31 34 37 38 39 40 41 44 45 46 49 55 61 65 68 69 70 72 74 75 77 78 79 80 81 82 84 85 88 89 90 93 96 97 98 99
ascends 7 12 22 53 55 64 65 77 78 79 85
aqueous 55 73
abjured 55 72 78 79 98
andando 53
abjures 26 65
ascents 12 55 76
applyed 45
abeille 12
alludes 34 44 65 77 79 80
alluded 1 4 7 10 11 12 14 16 19 21 27 29 31 32 34 37 39 40 41 42 44 48 51 55 71 74 78 79 80 84 90 94
anch’io 55
apertam 49
apertis 49
adult’s 59
apertly 55
andreas 49 53
anemone 55
alarm’d 65
applaud 12 13 14 15 22 23 26 29 32 33 45 49 71 73 79 80
almosts 12
alarbor 53
aediles 45
another 1 2 3 4 5 6 7 8 9 10 11 12 13 14 15 16 17 18 19 20 21 22 23 24 25 26 27 28 29 30 31 32 33 34 35 36 37 38 39 40 41 42 43 44 45 46 47 48 49 50 51 52 53 54 55 56 57 58 59 60 61 63 64 65 66 67 68 69 70 71 72 73 74 75 76 77 78 79 80 81 82 83 84 85 86 87 88 89 90 91 92 93 94 95 96 97 98 99 100
ananias 45 55
attuned 40 46 77 79 88
astwide 39
awhile. 41
aroused 1 6 10 11 12 13 14 18 21 26 27 28 30 34 35 37 39 41 42 43 44 46 48 49 51 54 55 61 66 68 69 71 72 74 77 78 79 80 84 85 90 92
arouses 12 39 92
alfuros 53
abbot’s 10 55
assails 40 49 77 80
avowals 41 71
alvinzi 12
asteria 22
asteris 22
andrews 49 55 56 78 83 92
applies 11 12 14 26 32 33 34 39 40 43 49 55 63 65 73 76 77 78 80 81 84 89 92 95
applied 4 6 7 9 10 11 12 13 14 15 16 18 19 20 22 26 27 29 31 32 34 37 39 40 41 44 45 46 49 50 51 53 55 56 60 63 65 66 68 69 71 72 73 74 76 77 78 79 80 81 82 83 84 85 88 89 90 92 93 94 95 97
alcides 65
andiron 69
assayed 9
abspage 63
arulala 33
altar’s 55
a4paper 62
affords 1 4 10 11 12 15 16 20 28 39 40 49 51 65 68 73 74 79 80 81 90 95 97 98
actione 55
actions 4 5 7 10 11 12 13 14 15 16 18 19 20 21 23 26 27 28 30 32 34 35 37 39 40 41 43 44 45 46 48 49 51 53 55 60 63 64 65 68 70 71 72 73 74 76 77 78 79 80 81 83 84 88 89 90 92 94 95 97
afford. 71
altando 53
altanno 53
auoyent 53
antoine 12 18 49 76 79
avowing 32 41 44 71
avonlea 56
assault 1 6 7 9 12 13 21 27 32 37 39 40 44 45 49 55 65 68 71 72 76 77 78 79 80 97 99
animali 53
animalj 53
animale 53
animals 3 4 5 6 8 10 12 13 14 15 17 18 21 23 26 27 28 29 30 31 33 34 35 38 39 40 41 45 46 47 48 49 52 53 55 57 61 62 65 66 68 70 71 72 73 74 76 77 78 79 80 81 82 84 88 89 90 92 94 95 96 97
animall 45
animal. 79
animato 55
animate 14 28 32 37 39 40 45 46 49 51 65 68 74 77 78 79 80 84 88 90
actings 83
achtung 39
alarmed 1 3 4 5 6 7 10 11 12 13 14 16 17 18 19 22 26 27 28 33 34 36 37 38 39 40 41 42 43 44 46 47 48 50 51 54 55 56 59 60 65 67 68 69 71 72 73 74 76 77 78 79 81 82 83 84 88 90 94
animaux 12
apanoan 53
adjusts 12 55 78 80
acacias 12 47 79
audibly 3 14 16 26 29 37 39 41 46 50 54 55 56 60 67 69 71 72 74 76 78 84 90 94
audible 1 6 10 11 12 14 16 19 21 23 26 27 31 34 37 39 40 41 42 45 48 50 54 55 56 57 67 68 69 71 72 74 76 77 78 79 81 84 85 90 94
astride 12 14 22 39 41 44 48 49 50 51 55 57 69 73 77 79 94
apaesus 65
apropos 12 34 37 39 41 46 55 71 78 79
augured 12 20 44 71 85
augures 49
affable 7 10 11 12 14 16 19 27 34 37 39 41 45 49 71 77 78 79 81 83 94
affably 37 39 41 71 76 79 94
argissa 65
ability 4 7 12 13 14 15 18 19 20 26 27 28 30 31 32 35 37 39 40 41 43 45 46 48 49 50 51 53 55 56 57 59 66 68 71 74 76 77 78 79 80 83 84 85 88 89 90 92 97 98
auguste 12 27 79 82 84 89 92
augusts 77
augusta 10 16 51 75 78
anarchy 7 12 26 39 45 51 80 92 96 97
adjured 14 27 29 57 65 76 77 78
adjures 65
aguirre 53
aleuare 53
alice’s 3 21
allow’d 65
auteuil 79
absalom 82
anymore 27 35 36 56 94
advance 3 4 5 6 7 9 10 11 12 13 14 16 17 18 19 21 23 26 28 29 30 31 32 33 34 37 39 40 41 42 43 44 45 46 47 48 49 51 53 55 57 60 65 67 68 69 70 71 72 73 74 76 77 78 79 80 82 83 84 85 88 89 90 92 93 95 96 97
amherst 83
addedst 26
avision 9
affixed 10 16 19 40 55 60 71 79
amateur 10 12 13 14 21 23 28 34 37 42 43 46 47 49 55 56 66 71 78 79
arcanum 12 49
ashtray 55
alector 22
amyot’s 49
aussage 63
aussagt 63
alameda 55
anxiety 1 4 5 6 7 8 10 11 12 13 14 16 18 19 21 23 26 27 28 29 31 32 34 35 36 37 38 39 40 41 42 43 44 45 46 47 48 49 50 51 55 56 59 60 62 65 66 68 69 70 71 72 74 75 76 77 78 79 80 81 82 83 84 85 88 90 92 94
antaeus 49
adjunct 12 28 57 98
affront 11 12 14 19 29 37 41 42 44 46 49 60 65 67 70 71 77 79 93 97
aproned 21 55
assegai 55
agilers 77
asserts 12 27 28 39 41 53 63 65 69 77 78 80 84 89 92 94 95
antanas 13
amiably 12 14 17 19 37 39 42 55 56 66 76 78 94
amiable 10 11 12 13 14 16 18 19 21 26 27 37 39 41 42 43 44 45 49 50 53 55 56 65 66 68 71 72 73 74 76 77 78 79 81 83 88 89 90 92 94
arabias 77
arabian 10 14 21 23 27 28 41 46 49 55 71 72 74 76 79 84 90 94
augment 10 11 12 15 19 40 44 45 49 65 71 76 79 81
atomism 92
agnosco 49
aeriall 45
astabat 28
affirms 12 40 41 45 49 72 80 94
affirme 45
alten’s 12
atharva 35
ancient 1 3 5 6 7 8 9 10 11 12 13 14 15 16 19 20 21 22 24 26 27 28 30 32 37 39 40 41 42 43 45 46 47 49 51 52 53 54 55 56 57 59 60 62 64 65 66 68 69 71 72 73 74 75 76 77 78 79 80 81 82 83 84 85 88 89 90 92 93 94 96 97
aungier 42 55
agility 7 12 18 27 30 39 41 44 49 55 68 71 72 73 76 77 79 80 82 93 94 100
alamode 71
aladuke 9
argives 22 65
actuall 45
armhole 37
assents 11 49 65 78 89 92
actuate 49 55 71 72
actuary 55
ashland 13
athalie 79
aspasia 12 65
atomics 76
anxious 1 3 4 5 6 7 9 10 11 12 13 14 15 16 17 18 19 20 21 22 23 24 27 28 29 30 31 32 33 34 36 37 38 39 40 41 42 43 44 46 48 49 50 51 53 55 56 58 59 60 61 65 66 68 69 70 71 72 74 75 76 77 78 79 80 81 83 84 85 86 88 90 93 94 95 100
alicant 60 83
amboyna 73
alcmaon 65
audient 26
audiero 49
almaine 9
almains 98
amyntor 65
abusing 11 16 22 27 37 39 41 43 45 69 70 72 73 77 80 81 83 84
abusive 11 18 21 26 27 41 44 71 77 78 83
athrill 56
abbadon 45
antilia 53
agreeth 45
argians 49
almagro 12
annawon 40
appollo 45
athirst 10 27 40 41 55 76 77 88
arcades 12 23 48 79
allwool 55
arcadia 28 55 66 77
arcadie 66
aschame 53
almanac 14 28 40 46 49 52 55 78 83
adopted 1 4 6 7 9 10 11 12 13 14 15 17 19 20 21 22 23 26 27 28 29 32 34 37 39 40 41 43 44 46 49 50 51 53 55 56 63 65 66 68 71 73 74 75 76 77 79 80 81 83 84 85 86 88 89 90 92 94
amassed 12 22 34 37 49 55 60 66 69 74 79 82 84 90
alaltra 53
amplexu 49
amplest 85
awaited 1 4 6 7 8 9 10 11 12 13 14 18 19 20 21 26 28 34 35 37 39 40 41 43 44 51 53 55 67 68 71 72 76 77 78 79 82 84 85 88
antiope 22
agamede 65
anchovy 14 71 83
adderly 55
acclaim 41 55 65
anchors 14 22 28 31 40 53 60 65 66 71 73 81
anchora 53
aureola 44
aureole 12 37 55
antioch 45 49
agellos 49
ansehen 63
appoint 15 38 39 40 45 49 51 53 60 65 68 69 71 73 77 78 79 80 97
auedere 53
aubiers 12
axiomen 63
arizona 21
astraea 39
amplius 49 55 97
axioms. 80
astrand 71
avacena 82
avoided 2 4 6 7 9 10 11 12 13 14 15 16 17 18 19 20 21 22 26 27 28 29 30 31 37 39 41 42 43 44 45 46 47 48 49 51 54 55 57 67 68 69 71 72 73 74 76 77 78 79 80 83 84 85 88 89 90 94 95 97
agelong 55
aubigny 18
addenda 20 44 53 55 67
avdotya 37
apusato 65
amplify 40 49
antique 10 12 23 28 29 39 40 42 46 55 65 66 71 72 74 79 80 84 85 90 92 93 94
asylums 31 37 39 51 56 94
antiquo 49
anselme 53
anselmo 77
ashtown 55
affair. 31 38
affaire 21 41 45
affairs 1 2 4 5 6 7 9 10 11 12 13 14 15 16 18 19 21 22 26 27 28 29 31 33 34 35 36 37 38 39 40 41 42 43 44 45 46 48 49 50 51 53 54 55 56 57 58 59 60 63 65 67 68 69 70 71 72 73 74 76 77 78 79 80 81 82 83 84 85 88 89 90 92 93 94 95 96 97
augur’s 55
amboina 53
aladdin 13 79 83
amabile 49
answers 1 3 4 6 7 9 10 11 12 13 14 15 16 17 18 19 20 21 22 26 27 28 29 30 33 35 37 38 39 40 41 42 45 46 48 49 50 51 53 55 60 63 65 68 70 71 72 73 74 75 76 77 78 79 80 81 82 83 88 89 90 92 94 95 97 99
answer. 71 80
abandon 6 7 10 12 18 23 26 28 29 32 34 35 37 39 40 41 43 44 45 46 47 49 51 53 55 67 68 71 72 74 76 77 78 79 81 83 84 88 89 90 94 95 97
aguilar 53 77
already 1 2 3 4 5 6 7 8 9 10 11 12 13 14 15 16 17 18 19 20 21 22 23 24 25 26 27 28 29 30 31 32 33 34 35 36 37 38 39 40 41 42 43 44 45 46 47 48 49 50 51 52 53 54 55 56 57 58 59 60 61 62 63 64 65 66 67 68 69 70 71 72 73 74 75 76 77 78 79 80 81 82 83 84 85 86 87 88 89 90 91 92 93 94 95 96 97 98 99 100
agressi 84
abroady 94
abroad. 71 79
ardenti 55
ardente 46 53
annahme 63
abelard 28
abreast 7 14 18 30 31 33 39 40 41 43 46 54 55 57 69 70 73 76 78 79 81
asthma. 71
alleled 55
almiria 81
aenians 49
allemal 63
aliases 55
apicati 53
awfully 1 3 5 10 12 14 17 23 25 27 29 31 36 37 39 41 42 44 46 47 50 54 55 56 61 66 67 69 71 72 75 78 79 85
apretia 53
asprawl 34
aknowen 9
acastus 22
alisium 65
ameriky 66
america 4 6 12 13 14 15 18 21 23 27 28 31 32 34 37 39 40 41 42 43 45 46 47 50 51 53 55 60 62 66 67 69 70 71 72 73 74 76 77 78 79 80 81 82 83 84 85 89 90 91 92 94 96 97 98
amerigo 53 80
annales 12 84 97
annalen 63
aequora 49
arciere 53
arrayed 7 9 12 20 22 26 27 40 42 44 46 51 56 69 71 77 78 79 80 85 94
afanasy 37 41
appwove 39
abetted 12 28 60 72 79
araised 9
abettor 79
anycock 55
almitra 64
allways 91
alfonso 23 49 53 77
advice. 38 71 79
advices 9 28 49 55 77 83 88
antides 12
apostle 10 12 27 31 41 45 55 78 81 83 85 88
abhorre 45
anticqi 53
attorno 53
apicius 79
antibes 79
aspires 10 12 28 45 61 65 74 78 79 90 92 96
aspired 7 10 12 16 21 30 49 67 71 74 76 78 90
arbenin 41
avatars 12
arber’s 53
andujar 12
aylynge 53
agelaus 22 65
agitate 10 12 16 19 49 78 79 89
antigua 81 83
alleyne 42
awarded 10 12 20 39 40 42 49 77 79 82 83 85
aptness 54
almacen 77
alleurs 12
antifat 55
aueuano 53
almadie 53
almadia 53
armpits 12 13 39 55 70
amasine 79
alypius 88
antient 42 45 55
archway 14 23 39 46 55 67 68 71 78 79 84 94 100
arraign 60 81 83
aufgabe 63
averred 10 30 40 44 55 72 74 77 85 88 90
armorer 12 20 53 85
armored 20
avernus 1 79
airiest 14
anodyne 23 56
armorum 49
acheron 22 28 49 98
artisan 12 34 37 40 49 51 80 89 96
anegada 53
asinius 49
azaleas 12
algarve 77
azackly 71
ashamed 3 4 5 6 7 9 10 11 12 13 14 16 17 18 19 20 21 22 23 26 27 28 29 30 33 35 36 37 38 39 41 42 43 44 45 46 47 49 50 51 54 55 56 57 58 60 61 65 66 67 68 69 70 71 72 73 74 76 77 78 79 80 81 83 84 85 88 90 92 93 94 98 99 100
avoyded 45
arsenic 39 55 79 94
armfuls 10 13
artista 84
artiste 42 92
ajutare 53
artists 8 12 23 40 41 48 49 51 55 65 73 77 78 79 80 92 94 100
arragon 49
aethera 49 84
atrocem 49
arsenal 12 39 46 53 79 86
ajutato 53
advises 15 49 56 65 70 77 78 80
adviser 14 16 20 21 32 39 41 49 55 68 71 72 76 77 78 79 85
allen’s 47 56
advised 4 5 7 9 10 11 12 13 14 16 18 19 21 22 27 28 31 32 35 39 40 41 42 44 45 49 51 53 55 56 60 65 67 68 71 72 73 76 77 78 79 80 81 82 83 84 88 92 94 99
adraste 22
afficit 49
auszudr 63
alledge 45
apelles 49 77
assures 4 7 21 22 23 25 40 41 46 49 51 53 54 68 71 74 76 77 78 79 84 90
assurgo 49
alleato 22
atropos 28 80
aherlow 55
arratia 53
alyosha 41
anthony 13 23 26 32 43 49 55 79 81 82 85 98
aldonza 77
assured 1 2 4 6 7 9 10 11 12 13 14 15 16 17 18 19 21 22 23 26 27 28 29 31 32 34 37 38 39 40 41 44 45 46 47 48 49 50 51 53 55 56 57 60 65 66 67 68 71 72 73 74 75 76 77 78 79 80 81 82 83 84 85 88 89 90 92 93 94 95 96
alleged 4 7 9 10 12 19 27 32 35 39 40 41 44 49 51 55 71 73 74 78 80 89 90 96
alleges 41 49
agnes’s 44 71
assumed 1 4 7 10 11 12 13 14 17 18 21 22 23 27 28 31 32 34 35 37 38 39 40 41 42 43 44 45 46 48 49 50 51 53 55 56 57 63 65 67 68 69 71 72 73 74 75 76 77 78 79 80 81 82 83 84 85 90 92 94 95 96
assumes 12 18 26 27 37 39 40 43 49 55 63 65 71 80 84 89 92 95 96
abadejo 77
allegro 21 79
armoury 65 76 77 82
adipose 55
artizan 98
adunare 53
arrange 1 4 6 7 10 11 12 13 14 16 17 20 21 23 26 27 28 36 37 38 39 40 41 43 44 46 47 49 51 53 56 59 60 65 66 67 68 71 72 74 75 76 77 78 79 80 83 85 86 88 90 92 94 95
array’d 65
apeuano 53
aversos 49
assunta 79
appetit 49
artacia 22
agallop 55
averted 10 14 16 17 18 20 21 23 26 27 29 37 39 40 41 43 46 50 57 65 68 69 72 76 77 78 80 84 85 94
acescit 49
avertit 49
aukward 81
adornam 53
antlers 20 30 40
adorned 7 10 11 12 19 20 22 27 28 34 37 40 42 44 45 49 53 55 56 60 69 71 73 74 76 77 78 79 81 82 84 85 88 89 90 91 94
acceded 10 11 16 18 44 55 68 71 74 78 79 90
accedas 49
amittit 49 97
ataraxy 49
alouise 53
amittai 40
abuleis 53
apprend 10
attacks 7 11 12 17 19 20 22 32 37 39 40 41 43 44 48 49 51 55 65 67 71 73 74 77 79 80 83 84 85 89 90 92 94 96
attack. 1
anyone. 5 71
adoring 12 14 16 18 26 37 39 40 41 45 66 77 94
arrears 12 39 46 47 55 65 68 71 76 78
afrique 45
anatomy 12 14 21 34 37 40 43 46 48 49 55 69 72 74 77 78 90
anatole 39 82
armatis 49
alphage 71
acrobat 12 42 66
athlete 5 12 22 67 80
amilcar 7
abutted 12 21 28 71
adorers 26 31 39 49 66
awready 70
avidity 10 12 26 44 54 68 74 77 79 84 90
ashwell 81
attains 7 12 26 40 71 77 80 92 96
attaint 9 65
aulaeis 49
alpheus 22 65
abscond 77
algeria 12 79
attamen 49
adorn’d 65
attalus 49
alcocer 77
aguchia 53
alien’s 65
askings 9
adorano 53
adorana 53
adorare 53
alquife 77
aniseed 55 71 76
ambient 49 65
atrauer 53
athlone 55
admiral 6 12 13 22 23 39 40 43 49 55 65 71 73 77 81 82 83
admire. 71
admired 1 4 7 10 11 12 14 16 17 18 19 22 23 24 27 28 29 31 33 34 35 36 37 39 41 42 44 45 47 49 50 55 56 57 60 65 67 69 71 72 73 74 75 76 77 78 79 80 81 83 84 88 89 90 92 94 100
admirer 11 12 14 16 23 29 31 36 39 40 41 49 55 66 73 77 79 80 100
admires 10 11 12 14 16 17 19 23 39 44 49 55 71 78 79 92 98
apprise 10 40 79
apricot 12 19 23 40
apprize 27
alcohol 12 13 37 39 49 55 62 67 79 84
andover 21
arclamp 55
aufschl 63
accette 53
aitches 48
azimuth 40
adamant 12 45 52 53 55 65 71 73 78 80 84 93
ariston 49 80
aristot 80
aliment 28 39 40 49 55 89
ascanio 7
anealed 9
ascania 65
albanus 98
albany. 75
agenois 49
albania 79
aretias 22
anearby 55
accepit 49 97
anhelat 49
accepts 12 16 20 39 46 49 51 55 75 77 78 79 81 84 92 95
accepto 53
apietro 53
acrosse 45
attract 4 5 7 10 12 13 14 16 18 19 21 22 27 28 29 37 39 40 41 44 46 47 49 51 55 59 68 71 72 74 76 77 78 79 80 85 89 90 92 93 94 100
attigit 49
alceste 65
accents 10 11 12 13 16 19 30 34 39 42 44 50 52 55 56 65 66 68 71 72 74 76 77 78 79 82 84 85 88 90
angaben 63
aegroti 49
actor’s 23 39 65 77
adjoins 12 79
attired 10 12 14 18 21 26 27 44 50 53 54 55 56 66 67 68 71 72 77 78 79 84 93
attires 55 65
alwayes 45 98
always. 13 31 44
arcueil 12
acushla 55
amities 54
absurde 49 92
afflict 13 19 28 46 49 55 60 65 72 73 77 79 84 98
amurath 49
apulian 49
aretted 9
algebra 12 37 39 55 56 84 94
avilion 9
atracte 53
attrita 49
attriti 49
aquatic 12 79 88 94
almunia 53
aquatro 53
alimony 39 55 57
affleck 81
accurst 17
arminus 46
accuser 12 21 26 45 49 73 78 80 88 89
accuses 12 14 26 39 41 49 65 74 77 90
accused 4 5 6 7 9 10 11 12 14 16 21 29 32 34 37 38 39 41 42 44 45 46 49 50 51 55 59 65 67 69 71 72 73 74 76 78 79 80 81 82 83 88 89 90 94
accusat 49
adjecto 92
anywhar 27
atrides 65
atridae 65
annuals 14 27 55 85
aerated 40 55
ailment 10 12 19 27 28 69 75 77 80 84 85
amorgus 65
aracena 53
andelys 12
ancaeus 65
aground 12 40 49 53 60 70 78 81 86 92
atlases 53
ariseth 26 45 53 88
angiers 49
accurat 49
allying 79
autoren 63
amistad 51
awaking 6 10 12 19 35 44 49 51 55 65 74 79 80 82 84 85 90 93
aratrum 49
anderen 63
anderes 63
anderer 63
acadian 18
ascribe 10 26 39 40 45 49 60 63 65 73 77 80 83 88
aliumve 49
avelion 9
anywise 14 20 55 81
abstain 1 7 10 12 26 28 35 37 39 45 47 48 49 55 65 68 69 72 77 78 80 83 89 95
aliunde 49
autopsy 46
atlanta 51 94
austere 7 10 12 28 29 35 39 40 41 43 49 54 57 59 65 71 72 73 77 78 79 92
amissae 49
austell 55
af’noon 13
airless 14
agustin 53
albizzi 7
assoone 45
annuity 10 12 19 44 68 71 78 79
amnesia 55
agendis 49
areteus 49
academy 12 23 37 39 40 41 42 48 49 50 51 55 56 66 69 73 78 79 81 82 83 84
alban’s 44 73
agendum 49
atticus 49 84
abiding 5 7 9 11 18 20 21 22 27 30 31 32 37 40 48 49 71 76 80 81 88
angrier 1 13 39 41 46 58 61
acreage 13
angrily 1 3 4 5 6 11 12 13 14 18 19 20 22 23 26 27 28 33 37 38 39 40 41 42 44 46 48 50 51 55 56 58 61 68 71 72 74 75 76 77 78 79 90 94 100
amoroso 49 55
amorous 12 17 26 37 39 40 41 44 47 49 52 55 65 68 77 79 80 92 98
austris 49
austria 7 12 27 39 49 51 55 74 77 79 90 92
abantes 65
atoniti 53
atoning 19 28 79 80
aretaon 12 65
amaluco 53
alwaies 45
annulus 49
agent’s 12 13 51
amnesty 12 28 44 51 55 79
abidest 9 88
abideth 20 41 77 88
awesome 34 77
arising 7 10 11 12 13 14 15 27 31 39 40 41 44 45 47 49 52 55 65 71 72 73 74 77 78 79 80 81 83 84 88 90
annular 53 55
auroras 12
auroral 12 28
auroram 28
alloyed 80
abscess 37 79
audited 28
auditor 12 13 28 39 49 55 68 73 74 78 79 85 88 90
abysses 12 13 18 26 47 65 84 92
aquieto 53
auditum 49
allowed 1 4 5 6 7 8 9 10 11 12 13 14 15 16 17 18 19 20 21 22 23 26 27 28 29 30 31 32 33 34 35 36 37 38 39 40 41 42 43 44 45 46 48 49 51 53 55 56 58 59 60 61 63 65 66 68 69 70 71 72 73 74 75 76 77 78 79 80 81 82 83 84 85 86 88 89 90 91 92 93 94 95 96 97 100
allowes 45
aesop’s 49
aufidus 49
alcmeon 49
african 4 12 14 27 28 32 40 43 49 50 51 53 55 60 65 70 78 81 84 88
arboris 49
alcmena 22 65
amatory 44 55 77 80
auroque 49
abysmal 26 29 47 50
abounds 12 22 27 49 52 77 80 81 83 84
areared 9
asunder 9 10 12 14 16 18 19 22 26 27 30 40 41 42 44 45 49 51 52 55 60 65 67 68 71 72 73 76 77 78 80 84 88 94 96
altered 3 7 9 10 11 12 13 14 15 16 17 18 19 20 21 22 23 26 27 28 36 37 39 40 41 43 44 45 47 48 49 51 52 54 55 56 60 63 66 67 68 69 71 72 73 74 75 76 77 78 79 80 81 83 84 88 90 92 93 94 95 97
aetatem 49
aquinas 49 55
awaketh 26 27
awakest 27 88
aveuamo 53
awakens 12 18 28 49 68 72 78 79 80 92
autonoe 22
artless 16 19 39 41 49 55 66 68 71 76 77 78 79 81 84 94
aboukir 12
abought 9
albraca 77
alterno 49
alterna 49
artubus 49
alterum 7 97
algunna 53
amalaca 53
ammiral 28
alembic 51
abjicit 97
alevats 55
apollin 49
amalgam 21
apollos 45
albinus 7
albion. 71
arbours 40
ariadne 22 49 77 92 94
anyways 14 27 40 67 69 70 71 76 78
abolish 12 13 41 49 64 78 96 97
adheres 12 37 41 44 49 79
adhered 7 10 11 14 17 37 39 41 44 45 46 55 68 83 85 94
amalega 53
aquille 53
aquilla 83
apology 6 10 11 13 14 16 18 19 21 22 23 27 28 39 40 41 42 43 46 49 51 55 56 67 68 71 72 76 77 78 79 80 83 84 94
angular 12 27 29 34 37 40 41 57 71 79
auximus 49
antwerp 12 14 40 46 77 80 98
addison 65 83 84
ashpits 42
agrajes 77
arnheim 84
anguish 4 9 10 11 12 13 17 18 19 20 23 26 27 29 31 32 35 37 39 40 41 42 43 46 47 48 49 54 55 56 57 60 65 68 69 71 72 74 75 76 77 78 79 81 82 84 85 88 90 92 94
abarian 82
abarien 53
antenna 47
antenor 65
auxilia 49
apogean 55
aniline 13
angulus 49
amphius 65
amphion 22 65 79
aught’s 40
assists 7 26 49 55 65 71 73 78
azariah 45
arquati 49
address 1 2 3 4 5 6 7 8 9 10 11 12 13 14 15 16 17 18 19 20 21 22 23 24 25 26 27 28 29 30 31 32 33 34 35 36 37 38 39 40 41 42 43 44 45 46 47 48 49 50 51 52 53 54 55 56 57 58 59 60 61 62 63 64 65 66 67 68 69 70 71 72 73 74 75 76 77 78 79 80 81 82 83 84 85 86 87 88 89 90 91 92 93 94 95 96 97 98 99 100
argenis 80
arentem 49
apeiros 22
annoyed 3 4 6 10 11 12 13 14 17 18 21 22 23 27 30 31 33 34 35 37 39 41 42 44 49 55 59 67 71 72 74 75 76 77 79 80 81 84 90 92 94 100
attucks 51
assaeus 65
angusto 65
amphora 12 65
angusta 12
angusti 49
argento 49 53
achates 55 82
axsions 91
atacati 53
alights 10 40 78
against 1 2 3 4 5 6 7 8 9 10 11 12 13 14 15 16 17 18 19 20 21 22 23 24 25 26 27 28 29 30 31 32 33 34 35 36 37 38 39 40 41 42 43 44 45 46 47 48 49 50 51 52 53 54 55 56 57 58 59 60 61 62 63 64 65 66 67 68 69 70 71 72 73 74 75 76 77 78 79 80 81 82 83 84 85 86 87 88 89 90 91 92 93 94 95 96 97 98 99 100
augia’s 65
aunty’d 27
andre’s 18
adempte 49
anemels 91
annowre 9
aughrim 42
anklets 77
altiton 49
anaemic 67
account 1 2 3 4 6 7 9 10 11 12 13 14 15 16 17 18 19 20 21 22 23 25 26 27 28 29 30 31 32 33 34 35 36 37 38 39 40 41 42 43 44 45 46 47 48 49 50 51 52 53 54 55 56 60 61 62 63 65 66 67 68 69 70 71 72 73 74 75 76 77 78 79 80 81 82 83 84 85 88 89 90 92 93 94 95 96 97 98 100
acoming 55
adverbs 63
altroue 53
aimless 13 39 41 48 55
affects 12 13 18 19 23 28 46 49 77 78 79 80 88 89 93 94 97
affecta 49
assizes 6 12 21 44 55 71 74 79 89 90
adversa 49
adverse 4 7 10 26 40 44 45 49 65 77 80 85 89 90
antwort 63
avulsum 49
abraham 6 12 14 27 37 40 41 45 46 52 55 57 60 71 73 81 82 83 88 91 97
accosts 50 55 65
absence 1 2 3 5 6 7 9 10 11 12 14 16 17 18 19 21 22 23 27 28 29 32 34 37 38 39 40 41 42 43 44 45 46 47 48 49 50 51 54 55 56 57 60 63 64 65 66 67 68 71 72 73 74 75 76 77 78 79 80 81 83 84 88 89 90 94 95 96 97 98 99
aeneius 49
absents 12
absent. 12
aeneids 49
almoner 43 49 82
almonds 18 28 39 42 53 55 59 77 93 94
aligned 55 57 86
abash’d 65
agrippa 12 49 73 74 90 98
anglais 12 55 94
amenity 49 50
assidue 49
assigns 40 49 53 55 64 78 80 95 97
assigne 45
amstext 63
andhelp 63
aridity 78 92
alright 55 59 62
anyhow. 31
alcyone 65
arene’s 65
armlets 53
armless 55 61
alonger 14
awokest 26
angling 39 49 73
allayed 11 12 26 37 44 45 46 49 55 56 72 80 81 84 94
albumen 13
aliorum 49
adustum 49
afeared 9 34 46 70
artfull 68
arstein 79
athenis 49
athwart 6 12 14 28 31 39 46 51 55 56 60 65 69 71 77 78 84
adhibet 49
alioque 49
alioqui 49
antemes 9
amounts 6 12 15 27 28 37 40 41 49 53 55 63 71 77 78 79 80 84 96
annonce 91
alchemy 77 85 92
affetti 49
affetto 39
arrowes 53
arenary 55
asculum 55
aereall 45
asperse 41 65
arcesse 49
artonge 12
amentia 49
atheism 26 40 41 49 89 92
atheist 12 26 39 41 49 65 83 85 89
aptaque 49
alpacas 40
acutely 4 10 11 19 29 31 37 39 41 42 46 47 51 56 71 77 79 85
amusing 5 7 10 11 12 16 18 19 21 23 26 29 36 37 39 40 41 44 48 49 50 53 55 56 65 68 70 71 72 77 78 79 80 82 83 85 94
acutest 11 26 41 68 85 92
apparat 63
ansiaux 12
annette 39
apparel 4 7 10 11 12 24 30 40 49 53 55 68 74 77 78 79 80 84 85 88 90 93 98 99
askance 3 9 12 21 27 37 39 40 41 55 56 68 72 77 79 85
a’ready 6 40 69
abrines 55
arrobas 53 77
arvenga 53
avolsis 49
ashford 71
acoloro 53
aditura 49
avenues 13 16 28 39 40 49 52 54 55 68 69 71 73 76 78 79 81 84 85 88
astuter 55
analyse 10 23 37 40 63 76 80 95
allan’s 56
analyze 12 25 29 32 39 41 51 79 84 85 92
almeida 53
alpibus 49
amantem 49
amantes 49
amssymb 63
annexed 7 11 19 41 44 45 49 53 56 73 83 92 97 98
annexes 81
achille 49
adelphi 46 49 55 71
ablatum 49
ansicht 39
aspects 12 13 27 34 35 37 39 40 48 49 71 78 79 80 83 84 85 94 98
agonies 1 4 10 11 12 13 14 19 21 22 27 36 37 40 41 44 54 55 56 60 71 73 74 77 79 81 84 85 90 94
adamite 12 40
agonize 12
arrow’s 35 65
abridge 10 12 19 49 76 78 97
achieve 7 9 10 12 13 26 30 39 40 41 46 49 50 51 55 63 66 68 69 71 74 76 77 79 85 88 90 92 95 96
ablamar 9
amended 9 19 26 45 49 53 82 83 97 98 99
apareno 53
adelite 55
aaaaaah 50
affurer 12
arbiter 7 12 23 37 39 49 65
adjourn 3 55 73 94
adventu 49
alienae 97
accords 51 65 77 79 80
addicti 49
alienum 28 41 49
alienis 49
alienos 45 49
authors 2 9 10 12 13 15 17 19 28 37 39 40 41 45 46 49 53 55 60 61 63 65 66 68 69 71 73 74 75 77 80 81 83 85 88 89 90 91 94
achaian 65
asleep. 24 38
abraded 12 55
argueth 45
alybean 65
accolon 9
anoints 21 40 71 77
alcoran 73
approve 4 9 10 11 12 14 15 16 19 23 26 29 31 35 37 39 40 41 44 45 46 49 56 61 65 66 68 70 71 72 73 74 75 76 77 78 79 80 81 83 86 88 90 92 94 97 100
accompt 83
aulaire 12
acquire 7 10 11 12 14 16 21 26 27 28 34 39 41 45 46 49 65 68 69 71 72 73 74 75 77 78 79 80 82 83 85 88 89 90 92 95 96 97
arrests 12 49 64 65 79
assyria 28 80 97
achaean 22
ambitus 84
alcoves 5 40
ambiunt 49
amusant 10
arnould 12
asiatic 7 12 28 39 40 65 66 73 84 92
ariuati 53
appalls 31
acolyte 77
alnight 55
artemis 23 65 80
arguing 6 11 13 14 27 31 34 35 37 39 40 41 42 45 46 49 51 55 65 69 77 78 80 95
althaea 65
aglaion 80
abigail 10 27 55
abducts 12
avenges 41 78 79
avenger 14 17 20 22 26 28 34 40 45 49 51 54 55 65 69 78 79 82 84 85 94
avenged 7 9 12 20 22 28 31 32 33 39 41 46 49 65 69 71 76 77 79 84 85 88
adamson 36
analoge 63
analogy 12 16 28 39 40 42 45 46 49 51 55 63 73 80 81 85
ambrose 45 55 88
acquada 53
annemal 91
annemel 91
