b’s 21 39 55
b.a 55 56
b.c 7 22 53 55 65 80
baa 32 70
bad 1 3 4 5 6 7 10 11 12 13 14 15 16 17 18 19 20 21 22 23 25 26 27 28 29 30 31 32 33 34 35 36 37 38 39 40 41 42 43 44 45 46 47 48 49 50 51 52 53 54 55 56 57 58 59 60 61 62 63 64 65 66 67 68 69 70 71 72 73 74 75 76 77 78 79 80 81 82 83 84 85 86 88 89 90 91 92 93 94 95 98 99 100
bah 10 12 18 27 33 36 37 39 41 46 55 68 71 76 78 79 93
bag 1 3 4 6 8 10 12 13 14 17 18 21 23 27 28 30 31 32 34 36 38 39 40 41 42 44 46 51 52 55 56 57 60 61 62 66 67 68 69 70 71 73 75 76 77 78 79 81 82 83 85 86 91 93 94 96 98 99
bal 12 39 53 77
bak 5 55 56
ban 9 10 12 24 26 43 53 55 66 72 74 84 89 90
bam 55
bap 33 53 83
bar 6 8 9 10 12 13 14 16 17 18 21 23 26 27 28 30 31 34 36 37 38 39 40 42 44 45 46 47 48 49 51 52 53 55 60 61 62 65 67 68 69 70 71 76 77 78 79 81 84 85 86 89 93 95 97
bat 3 12 18 22 26 29 33 40 46 48 55 67 69 74 78 80 90
bas 10 12 65 79 84 98
bau 63
bay 4 6 9 10 12 13 14 17 18 20 22 25 26 27 28 29 30 32 33 37 39 40 41 46 47 49 50 53 55 57 60 65 66 67 71 72 73 76 78 79 81 82 83 84 85 94 99
be. 16 21 31 38 71 76
bde 20
bed 1 3 4 5 6 7 8 9 10 11 12 13 14 15 16 17 18 19 20 21 22 23 24 25 26 27 28 29 30 31 32 33 34 35 36 37 38 39 40 41 42 43 44 45 46 47 48 49 50 51 52 53 54 55 56 57 58 59 60 61 63 64 65 66 67 68 69 70 71 72 73 74 75 76 77 78 79 80 81 82 83 84 85 87 88 90 92 93 94 95 98 99 100
bec 12
bef 63
bee 3 9 10 12 14 19 21 23 26 28 33 35 38 39 41 45 46 49 50 53 55 56 64 71 73 78 79 80 81 94
beg 2 3 4 5 7 8 10 11 12 13 14 15 16 17 18 19 20 21 22 23 25 26 27 31 33 34 35 36 37 38 39 40 41 42 43 44 46 49 50 54 55 58 59 60 61 64 65 66 67 68 69 70 71 72 73 74 75 76 77 78 79 80 81 82 83 84 88 90 92 94 95 98
bei 53 63
bel 12 39 65
ben 4 5 6 12 27 28 49 51 53 55 56 63 68 69 70 79
bem 12
ber 12 39 45 63 91
bet 12 13 14 21 27 30 31 34 37 39 40 41 42 44 50 53 55 56 65 67 68 69 70 71 75 77 78 79
bes 70
bew 63
bez 39 63
bey 28 79 83
bib 14 18 29 55 71 77 94
bid 1 4 6 7 8 9 10 11 12 13 15 16 18 19 20 22 23 24 26 27 30 35 37 38 39 40 41 42 44 45 46 49 50 55 56 60 64 65 67 68 69 70 71 72 73 74 76 77 78 79 80 81 82 83 84 85 88 90 92 94 95 97 98 99 100
bic 12
big 1 4 5 6 8 9 10 12 13 14 17 18 20 21 22 25 26 27 28 29 30 31 32 33 34 35 36 37 38 39 40 41 42 43 44 46 47 48 49 50 51 53 55 56 57 58 59 60 61 63 65 66 67 68 69 70 71 72 73 76 77 78 79 81 83 84 85 86 91 92 93 94 97 99 100
bil 39 63
bin 4 26 31 39 59 63 71 78 84 91
bip 12 55
bio 57
bit 3 4 5 6 7 8 9 10 11 12 13 14 16 17 18 19 20 21 22 23 25 26 27 28 29 30 31 33 34 35 36 37 38 39 40 41 42 43 44 46 47 48 49 50 51 52 53 54 55 56 57 58 59 60 61 62 65 66 67 68 69 70 71 72 73 76 77 78 79 80 81 82 83 93 94 96 97 99 100
bis 12 45 49 55 63 79
biz 55
bks 9 22
bla 55
ble 14 68
bly 29 50 70
bob 5 12 18 21 26 27 34 36 39 40 42 55 58 60 67 68 69 70 71 78 93 94
boa 12 21 40 42 55 59 71
boh 10 27 34 46 53 71
bog 6 10 27 28 39 42 43 46 55 65 71 72 84 94
bol 12 39
bon 10 12 13 18 26 31 40 41 49 53 66 77 82 84 92 94
bom 49 53 55
boo 28 50 55 58 70
bor 28 39 53 71
boq 61
bot 55
bos 12 49 55
bov 39
box 1 3 4 5 6 7 8 9 10 11 12 13 14 16 17 18 21 22 23 25 26 27 28 29 30 31 32 33 34 36 37 38 39 40 41 42 43 44 46 47 48 49 50 51 53 54 55 56 57 59 60 61 62 64 65 66 67 68 69 70 71 72 73 75 76 77 78 79 80 81 82 83 84 85 86 91 92 93 94 98 100
bow 1 4 6 7 8 9 10 11 12 13 14 16 17 18 19 20 21 22 23 26 27 28 31 33 35 37 38 39 40 41 42 43 45 46 47 49 51 52 53 55 56 57 59 60 61 64 65 66 67 68 69 70 71 72 73 76 77 78 79 80 81 82 83 84 85 91 92 93 94 100
boy 2 3 4 5 6 7 8 9 10 11 12 13 14 16 17 18 19 21 22 23 24 26 27 28 29 30 31 32 33 34 35 36 37 38 39 40 41 42 43 44 46 48 49 50 51 53 54 55 56 57 58 59 60 61 62 65 66 67 68 69 70 71 72 73 74 75 76 77 78 79 80 81 82 83 84 85 88 89 90 91 93 94 97 98 99 100
bra 53 63
bre 37
bro 12 53 83
bru 53
bub 13 55 70
bud 5 10 12 23 24 26 27 28 34 37 40 41 45 48 49 55 56 70 71 72 74 78 84 88 90 94
bug 12 14 28 41 55 61 67 69 70 77 79 94
bul 53
bun 10 37 41 55 78 94
bum 13 44 67 70
bur 9 55
but 1 2 3 4 5 6 7 8 9 10 11 12 13 14 15 16 17 18 19 20 21 22 23 24 25 26 27 28 29 30 31 32 33 34 35 36 37 38 39 40 41 42 43 44 45 46 47 48 49 50 51 52 53 54 55 56 57 58 59 60 61 62 63 64 65 66 67 68 69 70 71 72 73 74 75 76 77 78 79 80 81 82 83 84 85 86 87 88 89 90 91 92 93 94 95 96 97 98 99 100
bus 12 17 41 46 48 50 62 77 78 86 94
buy 1 2 4 5 6 7 10 11 12 13 14 15 16 18 19 20 21 22 23 27 28 31 32 33 35 36 37 38 39 40 41 42 45 46 49 50 51 53 55 56 57 60 62 64 65 66 67 68 69 70 71 72 73 74 75 76 77 78 79 80 81 82 83 88 90 93 94 95 98 99 100
by. 31 71
bye 3 6 10 11 14 16 17 18 19 21 22 23 26 27 31 34 37 40 42 43 44 46 47 48 50 54 55 56 57 60 61 62 66 68 70 71 72 76 78 79 80 84 91 93 94 100
bys 91
