breadth 9 10 12 14 17 18 21 22 25 26 27 28 31 34 37 39 40 41 43 44 46 47 48 49 51 53 57 59 60 63 65 71 72 73 76 77 78 81 82 84 85 88 93 94
bertist 12
balking 13 78
bifolco 49
bodkins 78
blewett 56
bulging 13 14 30 31 39 41 44 46 55 59 70 71
bileing 78
bolivia 40 55
bolivar 12
beldame 10 13 78
batiste 12 39 55
boulitt 91
banbazo 53
barague 12
breaded 71
boeotia 51 65
bothers 12 55
bellses 71
brasses 54 55 78
beast’s 9 10 12 38 41 61 72
berthed 6
bigskip 62
baddest 26
brabant 9
blocked 10 12 13 14 15 16 21 30 33 34 39 41 44 47 57 60 66 67 68 71 78 79 81
bencher 28 55
benches 1 10 11 12 13 20 22 23 30 38 39 40 41 42 49 51 52 55 56 68 69 70 72 73 77 78 81 83 84
bowlder 69
biffins 93
blended 10 12 16 17 23 27 39 40 41 42 49 55 65 68 71 72 76 78 81 84 85 89 93 94
belly’s 65
bellona 12 65
bellows 12 14 26 28 40 50 51 55 65 67 68 71 72 73 77 79 81
blubble 55
blubber 27 33 40 55 69 70 77
breaker 6 13 14 22 26 32 51 66 68 80
bluster 19 21 22 49 78
breakin 27 30
bowlful 73
bonitas 49
baggsed 70
bowless 65
baudwin 9
basnett 81
borquia 53
borquie 53
borzois 39
bungled 6 22 44
bungler 10 34
bickers 7 37 38
boulter 56
bothnia 39 84
bezique 55
brescia 12 49 79 89
bitches 55
bitched 55
bowling 6 10 12 13 19 40 73 78
bowline 40
buveurs 79
bussone 7
barruti 53
buyings 16
blimber 94
blotted 10 12 20 21 22 23 29 32 34 40 45 46 48 52 54 55 56 65 66 68 69 70 71 72 73 74 78 84 88 90 94
blotter 12 13 18
bacheux 12
berbeus 9
bachelu 12
belleus 9
banares 77
barring 6 12 13 31 39 41 44 55 68 70 79
belubed 40
bagging 27 40 52
breasts 12 14 26 28 31 35 40 41 44 45 46 49 53 55 65 66 70 71 73 76 77 78 79 82 85 88 89 93 94 97 98
baggily 34
breath. 3 71
bellied 12 17 18 22 26 28 40 49 79 93 98
bellies 12 22 26 33 40 44 49 52 55 65 81
bedecke 63
breathe 1 3 4 5 6 10 12 13 14 16 17 21 22 26 27 28 30 31 33 35 37 38 39 40 41 44 46 47 48 49 54 55 56 57 59 61 64 65 66 67 68 70 71 72 74 76 77 78 79 80 81 84 85 88 89 90 92 94 98
breaths 5 9 12 13 14 17 26 30 37 40 55 56 67 68 69 70 72 83 94
bellias 9
betsy’s 68
barrier 8 10 12 14 18 27 32 34 37 39 42 44 48 49 65 67 71 72 74 75 76 77 78 79 81 82 84 89 90 94 95
bellart 12
barrows 12 14 20 28 37 53 73 78
bellaus 9
belches 55 77
belcher 67 68 83 98
belched 12
bagpipe 12 54 77
banjoes 13 67
bellamy 81
blushed 1 4 10 11 12 14 16 19 24 27 34 37 39 41 42 44 49 55 56 57 66 68 69 71 72 78 79 82 84 85 88 93 94 100
barrois 49 79
blushes 10 12 14 16 19 23 26 28 39 42 46 49 55 65 71 78 79 85 92 94
bauduin 12
binding 4 7 12 13 14 18 20 21 22 23 24 27 31 32 37 39 40 41 45 46 49 51 53 55 60 65 68 71 72 73 74 77 78 79 80 83 85 89 90 92 97
barroom 13 27
bouddha 12
bindeth 27 45 65
barry’s 55 56
banshee 42 55 78
bachian 53
blaesis 49
bucelin 12
bitch’s 55
babuino 79
boylike 17 44
bearpit 55
boycott 55 86
blankly 17 37 41 42 48 51 56 57 67 78
bruyere 49
blanker 72
blanket 12 13 17 27 31 32 33 37 39 40 44 46 49 51 55 56 59 60 66 67 68 69 70 71 73 77 79 81 83 86 94
blanked 30
bressed 4 40
baggage 4 9 12 13 22 27 28 30 32 33 37 39 40 46 49 50 55 60 65 67 70 71 73 77 78 79 82 83 85 86 88 94 99
barrack 12 14 31 55 78
birched 44
birches 28 38 39 41 56 72 94
barrant 49
barrasa 53
barraud 34
balatro 12
bentley 14 50 56 65 81 90
bezieht 63
betakes 40 77
betaken 9 12 20 40 55 56 79 84
barille 53
buskins 12 47 55 60 77
bananas 35 53
bizarre 12 21 31 34 35 46 67 84
bizarro 12
baggers 51
boudoir 5 10 12 17 27 41 44 46 55 78 79 82 84
barrel. 38
barrena 53
barrels 4 6 12 13 17 27 28 33 38 39 40 41 42 43 45 49 50 52 55 60 69 70 71 73 76 79 81 84 85 93 94 98
bogging 28
barrens 27 30 40 56
bonanza 30
barrett 81 83
bentham 89 92
blush’d 65
blotchy 14 37 55
burgher 39 40
blandly 6 14 21 34 39 41 42 46 50 51 55 68 71 78 94
blandis 49
blemish 11 12 40 44 45 49 55 65 71 77 78 79 84
balando 53
balance 4 6 10 12 13 14 16 17 21 23 26 27 28 31 34 36 37 39 41 43 46 47 48 49 51 54 55 56 57 59 60 65 67 68 69 71 72 73 76 77 78 79 80 83 84 85 89 92 94 97 100
bella’s 16
bugeaud 12
beuendo 53
bearing 2 4 6 7 9 10 11 12 13 14 15 16 17 18 19 20 21 22 26 27 28 29 30 31 32 34 35 37 39 40 41 43 44 45 46 47 48 49 50 53 55 57 59 60 61 65 67 68 71 72 73 74 76 77 78 79 80 81 83 84 85 88 89 90 92 93 94 95 97 99
balsamy 56
boggles 55
bajazet 49
blanche 9 10 12 16 21 40 44 55
bilding 91
braccio 7 53
boggled 55 94
berated 27 44
biassed 21 28 49 73 97
bearish 55
bittern 28 43
bitters 13 23 40 42 55 70
bawling 12 14 27 37 40 41 47 48 49 55 71 76
busters 30
burgess 19 49 55 58 83
bolster 12 27 37 39 55 78
blemeur 12
bonjour 12 37 39 55
briseis 65
belting 69 70
borrows 9 12 49 55 78 80
bearded 10 12 17 21 26 34 35 38 39 40 43 48 49 52 53 55 56 60 65 76 77 79 85 94
bedding 4 5 12 13 14 17 22 33 39 44 49 51 59 60 78 81 84
burglum 73
besetzt 63
birch’s 53
burglar 10 12 13 21 40 41 43 46 56 67 80 94
burgled 21
bustled 10 18 21 22 23 34 38 39 41 46 51 52 66 68 72 76 78 94
bustles 40 83
balaoan 53
bearers 8 12 13 14 16 20 26 28 31 39 40 41 53 68 71 73 76 77 78 79 80 81 93
bearest 77
beareth 9 20 26 45 88
balanno 53
blurted 18 37 41 46 67 69 71
bathtub 12 55
busting 14 48 68 70
bustill 83
beddere 49
baladao 53
bathing 1 3 11 12 13 16 18 28 33 35 37 38 39 40 44 47 49 55 61 67 69 77 78 79 81 82 88
bracken 10 23 43 55 56
bracket 20 27 46 55 56 63 79 94
balaene 40
blurred 12 14 23 31 40 43 55 63 67 73 76 77 80 84 94
brisket 17 55
brisken 70
brisker 6 14 38 39 49 65 70
briskly 5 6 12 13 14 16 17 21 22 26 27 38 39 41 42 46 48 49 51 52 55 56 61 68 69 71 72 76 77 78 79 85 93 94
bedmate 20
brachet 9
brachia 49
bonsoir 55
berania 53
bracing 10 17 18 27 28 40 42 46 49 55 67 71 72 77
belknap 51
barques 40 83
berryin 78
burgund 55
burying 4 11 12 13 14 16 17 18 20 23 27 28 37 39 40 41 51 53 55 56 60 64 65 66 69 70 76 77 78 79 81 91 93
bygones 6 42 50 55 78
bathory 49
board’s 68
brauche 63
beehive 40 52 55 70 78
balafre 49
blossom 5 10 12 16 17 18 22 23 24 28 35 39 40 46 47 49 55 56 62 64 66 70 71 72 74 77 78 85 90 94 100
blossen 63
broiled 18 40 49 52 55 56 60 71 78 99
bolkhov 39
bawlers 26 92
betroth 81
billors 91
beowulf 20
billows 4 6 10 12 18 20 28 38 40 46 49 51 55 65 66 71 76 77 79 81 84 88
billowy 31 48 55 69 72 76
brissac 49
brisson 40 49
bensons 44
bracton 40 97
beard’s 41
blamore 9
bolters 14
boddeys 91
bummers 70
boville 79
billy’s 33 42 55
boswell 21 83 94
bubbled 5 6 12 20 22 30 33 40 52 55 58
bubbles 13 17 23 26 28 35 39 40 47 55 65 71 78 86
blammin 70
bucolic 12 55
bserver 27
bensley 81
bathest 65
balc’ny 13
bathers 18 55
beseems 65 78
batheth 26
beseech 9 12 22 26 27 37 39 40 41 46 49 66 71 72 78 79 80 82 85 88 93 94 98 99
bribes. 41
bribery 11 12 13 15 45 46 51 73 77 78 79 80
billies 55
bumming 67
brister 28
bristow 55
boarder 6 12 14 16 34 44 66 67 71 74 78 90
boarded 4 6 13 14 17 18 20 28 34 39 40 46 52 53 55 56 69 71 73 77 79 81 82 83
bristol 6 16 19 21 23 53 55 73 78 83 85
bristle 12 13 33 49 78
bristly 10 31 39 65 77
bruzare 53
bounden 9 20 55 56 70 77 84 94
bolting 10 14 22 37 40 46 48 55 58 68 71 79
bounder 40 55
bounded 4 6 7 10 12 13 16 17 20 21 22 23 27 28 29 30 33 34 37 38 39 40 41 42 43 44 45 46 49 53 54 55 56 58 61 63 65 67 68 69 70 71 72 73 74 77 79 81 82 83 84 88 89 90 94 97
billing 44 55 77
boundin 27
baulked 44 71 77
billion 13 17 40 41 48 70
blosius 49
bretons 12 77
bouncer 94
bounces 71
bounced 14 27 40 56 66 67 70 71 94
bubbies 44
betimes 9 10 12 14 26 27 28 38 43 49 65 68 71 76 77 78 85 98
busling 45
bivalve 55
blmstup 55
blaming 10 11 13 16 26 37 39 41 45 49 50 69 70 71 72 79 80
bloated 5 10 13 14 23 25 26 28 33 34 35 37 39 40 41 46 49 55 65 76
baker’s 12 14 16 28 38 48 55 66 67 71 76 79 100
bribing 13 19 41 73 83
bloater 55 71
bekommt 63
billet. 21
betrays 1 28 37 39 49 65 78 79 92
bedlock 55
bykov’s 39
billets 7 13 34 39 49 55 76
braunau 39
bepaint 23
brausen 63
blamest 88
bewusst 63
bonbons 10 18 79 94
bitaube 65
berries 4 5 6 17 26 27 28 38 41 51 55 64 70 73 74 80 85 90 93 94 99
berried 56 78
britain 9 11 14 15 21 27 28 40 42 55 63 71 73 74 76 77 78 79 81 83 84 89 90 93
begging 2 4 6 7 8 10 11 12 13 14 16 17 18 19 21 22 27 32 35 36 37 38 39 40 41 44 45 48 49 53 55 59 60 66 68 69 70 71 72 73 77 78 79 80 81 82 88 94 95 99
bulimia 45
betides 32 71
broader 12 14 16 19 21 27 28 30 34 37 39 42 43 47 48 49 51 56 65 73 76 77 78
broaden 46 51
blither 10
bascule 86
broadly 5 10 12 16 20 31 37 39 40 42 44 49 51 54 55 86 95
benares 12
bautzen 12
botanic 28 55
brito’s 53
besides 1 2 3 4 5 6 7 8 9 10 11 12 13 14 15 16 17 18 19 21 22 23 24 25 26 27 28 29 30 31 32 33 34 35 36 37 38 39 40 41 42 43 44 45 46 47 48 49 50 51 52 53 54 55 56 57 58 59 60 61 63 65 67 68 69 70 71 72 73 74 75 76 77 78 79 80 81 82 83 84 85 88 89 90 91 92 93 94 95 96 97 98 99 100
bandito 53
banditi 53
bandits 12 79
banding 40
bandini 7
bayou’s 18
bandied 16 34 40 49 85
broaken 91
besiege 7 35 65 81 83
baldwin 77 81 97
blazers 67
batture 18
bianca. 79
bianchi 7
biancho 53
biancha 53
blowing 5 6 9 10 12 13 14 18 21 22 23 27 28 29 30 32 33 34 37 38 39 40 41 42 45 46 47 48 49 50 51 52 53 54 55 56 58 60 66 67 68 69 70 71 72 73 76 77 78 79 81 84 88 94 100
beauty. 71
baboons 28 49
beechen 28 65
beeches 21 27 29 51 56 77
beecher 27 51
beautys 55
benezet 81 83
batches 12 30 46 77
bakings 4
bayonet 12 13 39 40 78 79 82
buybull 55
bayonne 12 79 81
bradish 70
britiis 53
bibines 12
broschi 82
biednam 13
british 6 7 9 10 11 12 14 15 21 22 23 28 34 40 43 46 48 52 53 55 56 63 65 69 71 73 75 76 78 79 81 83 84 85 89 94 95
balmuff 73
bosom’s 55 77 80
blowest 38
bloweth 26
blowers 78
belfast 40 42 55
byfleet 48
benny’s 4
behoved 7 55 65 71 76
behoves 28 47 55 77 78
barcque 53
bedpost 1 55 59 69 93
benwick 9
bramble 12 14 21 43
bermuda 21
bandana 18 40
bandage 6 8 10 12 13 14 17 21 27 37 39 41 42 46 60 65 68 69 70 77 78 79 84 93 94
bravado 12 13 16 29 37 39 41 44 49 50 51 77 79 84
beech’s 65
brady’s 55
bandbox 11 12 28 40 57 71 94
bypaths 55 92
blephen 55
beaujon 12
battled 10 11 40 51 85 93
battles 7 9 12 13 15 18 20 28 30 31 33 39 40 41 42 44 46 49 51 53 55 58 60 65 67 70 73 76 77 79 80 81 82 89 94 96 97
bradley 43 56 95
bowered 5
baldric 49 65 77
bandere 53
barclay 15 39 55 71 80 81 97
bandera 53
bravely 4 12 13 17 20 22 27 28 29 30 36 37 38 39 40 41 42 43 46 49 51 53 55 56 58 59 61 65 66 68 69 71 72 73 76 77 78 82 85 92 94 98 100
bravest 6 12 15 17 20 22 23 26 30 39 40 43 46 49 53 55 65 77 79 80 92 97
bravery 12 14 20 26 28 29 30 33 38 39 40 41 42 46 48 49 53 68 76 77 80 81 92
beaufet 16
behold. 71
beetles 5 12 14 23 26 33 37 39 41 50 54 55 67 100
balmies 50
bennets 11
bennett 30 40 55 81
beholds 12 20 28 40 41 65 77 78 79 80 82 84 88
bennet. 11
britons 6 9 14 15 40 81 83 97
beaufoy 55
bulrush 28 68 100
bunions 55
bikkuri 66
battoir 12
barcino 77
beshrew 55
braving 18 19 21 27 71
battell 45
belerma 77
bartram 28
battens 39
bosomed 10 20 77
batters 96
battery 12 13 14 33 37 39 40 41 48 49 55 57 68 69 71 78 79 81 83 84 85 86 94
before. 10 38 41 56 71
benefit 4 6 7 10 11 12 13 15 16 18 19 23 27 28 29 32 35 36 37 39 40 41 42 44 45 48 49 51 53 55 56 59 60 66 68 69 71 72 73 74 76 77 78 79 80 81 82 83 85 88 89 90 92 93 94 96 97 99
bouffes 79
baldest 28
bocacio 53
bekannt 63
brittle 9 10 11 26 28 36 40 47 48 49 55 57 60 61 65 67 78 80 83 88
britton 91
beman’s 27
breunor 9
beacons 20 28 65 78
bubchen 94
batting 56
baldini 7
breusse 9
beneath 1 4 5 6 8 9 10 11 12 13 14 15 16 17 18 19 21 22 23 24 26 27 28 29 30 32 33 34 37 38 39 40 41 42 43 44 46 47 48 49 50 51 52 55 56 57 64 65 67 68 69 70 71 72 73 74 76 77 78 79 80 81 82 84 85 86 88 90 92 93 94 96 97 98 100
biretta 39
beached 6 17 22 40
beaches 6 12 28 30 33 40
britzka 79
bruised 4 9 12 13 14 18 19 20 22 27 30 33 37 38 39 40 41 46 48 49 60 61 65 67 68 71 72 73 74 76 77 78 79 80 81 90 92 94
bruises 12 22 27 30 32 34 37 41 43 49 65 68 69 72 73 77 78 79 94
bruiser 13 55
burials 9 12 49 73 83
bruited 12 40 55 71 79 84
bricked 68 70 78
bective 55
bazaars 10 39 79
buried. 12
bemired 10 12 55 73
bagrati 39
beleeve 45 49
beatriz 53
beleefe 45
beale’s 40
bulauan 53
botkine 20
bartley 70
becky’s 69
beckons 64 78
baird’s 55
bedouin 39
buggies 51 56
bottels 91
blythes 56
bavaria 7 49
beleave 91
branchy 10 33
boldest 12 14 20 26 30 32 33 39 40 42 43 49 65 68 71 73 76 77 79 84 94
boasted 4 5 10 11 12 13 15 16 17 18 20 22 35 39 40 41 42 49 58 65 72 77 78 79 81 83 84 89 93
boaster 49 55 65 80
broken. 12 38
brokery 71
brokers 13 27 55 75 77
brilles 12
barkers 12 68
barketh 26
brillon 83
buggers 44 55
buggery 55
beeswax 42 60 70
badness 5 19 39 41 49 60 77 78 80 92 94
bredren 27
bartell 42 55
beating 3 4 5 6 8 10 12 13 14 17 18 21 22 23 26 27 29 30 31 32 33 34 35 36 37 39 40 41 42 43 44 46 47 48 49 50 51 53 55 56 57 58 60 61 64 65 67 68 69 70 71 72 73 76 77 78 79 80 81 83 84 88 91 93 94
bedford 4 28 32 40 55 81
brangan 55
bride’s 10 12 14 21 27 40 41 76
brangle 27
borcegu 77
barbosa 53
barking 3 9 10 12 13 17 18 22 27 28 30 33 37 38 39 41 46 49 52 55 60 61 65 68 69 70 71 77 78 79 88
brandes 55
brander 81 83
branded 4 6 12 14 20 21 23 27 37 40 49 55 56 71 72 75 76 79 81 85 92
barkis. 71
broking 71
barboza 53
bottle. 71
bottles 4 6 8 12 13 14 17 21 26 27 28 34 37 39 40 41 42 43 44 45 46 49 54 55 56 59 60 66 67 68 69 70 71 75 76 77 78 79 82 93 94
bottled 27 40 41 42 48 55 71
banches 50
brandon 19 23
beckers 67
beckett 45
berulle 12
ballots 74 90
balloon 12 14 28 37 39 40 47 48 55 56 61 67 78 94 100
brevity 2 7 10 11 23 29 40 41 48 49 51 55 73 76 78
bondage 4 7 9 10 14 22 24 26 27 32 35 37 39 41 45 51 54 55 60 61 65 68 70 74 77 78 79 81 85 88 89 90 92 98
bonuses 55
borchie 53
beaters 23 33 40 55 77 78
ballets 12 55
balless 91
batavia 82
ballena 40
burrows 5 12 28 43 47 73
bofeton 12
breed’s 28
babet’s 12
blinked 17 21 29 31 33 39 42 43 46 55 70
berufen 63
behests 9 22 65 80
ballast 14 40 42 46 55 65 68 71 81 92 94
brother 1 4 5 7 8 9 10 11 12 13 14 16 17 18 19 20 21 22 23 25 26 27 28 29 30 31 32 33 34 36 37 38 39 40 41 42 43 44 45 46 47 48 49 50 51 53 54 55 56 58 59 60 61 62 65 66 67 68 69 70 71 72 73 74 75 76 77 78 79 80 81 82 83 84 85 88 90 91 92 93 94 97 98 99 100
brothel 12 13 51 55 67
beyond. 41
barbary 40 49 55 60 67 77 78
barbaro 55
barbari 12 49
barbare 79
barbara 10 39 55 67 87
beruhen 63
barbase 53
barbati 53
brevier 55
bawways 55
bottom. 21
bottoms 12 19 20 26 28 44 48 51 65 70 71 78 81 83 84
bottome 45
bridals 40
barbier 12
baptise 55 77 88
baptism 4 18 27 39 40 46 49 51 53 55 64 71 75 77 79 85 88
baptist 4 27 45 49 51 55 56 70 83 85
baptiza 53
baptizo 40
baptize 45 49 53 92
brushed 4 5 6 10 12 17 18 21 23 24 26 27 29 31 33 34 35 37 38 39 40 41 42 46 48 50 55 56 57 67 68 69 71 76 78 79 85 93 94
brushes 5 12 14 18 23 24 37 38 47 50 55 67 71 72 78 79 84 86 94
bohemia 12 21 39 49 53 55
brushup 55
balling 94
ballina 55
balcony 7 10 12 13 23 27 37 39 41 42 43 46 50 55 70 71 77 78 79 85 94 100
branler 44
boughed 56
boughes 45
blingee 55
barbers 9 12 55 77 80 83
barberi 79
bending 4 6 10 12 13 14 16 18 21 22 23 26 27 28 30 31 32 34 37 39 40 41 42 44 46 48 49 50 53 54 55 56 57 60 61 64 65 66 67 68 69 70 71 72 73 74 76 77 78 79 80 81 84 85 90 93 94 99
bendis. 80
bespoke 19 34 38 55 65 68 71 72 74 79 90
berlins 12
bougive 84
bransby 84
bloddey 91
betty’s 4 19 55
blinder 16 55 68 76 78
blinded 4 11 12 13 14 16 17 18 19 22 27 30 37 38 40 41 45 46 47 48 49 51 53 60 61 67 68 69 71 74 76 77 78 79 81 88 90 91 97 99
bridged 26 28 57 65
bridge. 21 38 39
banbury 55 73 83
blindly 8 10 12 13 14 18 19 23 26 28 31 35 40 41 43 45 48 49 51 55 60 67 71 76 79 80 83 84 87 94 97
bridget 44
bridges 5 9 12 14 18 26 28 30 39 40 42 46 48 49 51 52 55 56 61 68 78 86 94 98
brocade 5 23 37 50 53 56 66 76 77 78 79 94
beakers 20
bondman 4 22 32
bwother 39
benders 28
bendeth 26
behelfe 63
brawler 39 41
boebe’s 65
brawled 9 23
blouses 12 42 55
breeder 14 22 26 28 32 49 55 80
botchen 53
botched 8 26 49 55 92
bondmen 7 45 51 80
ballagh 55
ballads 9 10 12 41 65 71 77 83 91
boating 14 48 55 71 78 94
bespeak 19 30 40 49 68 71 72 73
bulbous 25 40 43 55 67 78
bulkily 55
brocato 53
bulkier 55 77
bishups 91
buzzard 34 55 73 77 79
botchup 55
bacillo 49
bacilli 55
bendara 53
bockedy 55
breen’s 55
benumbs 12 49
bankers 12 13 21 40 46 50 76 79 94
bertram 56 79 85
better. 38 41 71
bettern 50
betters 14 22 23 27 33 40 41 45 50 65 68 71 77 88 91
boffete 12
boatman 12 46 48 55 71 79 83
blow177 65
beastly 12 13 14 17 28 31 41 50 55 71 75 76 78
boatmen 4 14 22 40 71
brendan 55
budding 10 12 25 28 39 40 44 49 51 55 69 74 77 79 85 90 94
because 1 2 3 4 5 6 7 8 9 10 11 12 13 14 15 16 17 18 19 20 21 22 23 24 25 26 27 28 29 30 31 32 33 34 35 36 37 38 39 40 41 42 43 44 45 46 47 48 49 50 51 52 53 54 55 56 57 58 59 60 61 62 63 64 65 66 67 68 69 70 71 72 73 74 75 76 77 78 79 80 81 82 83 84 85 86 87 88 89 90 91 92 93 94 95 96 97 98 99 100
bridle. 38
brusque 10 12 31 39 62 94
bridled 9 29 39 49 55 77 82 94
bridles 9 12 20 27 39 49 65 72 76 77 82
bwushed 39
brimful 39 40 49 55 69 72 77 93
banbino 53
betting 23 28 37 39 55 67
buzzeth 98
brimley 24
begriff 63
begins. 12
bankiva 53
brimmed 10 12 14 21 27 40 41 42 56 66 68 71 72 78 79 85 94
banking 13 14 21 46 48 51 55 59 67 71 76 78 79
brute’s 14
brewage 55
bishops 12 13 41 42 45 46 49 51 55 66 69 73 77
brouage 49
banks’s 40
bitumen 12
bedewed 27 44 49 74 79 84 88 90 94
birdgod 55
brocken 12
buzzing 10 12 13 18 21 26 28 34 35 39 46 49 52 55 61 65 70 73 76 78 79 80 84 88
burslem 47
blake’s 24 55
bambino 12 53
besteht 63
brewers 13 42 78 92
brewery 14 40 55 68 76 94
bestead 9
bates’s 16
bestest 55
begg’st 65
brent’s 4
bordeau 12
brenius 9
behight 9
boiardo 77
brewing 10 12 13 14 16 18 22 27 30 41 43 48 57 68 70 71 79 93 94
bamboos 4 33 53
bateman 55 81
bunbury 75
borders 5 6 7 9 10 12 20 21 27 28 39 40 42 43 46 48 49 51 65 69 71 72 76 77 78 79 80 83 84 94
bunting 13 39 40
bunthun 53
bedizen 85
butando 53
batelli 53
batello 53
batelle 53
bestand 63
bergamo 7
beskift 9
brought 1 2 3 4 5 6 7 8 9 10 11 12 13 14 15 16 17 18 19 20 21 22 23 24 26 27 28 29 30 31 32 33 34 35 36 37 38 39 40 41 42 43 44 45 46 47 48 49 50 51 52 53 54 55 56 57 58 59 60 61 63 65 66 67 68 69 70 71 72 73 74 75 76 77 78 79 80 81 82 83 84 85 88 89 90 91 92 93 94 95 97 98 99 100
brenner 85
boxcars 13
brennus 12 49
burstin 5
bambaso 53
bedrock 55
burbage 55
bursten 65
breezes 12 18 20 26 27 28 30 34 38 40 49 51 55 56 65 66 71 74 77 90 94
bursted 81
bording 12
blasius 39
bilious 10 14 16 26 37 39 40 50 55 71 78 93
binzuru 66
biscuit 4 6 12 14 18 27 31 32 39 40 42 44 46 48 49 51 53 55 60 67 71 73 77 78 79 81 83 94
bodgers 71
bedroom 1 5 10 12 13 14 17 18 19 21 22 23 29 33 34 37 38 39 40 41 42 43 44 46 48 50 51 54 55 56 57 59 67 68 69 70 71 72 74 76 78 79 84 93 94 100
brewnor 9
bambazo 53
burke’s 40 42 51 55
bonedry 55
bumpers 40 49 71 76 83
boleros 55
betoken 40 45 68 75 79 85 92
boner’s 13
bewails 20 39 77
bones’s 6 52
bouhier 49
bumpkin 40 77 84
boorish 14 52 66 71 77 80 85 92
briefer 64 84 85 86 89
bullets 6 12 13 27 33 39 40 60 69 70 73 76 77 79 96 99
briefly 4 6 7 9 10 11 12 13 16 17 19 20 21 22 26 27 29 32 35 37 39 40 41 45 46 51 53 54 55 56 59 65 67 68 71 72 74 77 78 79 80 85 88 89 90 92 93 95
bulldog 13 21 37 42 43 55 70
bonnetj 53
bonneti 53
bonneta 53
bonnets 1 10 12 13 18 23 44 55 70 71 78 83 94
bonnell 83
brutish 28 34 37 45 49 51 54 55 60 82 97 98
bumping 13 14 17 21 29 40 55 93 94
bwought 39
basilan 53
basilio 77
bulling 91
bullies 4 17 40 46 50 73 77 78 80
bullier 34 69 70
bullied 10 12 14 23 33 40 41 42 50 71
baculus 49
bullion 12 13 21 55 79
berones 45
bruce’s 4 55
brouses 91
broused 91
bewahrt 63
brousse 49
baloo’s 33
bonniti 53
barebum 55
bonnier 94
byuyere 49
bicolor 28
bringer 9 22 26
bringen 63
balfour 7 81 95
baiting 14 49 72 81
bringin 5 27 46
bunched 30 40 55 70
bunches 10 12 42 44 48 60 66 68 70 71 76 77 78 93 94
bullock 13 14 26 33 37 45 55 71 92
bibbing 88
busoni. 79
bigwigs 12 39
brienne 12 49
buoyant 4 6 10 18 26 27 28 39 40 55 72 77 84
bully’s 6 55
biquier 53
badhaus 79
brouwer 52
barnard 14
belying 39 77
bonny’s 56
breffni 55
biliary 55
bannons 55
bibbers 28
bragged 7 17 30 41 49 70
budelle 53
bragges 16
beklesh 39
basil’s 23
bivouac 12 39 55 79 84
bedight 55 93
beverly 87
bragdon 64
bevered 9
bluntly 10 12 19 26 27 37 39 40 42 49 92 94
blunted 10 12 27 40 49 61 65 71 77 78 79 80 88
blunter 14 77
bigelow 83 85
bromide 5
bleiben 63
borel’s 79
brucine 79
burthen 15 45 49 54 73 81 83 84 88 89
bloowho 55
bewitch 41 45 77
bigness 6 40 49 54 55 73 80
bouquet 12 21 27 28 39 42 55 56 66 71 79 82 94
boreens 55
balfe’s 55
brinton 53
bacchus 22 37 39 45 49 65 94
buttall 81
besants 9
boredom 39 41 67 78
boiteux 79
biology 23 26 48
blarney 55
bologna 7 12 13 23 30 49 53 77 79
bluesky 63
belgium 12 42 55 79
bornant 12
belgian 12 23 42 43 55
banners 8 9 12 13 14 39 40 53 55 56 67 77 84 89 92
bromley 11
babylon 12 28 40 45 49 55 71 78 79 82 85 88 99
betwixt 9 14 26 32 33 43 45 49 60 65 68 70 71 73 76 78 84 85 88 92 97 98
boloine 9
bacleis 55
begloom 26 92
beguile 9 10 12 14 22 68 72 76 77 78 88 94
buttery 12 49 55
bahorel 12
buttend 55
bajocco 79
blunt’s 6
blaring 76
brayden 55
bloxham 75
burtons 40
banning 20 72
between 1 3 4 5 6 7 8 9 10 11 12 13 14 15 16 17 18 19 20 21 22 23 26 27 28 29 30 31 32 33 34 35 36 37 38 39 40 41 42 43 44 45 46 47 48 49 50 51 52 53 54 55 56 57 58 59 60 61 62 63 64 65 66 67 68 69 70 71 72 73 74 75 76 77 78 79 80 81 82 83 84 85 86 88 89 90 91 92 93 94 95 96 97 98 99 100
bornean 53
brayers 77
bloomin 5 46
bloomed 5 10 23 29 57 67 71 72 74 79 84 85 90 94 100
babydom 94
badgers 5
butting 17 27 55 70 78
bolonia 53
bombazo 53
bombast 49 55
bombard 39 59
boyhood 4 5 12 14 22 23 27 28 31 39 41 49 51 55 57 69 71 72 74 77 78 83 84 85 88 90
boosing 42 55
bonfire 6 10 13 18 28 39 47 55 77 83 94
bonfils 18
blunder 7 10 12 16 18 19 28 37 39 40 41 51 53 55 57 68 69 71 72 77 92 94
barmaid 21 55 71
bluejay 70
bourbon 12 39 49 77 83
blueing 12
braying 12 32 38 44 55 73 77
buttock 9 44 82 98
babyish 40 41 55 72
buttons 3 5 6 8 12 13 14 16 18 21 36 37 38 39 40 42 49 52 55 59 66 67 68 69 70 71 77 78 79 83 93 94 99 100
bardoor 55
bouilli 82
bourder 9
bourded 9
bourdon 12 23
bugaboo 12 84
brioche 12
baneful 18 46 65 79 80 89
bourgon 12
berwick 23 83
blair’s 56
bibalon 53
buzaron 44
bloofer 46
benoith 55
beloved 1 3 4 7 9 10 11 12 16 17 18 19 20 21 22 26 27 28 32 35 37 38 39 40 41 44 45 46 49 54 55 56 60 64 65 66 68 71 72 73 74 76 77 78 79 80 81 82 84 85 88 89 90 91 92 94 98
bourges 79
bourget 79
besitze 63
besitzt 63
bloodie 65
blooded 13 20 21 27 28 34 39 40 43 44 48 55 70 72 78 79 92 93
beaming 4 6 10 12 14 16 23 26 27 29 32 39 41 50 52 55 56 57 65 66 68 70 71 74 76 78 79 84 85 90 93 94
baleine 40
bhagvat 28
beavers 16
bashful 11 14 19 21 26 33 35 37 39 40 41 49 52 55 65 66 68 70 71 77 78 94
bloom’s 55
baffles 20 49 84
baffled 1 10 12 13 14 21 27 29 31 39 40 42 43 46 49 54 57 65 67 68 69 71 74 76 77 78 79 81 84 90 94
baisais 12
baleful 12 20 21 27 34 40 46 65 71 78 93
beamend 55
broncho 55
belov’d 49
beamest 77
beameth 26
bournon 12
bedhead 55
balneum 88
baalbec 100
brudder 4
berners 44
beadles 24 68 78
busying 12 39 40 41 68 71 84 85
boileau 12 41 65 79
belongs 3 4 5 7 8 9 10 11 12 13 14 16 18 19 20 21 22 23 26 27 28 30 33 34 35 36 37 38 39 40 41 44 45 46 49 50 51 53 55 56 58 61 63 65 66 67 69 70 71 73 74 77 78 79 80 83 85 88 89 90 91 92 95 96 97
bianqui 53
bianque 53
blazons 79
blights 10 19 24 78
boilers 12 27 39 40 42 48 71 78 86
bonoque 49
bernagh 55
bernabo 7
brown’s 13 16 51
butcher 5 6 10 12 13 14 16 18 19 22 26 28 31 33 38 40 42 46 47 48 49 55 60 66 68 70 71 73 76 78 79 94
beading 57
beeline 55
b’lieve 18 27 51 71
bowings 40
buffalo 4 13 18 21 26 27 28 33 40 53 55 66 69
bernard 12 30 40 41 42 45 49 50 55 79 90 94
boobies 12 40 79 92
boiling 6 10 12 13 14 16 18 21 22 27 28 32 33 37 38 39 40 41 43 44 46 48 49 51 54 55 60 65 68 71 72 76 77 78 79 81 83 84 88 94 99
blood’s 27 41
backers 55
bingley 11
bereits 63
bundled 13 30 33 42 55 57 67 71 72 78 94
bundles 13 14 21 27 30 31 37 38 39 40 42 48 51 53 55 57 68 69 70 71 73 78 79 84 85 94
bereich 63
bedpust 14
brahman 35
brahmin 12 49
bereave 9 20
blowout 55 69
backker 91
bibisti 49
butlers 66 73 79 93
buffets 9 14 73 77
blazing 5 10 12 13 14 18 20 21 22 23 27 29 30 31 33 34 38 39 40 43 44 46 48 51 53 55 56 57 65 67 68 69 70 71 72 73 76 78 79 80 84 85 90 93
byrne’s 42 55
buckets 12 17 22 26 28 38 40 49 55 68 73 77 78 83
backing 12 14 17 26 28 33 37 40 44 55 58 68 71 78
bingham 55
buckley 65
buckles 10 12 21 30 34 52 55 56 60 61 65 76 79 81 83 94 100
buckler 12 17 20 26 40 45 49 55 65 77 78 85 88
buckled 6 9 12 15 28 30 39 42 46 55 65 70 73 77
belsize 48
balin’s 9
bushels 12 13 28 49 51 60 70 71 76 77 78 97 99
beggeth 26
bookies 55
bodices 12 39 40 61 71 79
bodiced 44
begged. 37
bossu’s 65
belayed 40 73
borodin 39
bookish 37 39 49 83
booking 55 71
bootees 42
benamor 55
bossing 50
bladder 39 40 44 45 49 55 65 69 73
bucking 4 6 55
brownie 10 61
brontne 20
browner 78
browned 5 14 55 94
booklet 55
brazier 12 21 23 27 55 66 71 77 79 84 93
brazils 60
boujean 12
beggar. 71
buffoon 26 37 39 41 77 80 92
beggars 2 12 13 18 22 26 28 34 35 39 40 41 42 45 49 51 55 66 72 73 74 76 79 80 81 82 83 90 93 94 100
beggary 21 37 71 73 80 88
banquet 3 7 12 13 14 20 22 26 36 39 40 41 43 46 49 52 53 55 60 65 68 71 77 78 79 80 81 85 94 98 100
belasco 67
bonghot 53
booky’s 55
belated 10 12 13 21 31 34 39 40 43 52 69 76 78 92
browlow 68
babbles 12 55
babbler 12 26
babbled 12 37 41 52 67 77 85
belsham 94
booting 40 76
brigade 8 12 34 39 55 78 79
brigand 12 37 39 66 76 77 79
bucknam 50
buckner 70
brigata 53
benaian 53
brixton 21 34 55
benaiam 53
benaben 55
bulwark 6 10 17 23 26 39 46 51 65 71 73 77
babstis 91
burmann 65
brigger 40
browsed 10 28 94
bushman 43
bacon’s 12 40 55
brigham 34
bronzes 23 39 79 94
bronzed 12 43 51 55 78 79
bagnets 78
burdeos 53
burdens 4 10 12 13 26 32 34 36 41 45 48 49 51 65 73 76 77 79 82 94
bodings 40 69
biddy’s 14
buckram 77 78
bossuet 12 79 84
bossugh 53
bawbles 28
budgers 55
bugbear 40 72 77
bright. 27 71
biddies 58 94
bagnios 77
bidding 1 4 6 8 9 10 11 12 13 14 17 19 20 22 26 27 28 35 36 38 39 40 41 42 44 46 49 51 54 55 56 60 61 66 68 71 72 73 74 77 78 79 80 84 85 89 90
brain’s 40
blister 39 40 55 69 70
baubles 49 55
braided 10 12 20 27 38 39 40 42 55 56 65 67 68 74 77 90 93 94
budging 14 41 55 77
burdock 85
brooded 5 6 10 12 14 18 20 22 23 29 30 37 42 47 54 55 60 67 69 71 72 74 76 84 85 90 94
brook’n 67
brook’d 65
borough 20 43 55 67 68 71 93
barging 55
bethnal 46 68
bastile 55
bastion 49 79
basting 10
benitos 82
boyaboy 55
bidders 27
berquin 12
beovulf 20
biddeth 9 45 55
badajos 82
badajoz 12
bastide 12
birague 12
boyador 79
beeotia 49
birahan 53
biraham 53
bedtime 10 14 17 18 20 21 29 33 37 38 44 51 56 70 71 72
bedbugs 13
belabor 39
bastone 92
bastoni 53
bisness 27 68
babazon 77
bethink 9 26 39 40 41 45 46 77 88 92
beknown 14 78
basking 10 33 55 66 68 93 94
bruneau 12
brailed 55
boxwood 49 79
brookes 94
brooken 72
brooked 41 46 68
bowsing 55
behaves 11 12 23 37 39 50 56 92
behaved 6 9 11 12 13 16 17 19 22 23 26 27 28 31 32 37 38 39 41 42 44 45 46 47 48 49 50 56 59 60 66 68 71 72 73 75 77 78 79 81 82 83 94
brunele 51
blackin 68
blacken 11 12 38 47 65 68 79 83 85
blacker 6 8 10 12 13 27 28 33 41 43 55 66 70 71 72 78 79 84 85 93 100
blacked 12 27 55 83
bowshot 7 77
brehons 55
bargain 1 4 6 10 12 13 14 15 16 18 19 21 22 23 25 26 27 28 29 31 32 34 36 37 38 39 40 41 42 48 49 50 54 55 56 60 65 68 69 71 72 73 76 77 78 79 81 82 83 84 85 88 92 93 94 97
byron’s 42 66 77 79
biraban 53
bitings 44
bastard 2 4 9 10 12 15 39 49 55 65 68 77 79 80 82 97
boubers 12
bowsman 40
bowsmen 40
brunies 12
bargees 39
benigna 49 53
braines 98
brained 33 40 49 73
bejar’s 77
beeftea 55
brains. 77
bunny’s 55
bejahen 63
bethany 37 55
borgias 79
bumshow 55
belimed 45
belinus 9
bakunin 41
bichier 53
bureau. 21
bureaus 13 86 94
bonheur 12 39
belinda 14 93
belrive 74 90
besuhof 39
beuchot 82
boyards 82
busiest 6 16 41 71 77
benzoin 53 55
bismuth 23 84
black’s 5 40
baskets 12 14 16 17 22 27 28 31 32 33 35 39 40 43 49 52 53 55 56 60 61 65 68 69 71 73 76 77 78 79 81 83 84 85 93 94
basketh 26
banguey 53
biggins 49
biggish 55
beliefs 12 26 31 37 39 40 42 46 49 51 52 55 80 89 92 94 95
beliefe 45
biggest 5 9 13 17 27 28 31 33 38 40 41 42 43 44 50 55 57 60 61 66 69 70 77 79 84 94
birrell 23
blesses 4 10 41 55 78 88 92 94
blesser 26
blessed 1 4 6 8 9 10 11 12 13 14 16 18 19 20 22 23 25 26 27 28 29 32 37 38 39 40 41 42 44 45 46 48 49 50 51 52 53 55 56 60 64 65 66 67 68 69 70 71 72 74 76 77 78 79 80 81 82 84 85 88 89 90 91 92 93 94 98 99
blessin 27
becomer 26
becomes 1 4 7 8 10 11 12 13 14 15 16 17 20 21 22 23 24 25 26 27 28 30 31 33 35 36 37 39 40 41 43 44 45 46 47 49 50 51 53 54 55 58 61 63 64 65 67 68 69 71 72 74 75 76 77 78 79 80 81 82 83 84 85 86 88 89 90 92 94 95 96 97 98 100
beliest 40
believe 1 2 3 4 5 6 7 8 9 10 11 12 13 14 15 16 17 18 19 20 21 22 23 25 26 27 28 29 31 32 33 34 35 36 37 38 39 40 41 42 43 44 45 46 47 48 49 50 51 52 53 54 55 56 57 58 59 60 61 63 64 65 66 67 68 69 70 71 72 73 74 75 76 77 78 79 80 81 82 83 84 85 88 89 90 91 92 93 94 95 97 98 99 100
beings. 71
businum 55
brunsol 49
bassoon 78
bassora 79
banging 6 14 17 33 37 39 44 55 59 69 70 73 77 78 95
burnies 20
barooch 53
burning 1 3 4 5 6 8 9 10 11 12 13 14 17 18 20 21 22 23 24 25 26 27 28 29 30 31 33 34 35 36 37 38 39 40 41 42 43 44 45 46 47 48 49 51 53 54 55 56 57 59 60 61 64 65 67 68 69 70 71 72 73 74 76 77 78 79 80 81 82 84 85 86 88 90 92 93 94 97 98 99
bobbeth 26
bobbery 41
burns’s 10
baronet 12 14 23 43 78 81 83
barones 45
beliall 98
baronne 12 16 79
behan’s 55
blather 55
bangles 56
bobbing 5 14 17 33 40 46 48 52 55 58 70 71 94
bobbins 38 77
busiris 12 77
bobbies 12 55
byronic 41 79 94
burnell 53
benzine 50 86
burnest 88
burneth 10 26 45
burnett 5
burners 12 26 50 55
belzoni 94
being’s 10 26 40
boliche 77
bobbish 14
bedside 1 4 5 10 12 14 21 22 23 27 29 31 37 40 41 44 46 49 54 55 56 68 69 71 72 74 76 77 78 79 81 84 85 90 94
broglio 84
barocco 92
bywaryd 9
bangcao 53
buglers 55
baillie 81
bigotry 10 12 37 40 44 89 93
bigoted 12 51 71
bequest 10 11 19 20 21 50 55 70 71 79 84
bobtail 14 55
burnish 20 40
bleatin 5
bless’d 55 65
befalls 19 27 39 49 65 73 77 88 89
boucant 53
boconne 53
bleated 38
bowknot 55
blatant 14 54 55 76
bleared 6 10 22 34 39 55 67 78 82 85
bicycle 42 48 55 57 62 66
buglire 53
burnous 37
bestrow 65
bestrew 85
baron’s 1 79
boscoli 7
boometh 26
bemused 43 55 77
builded 9 27 28 40 51 64 69 88
builder 21 28 32 40 46 49 55 57 65 71 78 79 80 88 95
bailey. 71
bateses 16
brogues 55
behind. 79 80
binitan 53
bumboat 6 55
boulard 12
boucher 12 79
bouchet 49
bassi’s 55
bestows 7 10 12 28 40 49 65 68 77 78 79 84 91 94
biniray 53
breites 20
boulang 55
babieca 77
bleaker 43
boulder 34 43 46 51 55
booming 6 26 28 30 33 39 40 43 46 48 50 55 69 70 71 93
bestial 9 12 23 39 41 54 55
bailing 69
blasted 10 11 13 19 21 27 28 40 41 48 50 51 54 55 65 69 74 78 84 85 86 90
bailiff 12 16 29 39 40 49 55 76 78
buildin 5 78
bassano 39
blabbed 6
