c.b 81 97
c.f 80
c.e 81
c.s 56 78
c.x 53
cab 4 12 13 14 17 21 23 34 37 39 42 43 44 46 47 48 50 54 55 67 78 79 93 94 99
cad 37 41 53 55 68
cag 14
caf 12 23 37 41 42 44 55 62 67 79
cah 81
caj 53
cam 23 49 53
cal 21 39 46 53 63 94
can 1 2 3 4 5 6 7 8 9 10 11 12 13 14 15 16 17 18 19 20 21 22 23 24 25 26 27 28 29 30 31 32 33 34 35 36 37 38 39 40 41 42 43 44 45 46 47 48 49 50 51 52 53 54 55 56 57 58 59 60 61 62 63 64 65 66 67 68 69 70 71 72 73 74 75 76 77 78 79 80 81 82 83 84 85 86 87 88 89 90 91 92 93 94 95 96 97 98 99 100
cap 4 5 6 7 10 12 13 14 17 18 19 21 22 23 27 28 30 31 32 33 36 37 38 39 40 41 42 43 44 46 49 50 52 53 55 56 57 59 60 61 65 66 67 68 69 70 71 72 73 76 77 78 79 81 82 84 85 86 93 94 99 100
cas 10
car 4 9 10 12 13 16 18 27 28 30 33 39 40 42 43 49 50 51 53 55 62 65 66 67 68 69 76 77 84 86
cau 53
cat 1 3 4 5 6 10 12 13 17 18 21 23 26 27 28 29 30 31 32 33 37 38 39 40 41 42 43 46 47 48 49 50 53 55 56 57 58 60 61 62 66 67 68 69 70 71 72 73 76 77 78 79 84 91 92 93 94 95 98
caw 5 38 40 55 78
cav 22
cea 49
ceb 53
ces 10 12 20 39 44 92
cer 44
ceu 49
cet 39 92
cha 45 53 55
che 7 12 28 39 46 49 53 55 63 65 79 82 84 89 98
chi 39 49 53 55 79
cho 41 53 63 66
chy 78
cia 53
cie 53
cid 65 77
cio 53
cis 1 23 82
cir 78
cit 55
cke 63
ckg 63
ckt 63
cle 14 23 70 79 82 84
clo 55 70
clt 78
cly 55 76
cmm 63
co. 21
cmr 63
cne 20
cnu 20
coa 53
cob 39 40 45 49 55 69 70
cod 19 25 28 33 40 44 49 53 55 68 78 83
cog 9 13 55
com 28 49 53 55 68 70 82 91
col 7 12 28 45 49 53 55 70 91 98
coo 12 55 94
con 9 10 28 37 40 44 45 49 52 53 55 63 65 71 72 77 78 83 89 92
coq 79
cop 49 74 90
cos 17 49 53 55 63 65 78 91
cor 27 45 49 53 55 83
cot 9 12 13 14 18 26 39 42 53 65 70 72 74 77 90 94
cow 4 5 9 12 13 16 22 26 28 33 37 38 39 40 41 42 45 46 48 49 51 55 57 60 61 69 70 72 73 74 76 77 78 81 83 84 90 93 94
coy 30 49 51 55 77 81
cox 16 55 81
coz 55
cre 53
cri 53 55
cro 53
cry 1 3 4 5 6 7 8 9 10 11 12 13 14 15 16 17 18 19 20 21 22 23 24 25 26 27 28 29 30 31 33 34 36 37 38 39 40 41 42 43 44 46 47 48 49 50 51 52 53 54 55 56 57 59 60 61 64 65 66 67 68 69 70 71 72 73 74 76 77 78 79 80 81 82 83 84 85 86 88 90 91 92 93 94 97 98 100
cub 5 6 12 21 33 40 49 68 70 72 73 79 85
cue 10 12 13 30 37 41 44 50 66 71 77 84
cud 33 55 72 76 88
cui 10 27 45 49 53 55 97
cum 5 7 12 27 46 49 55 84 97 98
cul 12 55
cun 53 82
cup 1 3 4 5 9 10 11 12 13 14 17 18 20 21 22 23 26 27 28 29 31 32 33 37 38 39 40 41 42 43 44 46 49 51 53 54 55 56 57 64 65 66 67 68 69 70 71 72 73 74 75 76 77 78 79 80 85 88 90 93 94 98 99 100
cur 3 12 13 18 22 28 34 38 41 49 55 68 70 71 72 79 83 89
cut 1 3 4 5 6 7 8 9 10 12 13 14 16 17 18 19 20 21 22 23 26 27 28 29 30 31 32 33 34 35 36 37 38 39 40 41 42 43 44 45 46 47 48 49 50 51 52 53 54 55 56 57 58 59 60 61 62 65 66 67 68 69 70 71 72 73 74 75 76 77 78 79 80 81 82 83 84 85 86 88 89 90 91 92 93 94 95 96 97 98 99
cuz 69 70
cwt 83
cxv 97
cyn 20
cyr 12 55
