c.34 49
c.c. 43
c.xx 53
c.xl 53
ca’m 69
ch’a 49
cabs 5 12 13 21 23 37 39 42 46 47 48 50 55
cabo 53
cads 55
cadi 49 82
cach 12
cade 53
cage 1 4 6 10 12 13 14 17 18 21 24 27 31 33 35 37 38 40 43 46 48 49 50 55 60 64 66 68 71 76 77 78 79 94
caga 53
caen 12 68
cafe 13 27 86
caii 77
cagi 53
cahd 39
cake 3 5 10 11 12 13 14 16 17 18 21 23 27 28 35 38 39 40 42 44 46 49 53 55 56 60 61 65 66 67 68 69 71 72 73 74 75 77 78 90 93 94 99
caiu 53
cain 6 12 13 14 20 27 40 45 55 70 71 85 97
cals 45
cami 53
came 1 2 3 4 5 6 7 8 9 10 11 12 13 14 15 16 17 18 19 20 21 22 23 24 25 26 27 28 29 30 31 32 33 34 35 36 37 38 39 40 41 42 43 44 45 46 47 48 49 50 51 52 53 54 55 56 57 58 59 60 61 63 64 65 66 67 68 69 70 71 72 73 74 75 76 77 78 79 80 81 82 83 84 85 87 88 89 90 91 92 93 94 95 96 97 98 99 100
cama 79
call 1 3 4 5 6 7 8 9 10 11 12 13 14 15 16 17 18 19 20 21 22 23 24 25 26 27 28 29 30 31 32 33 34 35 36 37 38 39 40 41 42 43 44 45 46 47 48 49 50 51 52 53 54 55 56 57 59 60 61 62 63 64 65 66 67 68 69 70 71 72 73 74 75 76 77 78 79 80 81 82 83 84 85 86 88 89 90 91 92 93 94 95 97 98 99 100
can. 21 38 40 41 56 71 79
calm 4 5 6 7 9 10 11 12 14 16 17 19 22 23 26 27 28 29 30 31 32 34 35 36 37 38 39 40 41 42 44 46 47 48 49 51 53 55 56 59 60 65 66 68 69 71 72 73 74 75 76 77 78 79 80 81 84 85 88 90 93 94 95 97 98
calk 32 53
cali 53
calf 2 4 6 12 13 21 22 27 28 30 33 38 39 40 41 43 45 46 48 49 53 55 56 60 70 72 81 88 91 94 98 99
cala 53
cany 53
canv 55
cant 6 10 12 19 28 32 40 44 49 50 51 55 68 71 72 73 76 84 91 92 93
cans 13 28 42 86
caoc 55
camp 6 7 10 11 12 16 17 18 21 22 23 26 27 28 30 31 32 33 34 35 39 41 42 45 46 48 49 51 55 60 61 65 66 67 69 70 71 73 77 78 79 80 82 83 88 91 94
cano 53 77
cap. 38
canj 53
cani 53
cane 10 12 14 17 18 21 23 27 31 33 34 37 40 42 43 49 51 53 54 55 65 68 69 70 71 73 76 77 78 79 81 82 84 85 88 91 94
cana 41 53
capt 6 55 81 83 99
caps 10 12 16 17 18 21 26 27 34 37 39 40 42 48 49 52 53 55 56 61 68 70 71 72 76 77 78 79 80 83 94 100
capa 53
caot 53
capo 26 53 55 92
capi 53
cape 6 7 10 12 18 20 22 23 26 27 28 33 37 40 42 46 53 55 60 68 73 74 77 78 79 81 82 90 96
casa 77 79
cary 91
cart 1 3 4 5 9 12 13 14 16 21 23 27 28 31 32 33 35 37 38 39 40 41 43 46 48 49 50 53 55 56 64 68 70 71 72 73 75 76 77 78 79 84 94 100
cass 27
cast 4 5 6 7 9 10 11 12 13 14 15 16 17 18 19 20 21 22 23 26 27 28 30 32 33 34 35 37 38 39 40 41 42 43 44 45 46 47 49 51 52 53 54 55 56 60 61 64 65 66 67 68 69 70 71 72 73 74 75 76 77 78 79 80 81 82 83 84 85 86 88 89 90 91 92 93 94 96 97 98 99
cask 6 7 12 14 26 38 40 45 49 53 60 68 71 76 77 78 79 81 84 92 93 94 100
casi 53
cash 10 13 14 19 27 30 36 37 39 40 41 42 48 49 50 51 52 54 55 57 59 66 68 69 70 71 72 77 78 79 83 91 92 93 94 96
case 1 3 4 5 6 7 9 10 11 12 13 14 15 16 17 18 19 20 21 22 23 25 26 27 28 29 30 31 32 33 34 36 37 38 39 40 41 42 43 44 45 46 47 48 49 50 51 52 53 54 55 56 57 58 59 60 61 62 63 65 66 67 68 69 70 71 72 73 74 75 76 77 78 79 80 81 82 83 84 85 86 88 89 90 91 92 93 94 95 96 97 98 99
cara 44
carr 21 44 55 81
cars 4 13 18 23 28 42 48 51 55 65 66 67 86
carp 35 39 49 79
carn 48
caro 16 49 53 55 79
carl 44 55
carm 49
cari 49 65
card 1 2 3 4 5 6 7 8 9 10 11 12 13 14 15 16 17 18 19 20 21 22 23 24 25 26 27 28 29 30 31 32 33 34 35 36 37 38 39 40 41 42 43 44 45 46 47 48 49 50 51 52 53 54 55 56 57 58 59 60 61 62 63 64 65 66 67 68 69 70 71 72 73 74 75 76 77 78 79 80 81 82 83 84 85 86 87 88 89 90 91 92 93 94 95 96 97 98 99 100
care 1 2 3 4 5 6 7 8 9 10 11 12 13 14 15 16 17 18 19 20 21 22 23 24 25 26 27 28 29 30 31 32 33 34 35 36 37 38 39 40 41 42 43 44 45 46 47 48 49 50 51 52 53 54 55 56 57 58 59 60 61 62 63 64 65 66 67 68 69 70 71 72 73 74 75 76 77 78 79 80 81 82 83 84 85 86 88 89 90 91 92 93 94 95 96 97 99 100
caue 98
caus 37 49 83
cauo 53
caul 55 71
caui 53
cate 53 63
cata 53
casu 9 49 97
catt 28
cats 3 5 6 10 12 14 19 26 28 31 33 38 40 41 42 46 48 49 53 55 60 69 70 71 72 73 77 78 79 81 84 94 97
cato 12 28 40 45 49 51 53 71 73 77 82 83 84 97
cati 53
cave 6 10 12 13 17 20 21 22 23 26 28 30 33 37 38 40 44 45 49 55 59 60 62 65 66 69 70 72 73 74 77 78 79 80 83 84 90 92 94
cava 77
cazi 53
caze 53
caza 53
co’s 55
cebu 53
cead 55
ceas 81
cede 12 44 83
celt 28 43 55
cell 4 8 10 12 13 14 21 22 23 28 30 34 40 41 42 44 46 49 54 55 60 68 69 71 73 74 76 77 78 79 84 86 90 93
cela 10 12 39 41 53
cent 4 10 12 13 14 21 23 27 28 32 37 40 41 49 51 53 55 56 66 69 70 71 73 78 79 81 82 83 84 94
ceno 53
ceol 20
cemo 53
cene 53
cena 53
cept 14 57 68
ceps 45
ceos 80
cepi 49
cert 49 55 70
cero 53
cere 9 53
cera 49 53
ceua 53
cess 55
ceti 40
cete 53
ceux 49
ceus 65
ch.6 45
chay 71
chaw 27 55 69 70
chat 4 10 12 13 14 16 19 21 23 27 28 31 37 38 39 40 41 42 44 46 49 51 55 60 62 66 69 71 72 78 79 94
char 12 28 50 68 94
chas 17 83
chap 4 5 9 13 14 21 23 27 31 33 34 38 39 40 41 42 43 45 46 47 49 50 53 55 68 69 70 71 72 77 78 79 81 82 94 97 98 99
chan 12
chal 12
chen 39 53 63
chel 53
chef 23 39 41 49 55 66
chez 10
chew 12 22 26 27 28 30 46 49 50 53 55 56 58 60 69 77 78
cher 12 37 39 63
ches 39 53
chic 44 55 66
chip 4 26 27 28 34 39 40 55 70 71 78 84 91
chin 1 3 5 6 8 9 10 11 12 13 14 18 21 22 27 28 31 33 34 35 37 38 39 40 41 42 43 44 46 47 48 49 53 55 56 57 59 61 65 66 67 68 69 70 71 72 73 75 76 77 78 79 82 84 85 93 94
chio 53
chil 53
chim 12 49
chig 39
chid 9 20 49 71 83
chie 53
chit 29 39 66 72 78
chny 39
chna 39
chow 55 69
chor 49
chop 3 12 13 14 18 22 23 27 28 30 37 38 40 41 46 49 51 55 60 61 66 70 71 73 78 81 85 94
chon 55 66
choo 66
chol 53
chro 45
chri 53
chra 81
chum 14 44 55 56 76
chuk 55
chui 66
chua 33
chte 63
chut 78
cibo 23
ciau 53
ciam 53
cide 77
ciel 10 49
ciet 49
ciii 65
cili 53
cime 53
cima 53
cike 46
cinq 10 37 53
cioe 53
cise 10
circ 53
city 1 2 3 4 5 6 7 8 9 10 11 12 13 14 15 16 17 18 19 20 21 22 23 24 25 26 27 28 29 30 31 32 33 34 35 36 37 38 39 40 41 42 43 44 45 46 47 48 49 50 51 52 53 54 55 56 57 58 59 60 61 62 63 64 65 66 67 68 69 70 71 72 73 74 75 76 77 78 79 80 81 82 83 84 85 86 87 88 89 90 91 92 93 94 95 96 97 98 99 100
citt 49
cits 55
cito 79
ciua 53
ciss 55
citi 53
cite 7 40 45 49 51 77 79 89 96
cita 53
cken 55 63
clay 1 6 8 10 12 13 21 23 24 27 28 31 32 33 34 39 40 42 43 45 46 48 49 51 53 54 55 56 58 60 64 65 68 69 70 72 73 74 76 77 78 79 81 82 83 88 90 92 94
clad 4 10 12 13 17 18 20 21 22 23 28 30 34 38 39 40 42 43 44 46 47 49 50 53 55 56 65 67 68 69 73 74 77 79 85 90 91 92 93 97 98
claw 12 13 14 17 20 27 33 38 40 46 52 55 58 64 68 70 71 79 85 93 94
clat 11 28 55
clar 27
clap 6 10 12 13 14 17 27 31 37 38 40 42 46 47 48 49 52 55 60 65 70 71 77 79 93 94 96
clan 12 40 44 51 55 57 67 70
clam 33 40 67 91
clah 70
clef 12
clew 4 12 41 49 53 69 70 79 84 85
cler 70
cleo 13 53
clem 14 65
clic 12
clip 13 30 38 42 55 56 65 69 70 77 78
clks 78
clod 5 10 24 38 55 84
clot 4 12 46 55
clos 12 83
clog 12 15 46 48 49 66 67 68 73 85 86 88
cloy 65
clue 6 11 12 14 19 21 23 28 31 34 37 40 43 46 47 49 50 55 57 68 71 74 77 78 79 80 81 84 90 92 93 94
club 4 9 12 13 14 16 17 18 19 21 22 23 26 30 31 33 37 38 39 40 41 42 43 44 50 51 55 56 60 67 68 70 71 73 75 78 79 80 81 83 84 94 96 100
cmds 63
cmex 63
cmtt 63
cmsy 63
cntv 63
cnth 63
cobb 21 81
coax 4 5 10 27 39 40 44 46 50 51 55 57 70 71 72 77 94
cobs 27 28 40 43 69 70
coat 1 4 5 6 9 10 11 12 13 14 18 19 21 23 24 27 28 30 31 33 34 36 37 38 39 40 41 42 43 44 45 46 47 48 49 50 51 52 54 55 56 57 58 59 60 61 62 66 67 68 69 70 71 72 73 76 77 78 79 80 81 82 83 84 85 89 91 93 94 97 99 100
coan 65
coal 5 8 10 12 13 14 23 27 32 36 37 38 39 40 41 42 43 44 46 47 48 49 50 55 56 57 60 61 66 68 69 71 72 73 76 78 79 81 85 86 93 94
code 12 13 27 28 30 32 33 34 37 39 40 41 42 51 55 63 67 68 74 76 79 81 85 90 96
coda 53
cods 40 44 55
codi 49
coca 53 55
coco 12 53 78
cock 1 5 6 12 14 21 24 26 27 28 30 33 37 38 39 40 41 42 44 46 49 52 53 55 60 61 65 68 71 73 76 77 78 79 80 81 84 85 93 94 97
coch 10 12 18
cody 67
cogs 9 13 39 78
cogo 88
coil 6 18 21 23 26 28 33 37 39 40 41 47 55 68 77 81 93 94
coif 9 49 55 77
coit 83
coir 33
coin 4 6 10 12 13 14 18 21 28 31 37 38 39 40 42 46 49 53 55 60 66 68 69 71 73 75 76 77 78 79 81 83 84 85 86 95 98
colo 49 53
coll 12 40 45
coli 49
cold 1 2 3 4 5 6 8 9 10 11 12 13 14 16 17 18 19 20 21 22 23 24 25 26 27 28 29 30 31 32 33 34 35 36 37 38 39 40 41 42 43 44 45 46 47 48 49 50 51 52 53 54 55 56 57 58 59 60 61 62 65 66 67 68 69 70 71 72 73 74 75 76 77 78 79 80 81 82 83 84 85 86 88 90 92 93 94 97 99 100
cole 13 16 91 98
cola 62
colt 27 40 41 45 52 55 57 69 72 73 77 91 94
coke 40 45 55 78 85
conn 55
cono 53
conj 83
cong 55
cond 12 39 79
cone 28 39 40 48 53 55 65 79 94
cont 12
cons 45 55
como 5 53 55 74 90
comi 53
come 1 2 3 4 5 6 7 8 9 10 11 12 13 14 15 16 17 18 19 20 21 22 23 24 25 26 27 28 29 30 31 32 33 34 35 36 37 38 39 40 41 42 43 44 45 46 47 48 49 50 51 52 53 54 55 56 57 58 59 60 61 62 63 64 65 66 67 68 69 70 71 72 73 74 75 76 77 78 79 80 81 82 83 84 85 86 87 88 89 90 91 92 93 94 95 96 97 98 99 100
coma 14 46 59
comb 10 12 14 18 26 27 28 30 35 37 38 39 40 45 46 49 53 55 56 57 62 65 66 68 69 70 71 72 73 77 78 79 86 94 99
coms 91
comt 12
copr 53
cops 12 55
cope 12 16 18 20 23 28 40 46 48 50 55 56 59 63 71 74 76 80 81 85 90
copy 1 2 3 4 5 6 7 8 9 10 11 12 13 14 15 16 17 18 19 20 21 22 23 24 25 26 27 28 29 30 31 32 33 34 35 36 37 38 39 40 41 42 43 44 45 46 47 48 49 50 51 52 53 54 55 56 57 58 59 60 61 62 63 64 65 66 67 68 69 70 71 72 73 74 75 76 77 78 79 80 81 82 83 84 85 86 87 88 89 90 91 92 93 94 95 96 97 98 99 100
coop 65 78 84 94
coom 72
coon 27 51 55 57 65 66
cook 2 3 4 5 6 8 10 11 12 13 14 16 17 18 21 22 26 27 28 29 30 31 37 38 39 40 41 42 44 46 48 49 51 53 54 55 56 59 60 62 66 68 70 71 73 76 77 78 79 81 82 83 92 93 94
cool 1 3 4 5 6 10 11 12 13 14 15 16 17 18 19 21 22 23 26 27 28 30 31 32 33 37 38 39 40 41 42 43 44 46 48 49 50 51 54 55 56 58 59 60 61 64 65 66 67 68 69 70 71 72 74 76 77 78 79 81 82 83 84 85 90 94 95 100
copa 53
cort 12 46 55 77 91
coru 53
corn 2 4 7 9 10 12 13 14 15 16 18 22 26 27 28 32 33 37 38 39 40 41 42 44 45 46 48 49 51 52 55 58 60 61 64 65 68 69 70 71 72 73 76 77 78 79 80 81 83 84 88 89 97 99 100
cork 12 13 14 26 39 40 41 42 43 44 49 55 60 68 71 77
cori 53
cose 7 49 53 55 91
cosa 49 53 79
coqi 53
cord 5 6 10 12 15 18 21 22 23 26 32 38 39 40 41 44 46 49 53 55 56 65 68 72 73 74 77 78 79 81 82 84 86 90
core 8 10 12 27 28 31 35 39 40 41 44 46 50 53 55 56 68 69 74 77 78 79 86 90 93 96
cots 13 65 71
coto 53
coss 53 70
cost 1 2 3 4 5 6 7 8 9 10 11 12 13 14 15 16 17 18 19 20 21 22 23 24 25 26 27 28 29 30 31 32 33 34 35 36 37 38 39 40 41 42 43 44 45 46 47 48 49 50 51 52 53 54 55 56 57 58 59 60 61 62 63 64 65 66 67 68 69 70 71 72 73 74 75 76 77 78 79 80 81 82 83 84 85 86 87 88 89 90 91 92 93 94 95 96 97 98 99 100
cosi 49 53
cote 9 19 53
cota 53
cosy 10 13 17 21 36 40 42 55 59 93
cox. 16
cowe 55
cout 91
cour 12 53 91
coup 12 18 27 39 41 44 46 49 55 60 67 79 84 86
cow. 38
coul 53
cove 6 12 14 26 28 34 40 55 56 60 68 70 77 84
cows 1 2 4 10 11 12 13 16 18 19 22 26 28 30 32 33 34 38 40 41 43 46 48 51 52 53 55 56 57 60 61 65 66 69 70 71 72 73 74 76 90 97 100
cowl 18 48 49 78 79
coxe 16 81
coxa 49
cozy 18 46 56 61 94
coyn 45
crav 83
craw 55 70
cras 12 45 49
crap 13
cram 4 15 32 44 55 56 72 80 89
crag 6 10 22 28 34 76 79 84
crab 3 12 21 26 37 38 40 41 47 55 56 66 71 83
crac 12
crew 6 10 12 14 17 22 26 28 31 38 39 40 41 44 46 50 52 53 55 60 65 70 72 73 74 76 77 78 79 80 81 82 84 85 90 94 99
cree 55
crea 53
crep 5 70
crib 10 14 21 55 57 68 71 77 78
cric 12
crit 12
criu 53
cris 77
crim 40
croy 34
crow 4 5 6 10 12 14 17 24 26 27 28 38 39 40 41 42 46 49 50 51 53 55 56 58 60 61 66 68 71 77 78 79 80 84 85 91 94
cros 45 91
crop 4 12 21 22 23 27 28 31 34 37 39 40 43 44 46 49 51 55 56 60 68 71 73 77 78 79 94
crus 12
cruz 18 53 77 81
crux 12 20 42 46 53 55 65
crye 91
crys 91
cube 47 49 63 80 87
cuba 40
cubs 5 33 39 40 49 55 73 78
cuck 55
cuff 12 14 18 21 41 43 55 65 67 68 70 71 75 77 81 84 93 94
cuds 33
cuin 55
cult 35 51 55 66 92
culo 44 53 55
cull 44 49 65 71 98
cuna 53
cunt 44 55
cuno 53
cup. 38 71
cups 4 5 8 10 12 14 20 22 23 27 28 33 37 38 40 41 49 53 55 57 64 66 67 68 69 70 71 72 75 76 78 79 80 94
cuor 7
curo 53
curl 4 10 13 23 27 33 38 46 49 51 55 56 66 68 70 71 72 78 79 89 94
curi 53
curd 55
cure 5 6 7 8 10 11 12 13 16 19 21 22 23 26 27 28 29 30 33 36 37 38 39 40 41 44 45 46 49 51 53 55 56 57 60 65 66 68 69 70 72 73 74 76 77 79 80 81 82 83 85 88 89 90 94 97 98 99
curb 7 10 12 13 21 32 33 34 40 49 55 65 71 73 77 78 86 88 94
cura 1 49
curv 49
curt 12 21 31 34 41 43 49 56 77 84
curs 16 20 42 49 55 65 68 72 98
cuto 53
cute 4 42 49 55 62 66 67
cuts 10 12 13 17 20 21 22 27 28 30 33 36 37 39 40 41 43 44 46 49 50 53 55 56 57 65 66 71 73 75 77 78 79 81 83 84 86 89 96 97
cuse 71
cuss 27 55 69 70
cuyp 10
czar 28 40 83 89 96 97
czia 13
