chmus 12
chloe 12 27 55 77 94
choza 55
choss 53
choux 12
chops 14 30 42 49 54 55 58 70 71 78
chook 14 30
choro 49
chose 3 4 5 6 7 8 9 10 11 12 13 14 16 18 19 20 21 22 23 26 27 28 33 34 35 36 37 38 39 40 41 42 44 45 46 47 49 52 53 54 55 56 57 59 61 65 66 68 69 71 72 73 77 78 79 80 81 82 83 84 85 86 88 89 93 94 99 100
chord 4 10 12 23 27 37 39 46 55 57 68 71 72 74 76 78 79 90 94
chore 35
cholo 40
choke 3 5 13 14 26 27 30 32 39 40 41 44 46 55 56 65 68 69 71 72 76 77 78 79 86 92 94 98
choky 46 94
chons 39
choir 5 12 18 28 39 41 42 49 55 56 57 64 65 69 71 77 82 94
chode 55
chock 40
chocs 55
choat 55
chron 20 45
chris 55
chree 55
czech 39 63
chtig 63
chuck 6 23 39 46 48 50 55 59 72 82
chuff 55
chubb 21 55
chuza 45
chute 13 44 66 70
chusi 53
chuse 16 19 81 83 97
churn 28 52 55 57
churl 9 55 72 98
chulo 53
chunk 27 30 37 46 55 69 70
chums 13 40 55
chump 13 14 50 55
chyle 55
ciare 53
cibil 40
ciano 53
ciama 53
cider 12 27 28 52 55 73
cided 55
cibus 49
cieux 12
cieqi 53
cielo 53 65
crazy 1 3 4 5 6 12 13 14 18 27 28 29 31 37 39 40 41 43 46 49 51 54 55 56 57 58 60 66 67 68 69 70 71 73 76 77 78 79 81 92 94
crawl 1 4 6 8 12 13 17 21 23 25 26 28 30 31 32 33 38 39 40 41 43 46 48 49 57 58 59 66 68 69 70 71 73 76
crave 6 26 28 40 41 44 46 49 77 80 85 94 97 98
craze 34 41 67 71 77 92
crabs 18 26 33 38 40 47 53 55 71
crack 4 6 8 10 12 13 14 21 26 27 28 30 32 33 37 38 39 40 41 42 46 48 49 54 55 56 58 59 60 61 64 65 68 69 70 71 73 77 78 79 86 98 100
crabb 38
cigar 4 10 12 13 14 17 18 21 23 27 28 33 34 36 37 39 40 41 42 43 46 47 48 51 55 66 67 71 78 79 85 94
crash 3 5 10 12 13 17 18 21 23 27 28 33 37 38 39 40 41 43 46 48 51 52 54 56 57 59 61 65 68 69 70 71 72 74 76 77 78 79 87 90 94
crass 92
crate 21 30 55 59
craon 12
crane 12 21 33 40 49 52 55 76 77 99 100
crank 27 28 39 43 51 56
crans 55
crape 10 12 27 40 41 42 55 57 66 68 71 75 79
cramp 4 16 18 37 39 47 49 55 69 70 71 78 79 86 93
craft 6 7 9 10 12 14 15 17 20 22 23 26 28 31 32 35 38 39 40 43 45 46 49 51 53 55 66 68 69 70 71 72 76 77 78 79 80 84 86 91 92
crags 6 9 20 40 46 49 55 65 72 74 77 79 84 90
craig 16 55
cilus 12
cilla 65
cilli 53
creep 3 5 12 13 14 16 17 18 23 24 25 26 27 30 33 37 38 39 41 43 46 49 51 55 58 60 67 68 69 70 71 72 73 76 79 80 82 84 85 88 94 98 99
creak 6 10 12 14 29 33 39 40 43 46 47 55 67 69 72 78 79 84 85
cream 4 5 9 13 16 18 21 23 27 28 37 39 40 41 42 44 45 49 50 51 52 55 56 57 62 65 66 67 69 71 73 77 79 91 94
credo 12 41 42 45 49 53 77
creek 13 14 17 27 30 31 32 39 47 51 55 56 60 66 68 70 73 74 77 79 81 83 90 93
creed 7 8 10 23 34 37 40 41 42 45 46 55 71 77 79 80 83 85 89
crecy 49
creda 53
crede 49 53
crewe 21 48
crews 6 22 39 40 48 53 70 71 77 81
cress 5 18
crest 9 10 12 21 22 23 27 28 30 33 34 37 39 40 41 42 43 45 46 47 48 52 55 56 57 65 70 73 78 79 80 84 98
crew. 22
creta 49 65
crete 22 40 45 49 65 77 79 80
creon 22 65
crepe 12 56
crept 1 3 4 5 6 10 12 13 14 17 18 19 22 23 26 27 28 30 31 33 34 37 38 39 40 41 42 43 44 45 46 47 48 49 51 54 55 56 57 58 61 66 67 68 69 70 71 72 73 74 76 77 78 79 80 81 84 85 88 90 93 94 98 100
cinta 53
cinqu 53
cinna 49
cribs 13 70 77 78
cried 1 3 4 5 6 8 9 10 11 12 13 14 15 16 17 18 19 21 22 23 24 25 26 27 28 29 30 31 32 33 34 37 38 39 40 41 42 43 44 46 47 48 49 51 53 54 55 56 57 58 59 60 61 64 65 66 67 68 69 70 71 72 73 74 76 77 78 79 81 82 83 85 88 90 92 93 94 100
crick 40 55 70
crib. 12
cimon 49
cinis 49
cipue 49
crish 40
criss 13
crist 53 77 91
crisp 12 14 18 21 23 26 27 28 29 30 34 39 40 43 46 48 52 55 56 67 69 71 76 78 93 94 100
crits 82
crito 49
cious 67
crine 49
crimp 68 83 94
crime 4 5 6 7 8 10 12 13 14 17 18 19 20 21 22 23 24 26 32 34 37 39 40 41 43 44 45 46 48 49 50 51 54 55 56 60 64 65 66 68 69 70 73 74 76 77 78 79 80 81 82 83 84 85 88 89 90 92 93 96 97
cries 3 4 5 6 8 9 10 12 13 14 15 17 18 19 20 21 22 23 24 26 27 28 31 32 33 34 36 37 38 39 40 41 42 43 44 46 47 48 49 50 51 52 53 54 55 56 57 60 64 65 67 68 71 72 73 74 76 77 78 79 80 81 82 83 84 85 88 90 92 94 96 97
crier 12 26 33 40 45 49 55 73 77
cab’s 34
cissy 55
cad’s 41
circe 22 49 65 77 79 92
circa 49 53
circs 55
circo 49 53
crony 13 21 34 40
crook 12 14 22 31 38 52 53 55 65 77 78
ciuti 53
crone 10 34 41 49 55 68
crops 4 12 13 28 33 39 48 51 55 61 65 67 72 76 82 86
cropt 65
crope 70
crois 10 12 55 65
croit 55
croix 12
croly 42
croak 12 26 35 37 38 41 55 76 77 78 79 94 100
crock 10 14 55 56
croce 7 53
cited 7 12 27 32 39 40 45 49 53 55 57 73 78 79 81 85 92 98
cites 53 55
citta 7
citty 53
citra 49
cry’d 65
citie 45 53
civic 12 13 14 41 42 49 51 55 80
civil 1 3 4 5 6 7 10 11 12 13 15 16 17 19 21 23 27 28 29 31 32 37 38 39 40 41 42 44 45 49 50 51 53 55 60 67 68 71 72 73 76 77 78 79 80 81 82 83 84 85 89 91 94 96 97
civit 49
civat 49
cives 49
civet 53 55 67 77
civem 49 97
crowd 1 3 4 5 6 8 10 11 12 13 14 16 17 18 19 20 21 22 23 26 27 28 30 31 33 34 35 37 38 39 40 41 42 43 46 47 48 49 50 51 53 54 55 56 58 60 61 65 67 68 69 70 71 73 74 76 77 78 79 80 81 82 84 85 89 90 91 92 94
crowe 42
crows 5 10 12 14 20 22 26 27 38 39 40 46 48 49 55 56 60 61 77 78 82 91
crown 2 3 4 5 6 7 8 9 10 11 12 14 15 16 20 21 22 24 26 27 28 31 32 37 38 39 40 41 42 44 45 46 49 50 53 55 56 61 65 68 71 72 73 74 76 77 78 79 80 82 83 85 88 89 90 92 93 94 97 98
croup 9 12 55 56 77
cross 1 3 4 5 6 7 8 9 10 11 12 13 14 16 17 18 19 21 22 23 25 26 27 28 29 30 31 32 33 34 36 37 38 39 40 41 42 43 44 45 46 48 49 50 51 52 53 54 55 56 57 59 60 61 63 65 66 67 68 69 70 71 72 73 74 75 76 77 78 79 80 81 82 83 84 85 86 88 89 90 92 93 94 97 98
cruis 83
crumb 6 10 14 30 38 40 55 58 68 77 78 79 83 93 99
cruel 1 4 5 6 7 9 10 11 12 13 14 15 16 17 18 19 20 21 22 23 24 26 27 29 31 32 37 38 39 40 41 43 44 46 49 50 51 52 55 56 58 60 61 65 67 68 70 71 72 73 74 76 77 78 79 80 81 82 84 85 88 90 92 94 99
cruet 13 14 18 40
cabuc 12
cabot 53
cruda 53
crude 13 21 23 35 37 39 41 48 49 51 55 57 66 80 84 95
cabra 55 77
crudo 53
cruce 53
cable 6 12 13 18 20 21 22 28 40 55 60 71 73 81 83 93
cache 6 12 53
can’t 1 3 4 5 6 10 11 12 13 14 16 17 18 19 21 23 25 26 27 29 30 31 32 33 34 35 36 37 38 39 40 41 42 43 44 47 48 49 50 51 54 55 56 59 60 61 66 67 68 69 71 72 75 76 77 79 84 100
cruse 22 55
crush 7 10 12 13 14 18 20 23 26 27 33 34 37 39 40 41 42 46 48 49 51 54 55 61 64 65 66 70 71 72 74 75 76 77 79 90 92
crura 49
cruso 83
crust 3 4 5 10 12 13 14 17 21 27 28 37 41 42 48 49 51 52 55 58 66 68 70 71 72 73 78 79 82 85
crupp 71
cruor 49
cam’s 53
cabin 4 6 9 12 13 14 17 18 27 28 30 31 33 37 38 40 42 44 46 51 53 60 68 70 71 73 74 76 77 78 79 81 82 83 84 85 90
cabby 21 34 55
cabal 49 67 73 82
cadum 49
cador 9
caena 49
caelo 49 53
caede 49
cap’n 6
caeca 49
caeco 49
cacus 77 79
cacti 79
cadge 55
cadis 28 82
cadiz 40 51 60 77 79 81 82 83
cadby 55
cader 65
cadet 10 39 41 42 51 67 69 71
caddy 40 67 68 71 78
cadat 49
crypt 12 55 79 84
cryin 4 5 13 27 34 70 94
cryed 45 91
caged 10 12 14 21 23 28 40 46 54 55 64 71 77 78
cages 12 14 33 38 48 49 52 53 68 71 73 76 77 78 84 94
cagey 56
car’s 27
caeso 49
cafes 94
cat’s 3 6 14 27 36 38 49 55 84
caius 12 45 49
cairn 22
cairo 14 23 51 70 79 84
cains 93
caint 72
cakie 94
caked 13 33 48 60 93
cakes 3 4 10 12 13 16 17 18 23 27 28 32 34 38 39 40 41 42 52 53 55 56 60 61 67 68 71 72 77 78 80 88 93 94 100
cakey 55
cajus 45
camot 53
camel 10 26 32 33 39 40 49 53 55 71 77 79 82 84 89
cameo 10 39 55 79
came. 71
camar 28
camat 53
canal 7 12 13 18 19 28 37 39 40 42 48 50 55 60 67 68 73 78 79 84 86 89
canam 12
camus 55
camut 53
campe 45
campi 53
campo 39 49 53 77 79
camps 13 28 30 31 33 34 39 65 94 95 96
calke 53
calm. 31 71
calme 12 31 53
calms 39 40 46 49 53 55
calle 45 53 55 65 77
callo 49
calls 4 5 6 7 8 10 11 12 13 14 15 16 17 19 20 21 22 23 24 26 27 28 29 32 33 34 36 37 38 39 40 41 43 44 45 46 48 49 51 53 54 55 56 59 60 63 64 65 66 68 69 70 71 72 75 76 77 78 79 80 81 84 85 86 88 91 92 94 95 96 97 98 99
calfe 45 91
calfs 55
calin 73
calis 53
calix 53
calce 53
calci 53
calas 12
caled 91
calet 49
calda 53
calf. 38
caldo 49 53
calvo 53
calve 13 42 55
calor 49
capar 53
caped 14
capel 42 55
caper 10 39 40 49 55 56 71 72 73 77 85
capac 53
capae 53
canoe 10 13 28 31 32 40 53 60 65 70 71 73 81 82 83 84 99
canon 12 27 39 45 46 55 75 77 79 92
canna 5 53
canne 53
canny 40 46 55
caney 51
canis 49 55
candu 53
candy 13 18 27 41 46 51 56 57 61 66 72 94
caned 71
canel 9
canem 49
canes 12 13 27 33 35 40 49 53 55 58 60 66 71 78 82
canst 7 9 24 26 27 33 40 41 49 60 65 72 74 77 79 84 85 88 90 93 94 98
canus 49
canti 7
canto 49 53 56 65 79 90
canty 72
carga 53
cargo 6 10 21 22 40 42 44 46 53 55 60 69 73 77 79 81 83 85 86
cares 3 5 7 10 11 12 13 16 18 19 20 21 22 23 27 28 29 33 36 37 38 39 40 41 42 45 46 49 50 51 53 55 56 65 67 68 69 71 72 74 76 77 78 79 80 84 88 90 93 94 99
carew 28 49 54
carey 51 55
caria 65
caris 49 53
carca 53
care. 38 71 79
caram 53
carat 42
cards 3 4 10 11 12 13 14 16 17 18 19 21 23 27 28 34 36 37 38 39 40 41 42 43 44 48 49 50 51 53 54 55 56 66 68 70 71 72 75 76 77 78 79 82 84 89 91 92 94
cared 1 4 5 10 11 12 13 14 16 17 18 20 21 22 23 27 28 30 32 33 35 37 38 39 40 41 43 46 47 49 50 51 53 55 56 57 60 61 67 69 70 71 72 75 76 77 78 79 81 84 85 88 90 92 93 94 100
cardi 53
capra 53
capre 53
capri 23 36 92
caput 40 49 77 92 97
capua 7 12 49 53 79
capol 53
capon 49
capor 53
caps. 41
cappo 53
capes 12 13 14 28 40 49 53 67 81
capet 12 70
capit 49
capys 65
casum 49
casus 12 49 65 97
casta 49 73
caste 10 12 13 23 27 31 33 35 42 51 55 66 68 76 80 89 92
casti 44
casto 49
castr 39
casts 12 13 14 19 26 28 40 49 55 60 65 68 77 78 80 85 88 89 92 94
casse 44 53
cassy 27
catle 53
catli 53
cater 42
cathy 72
catch 3 4 5 6 7 9 10 11 12 13 14 16 17 18 19 21 22 23 26 27 28 29 31 32 33 34 35 36 37 38 39 40 41 42 43 44 45 46 48 49 50 51 53 55 56 57 58 59 60 61 62 65 66 67 68 69 70 71 72 73 75 76 77 78 79 80 81 82 83 84 85 86 88 93 94 99 100
carve 12 22 28 38 39 40 42 49 52 55 64 70 72 77 78 79 91 97
carra 55
carri 83
cart. 38
carry 1 2 3 4 5 6 7 8 9 10 11 12 13 14 15 16 17 18 19 20 21 22 23 24 25 26 27 28 29 30 31 32 33 34 35 36 37 38 39 40 41 42 43 44 45 46 47 48 49 50 51 52 53 54 55 56 57 58 59 60 61 62 63 64 65 66 67 68 69 70 71 72 73 74 75 76 77 78 79 80 81 82 83 84 85 86 87 88 89 90 91 92 93 94 95 96 97 98 99 100
carus 49
carta 53
carte 10 12 16 21 44 49 53
carti 53
carto 53
carts 6 12 13 21 23 26 28 34 37 38 39 41 42 48 49 55 61 68 70 71 76 77 78 80 83 93 99
carob 55
carol 51 76 93 94
caron 12
carne 49 53 84
carpe 12 53
carps 12 26
carle 20
carli 53
carlo 7 10 21 23 27 53 55 67 79 82
casks 12 14 22 26 27 28 32 37 38 40 60 71 79 80 83 84 93
cased 20 40 65 77 79
cases 1 4 6 9 10 11 12 13 14 15 16 19 20 21 22 23 25 26 27 28 31 32 34 36 37 39 40 41 42 43 44 45 46 47 48 49 51 53 55 57 60 63 65 68 69 70 71 73 75 76 77 78 79 80 81 82 83 84 85 86 88 89 92 94 95 97
casey 55
case. 38 71 80
casas 49
casay 49
cauta 49
cauti 49
causa 27 46 49 55 92
cause 1 2 3 4 5 6 7 8 9 10 11 12 13 14 15 16 17 18 19 20 21 22 23 24 25 26 27 28 29 30 31 32 33 34 35 36 37 38 39 40 41 42 43 44 45 46 47 48 49 50 51 52 53 54 55 56 57 58 59 60 61 63 64 65 66 67 68 69 70 71 72 73 74 75 76 77 78 79 80 81 82 83 84 85 86 87 88 89 90 91 92 93 94 95 96 97 98 99 100
cavit 49 53
caves 12 13 17 22 24 26 28 38 40 47 49 51 55 60 64 65 70 71 73 74 79 80 84 88 90 92
cavil 12 16 19 20 27 55 79
cavan 2 55
cavat 49
caved 21 26 27 40 48 55 69 70
catro 53
catty 53
catos 49
caule 53
caulk 40 49
cauls 55 65
cauit 53
cawlf 72
cawed 5 10 29
cayer 9
c.c.h 43
cub’s 33
clack 38 55 56 66 70
clacs 12
claud 49 67
claus 4 13 40 66 94
claws 3 8 9 10 12 13 17 21 22 23 26 28 30 33 36 38 40 47 49 50 52 55 58 60 61 65 69 70 71 72 73 77 78 79 82 84 89 92 94
clave 9 38 49 55 79 88
clapt 40
claps 12 31 36 40 49 55 65 69 71 78
clash 6 12 14 17 30 39 48 49 55 56 65 68 71 76 78 93 94 95
clasp 4 6 10 12 13 20 22 24 27 28 39 40 44 46 55 65 68 70 71 72 74 76 77 78 79 85 88 90 94
class 1 4 6 10 11 12 13 14 15 16 17 18 20 21 23 26 27 28 31 32 34 37 38 39 40 41 42 43 44 46 47 48 49 50 51 53 54 55 56 62 63 65 66 67 68 69 70 71 72 74 75 76 77 78 79 80 83 84 85 88 89 90 92 94 95 96 100
clara 10 14 16 21 30 49 50 53 55 56 71 77 94
clarf 4
clari 49
clare 27 49 55 78
clark 13 21 53 56 77 81
clame 51
clams 33 40
clamn 55
clane 72
clank 12 21 51 55 78
clang 10 12 13 17 21 39 46 47 51 55 65 78 84 93
clans 7 55 65
claim 1 2 3 4 5 6 7 8 9 10 11 12 13 14 15 16 17 18 19 20 21 22 23 24 25 26 27 28 29 30 31 32 33 34 35 36 37 38 39 40 41 42 43 44 45 46 47 48 49 50 51 52 53 54 55 56 57 58 59 60 61 63 64 65 66 67 68 69 70 71 72 73 74 75 76 77 78 79 80 81 82 83 84 85 86 87 88 89 90 91 92 93 94 95 96 97 98 99 100
clair 21 83 92
claym 45
clayo 53
clays 12
cleob 65
clegs 46
cleft 6 9 10 23 28 29 34 37 38 40 43 44 46 51 55 65 68 77 79 84
cleer 45
clear 1 3 4 5 6 7 8 9 10 11 12 13 14 15 16 17 18 19 20 21 22 23 24 26 27 28 29 30 31 32 33 34 35 36 37 38 39 40 41 42 43 44 45 46 47 48 49 50 51 52 53 54 55 56 57 58 59 60 61 62 63 64 65 66 67 68 69 70 71 72 73 74 75 76 77 78 79 80 81 82 83 84 85 88 89 90 92 93 94 95 96 97 98 100
cleat 40
clean 3 4 5 6 7 8 9 10 12 13 14 16 18 21 22 23 24 25 26 27 28 29 30 31 32 33 34 35 36 37 38 39 40 41 42 43 44 45 46 47 48 49 50 51 54 55 56 57 58 59 60 61 62 64 66 67 68 69 70 71 72 73 74 75 76 77 78 79 80 81 83 84 86 88 90 91 94 95 98 100
clews 40 69 70
clery 49
clerc 49
clerk 9 10 11 12 13 14 16 18 19 21 27 28 31 32 33 36 37 39 41 42 43 46 49 51 53 54 55 56 59 60 67 68 69 70 71 76 78 79 81 83 85 89 92 93 94 100
click 10 12 14 18 23 27 33 34 37 38 39 41 43 46 47 48 55 62 67 72 79 85 87
cliff 12 20 22 28 30 31 33 34 43 46 55 65 66 71 84
c.w.m 20
clive 55
clipt 49
climb 1 3 5 6 12 13 17 18 22 25 26 27 28 31 33 38 39 40 41 46 47 49 55 56 57 58 59 61 64 65 67 68 69 70 71 72 73 77 78 79 85 86 88 94 100
clime 4 10 24 40 49 55 65 71 77 79 80 84
clink 14 21 31 39 41 43 76
cling 6 10 12 13 22 23 26 27 28 29 30 32 33 35 37 39 40 41 43 46 47 49 51 55 56 60 64 65 68 71 74 77 79 80 82 84 90 93 94
cubic 12 21 28 40 49 55 78 86
cubit 22 55 65 88
cubby 70
cubed 80
cubet 49
cubes 55 73 80 87
cuban 53
cueto 53
cur’s 28 55
cuffe 55
cuffs 4 12 13 14 27 28 31 34 37 39 40 41 42 48 49 51 52 55 56 68 69 71 75 76 77 78 81 93 94
cuffy 78
close 1 3 4 5 6 7 8 9 10 11 12 13 14 16 17 18 19 20 21 22 23 24 26 27 28 29 30 31 32 33 34 35 36 37 38 39 40 41 42 43 44 46 47 48 49 50 51 52 53 54 55 56 57 58 59 60 61 62 64 65 66 67 68 69 70 71 72 73 74 75 76 77 78 79 80 81 82 83 84 85 86 87 88 89 90 92 93 94 95 99 100
clomb 9 20
clogs 12 28 38 43 55 65 66 77
clods 4 27 38 55 69 71 77 78
clock 3 4 5 6 9 10 11 12 13 14 16 17 19 21 22 23 26 27 28 29 37 38 39 40 41 42 43 44 45 46 47 48 49 50 51 54 55 56 57 59 62 63 66 67 68 69 70 71 72 73 74 76 77 78 79 81 82 83 84 90 92 93 94 95 98
cloes 72
cuius 55
cuirs 12
cloys 51
clots 49 68
cloud 1 4 5 6 7 9 10 12 13 14 16 17 19 20 21 22 23 24 25 26 27 28 29 30 32 33 34 35 37 38 39 40 41 42 43 45 46 47 48 49 51 53 55 56 57 58 60 61 64 65 66 67 68 69 70 71 72 73 74 75 76 77 78 79 81 84 85 88 90 92 93 94 98 100
clost 70
cloth 4 5 6 7 8 9 10 12 14 16 17 18 21 22 23 27 28 31 32 33 36 37 38 39 40 41 42 43 44 46 48 49 52 53 54 55 56 57 58 61 64 66 67 68 69 70 71 72 73 75 76 77 78 79 82 84 85 93 94 95 97 98 99
clown 12 18 37 39 41 49 55 58 61 69 70 72 77 92 98
clout 28 37 40 55 81
clove 1 6 37 40 52 53 55 68 100
cly’s 76
cloak 1 5 6 7 10 12 14 16 17 18 21 22 23 26 27 31 35 36 37 38 39 40 41 42 44 46 49 50 52 53 54 55 67 68 71 72 73 74 75 76 77 78 79 80 84 85 88 89 90 91 92 94 100
cujas 12
cujus 49 92 97 98
cumin 32
culpa 17 49 55
cullo 53
culls 55
cumae 65
culta 49
cultu 49
culto 77
cului 53
culus 12
cuore 55
cupit 49
cupis 98
cupid 12 14 26 44 45 49 66 76 77 79 94
cunts 44
cunty 55
cunny 44
cunt. 44
cunha 53
cunio 7
clung 1 4 6 8 10 12 13 14 16 17 18 22 23 27 30 33 38 39 40 41 43 44 46 47 48 50 51 55 57 60 65 68 69 71 72 74 76 77 78 79 81 84 90 93 94
cluny 12 40
clumb 70
clump 5 6 10 11 12 21 23 27 29 31 33 43 46 48 56 57 58 61 69 70 72 74 78 79 84 85 90
cluck 18 28 94
clued 79
clues 21 43 46 47 55
clubs 3 9 12 13 14 18 23 27 30 37 39 40 49 53 67 72 77 79 80 82 83
curly 3 4 5 14 17 20 21 22 23 26 27 30 33 37 39 40 41 43 44 46 47 52 55 56 66 70 71 77 79 94
curls 3 10 12 14 16 17 18 22 23 27 28 29 34 37 39 40 41 42 44 46 48 49 51 55 56 57 65 68 69 70 71 72 75 76 78 79 84 85 93 94
curis 27 49
curio 49 53 84
curbs 49
cures 15 28 33 40 41 46 49 55 65 73 80 85
curds 40 53 55 65 77
cured 6 7 12 16 17 21 23 27 28 37 38 39 40 41 44 45 46 49 53 55 56 60 65 66 68 69 72 73 77 79 80 81 82 83 88 89 97 99
curam 49 97
curae 49
curas 49 84
cutch 71
clyde 55 67
curta 49
cursu 49
curst 77
curto 53
curru 49
curry 28 32 70 77 78 79
curse 1 4 6 8 9 10 12 13 14 15 16 21 23 24 26 27 28 30 32 34 37 38 39 40 41 42 43 46 49 51 54 55 59 64 65 68 69 70 71 72 74 76 77 78 79 80 81 82 84 85 89 90 92 94 98
curve 8 12 16 18 21 26 27 28 33 37 39 40 41 42 43 46 47 48 53 55 56 57 67 69 71 78 79 84 86
cusco 49
cutty 44 55
cuzco 23
co.’s 76
cdots 63
cviii 98
cebes 80
cebus 53
ceare 20
cease 1 2 3 4 5 6 7 8 9 10 11 12 13 14 15 16 17 18 19 20 21 22 23 24 25 26 27 28 29 30 31 32 33 34 35 36 37 38 39 40 41 42 43 44 45 46 47 48 49 50 51 52 53 54 55 56 57 58 59 60 61 63 64 65 66 67 68 69 70 71 72 73 74 75 76 77 78 79 80 81 82 83 84 85 86 87 88 89 90 91 92 93 94 95 96 97 98 99 100
cedro 53
cedle 9
ceded 44 51 53
cecil 50 55 67
cecco 7 17
cedar 22 23 28 40 52 53 55 60 65 83 94
celts 55 92
celui 39
celad 53
celli 53
cello 13 18 55
cells 10 12 13 21 23 28 32 39 40 55 64 65 68 71 73 76 77 79 80 84 86 94
celin 12
ceoil 42
cende 53
cenas 82
cenar 55
cento 49 53 65
cents 4 11 12 13 17 18 27 28 32 40 51 55 56 66 69 70 94
cenis 44 49 74 90
cweep 39
cepit 49
cesar 9 55
cessi 49 65
cerca 53
cered 9
cerel 9
ceres 22 28 41 45 49 51 55 65
certa 49 53
ceruj 53
ceruo 53
certe 49 53 97
certj 53
certi 49 53
certo 53 55
certy 53
cerno 45 49
ceulx 49
ceuta 82 83
cetus 40
cette 12 39 41 55 65 94
cwoss 39
ch’ad 49
cod’s 40 55
ch’or 49
coals 4 6 8 9 10 12 13 14 18 27 30 33 38 40 42 44 48 49 55 56 60 65 68 70 71 72 76 77 78 79 81 83 84 88 94 97 98 99
coaly 48
coach 4 5 6 10 11 12 13 14 16 19 21 27 29 32 36 38 39 40 41 44 46 49 51 55 67 68 71 72 73 74 76 77 78 79 82 83 90 91 93 94
coats 5 6 9 11 12 13 14 17 18 19 23 27 28 30 32 33 37 39 40 41 42 43 45 46 49 52 55 57 59 60 66 67 68 69 70 71 73 76 77 78 79 80 83 88 93 94 96 99
coase 70
coast 3 4 6 9 10 12 14 15 16 17 20 22 23 26 27 28 31 33 38 40 41 43 44 46 48 49 51 53 55 57 60 65 67 68 69 71 72 73 74 76 77 78 79 81 82 83 84 90 94
coat. 38
cocoa 12 28 40 53 55 60 71 81 82
cocky 17 55
cocks 6 12 34 39 40 41 42 44 49 53 55 69 77
coche 12 53 55
cocha 53
cocho 53
cochi 53
coboa 53
cobra 12 33
coeur 27
coeli 49
coelo 49 55
codes 1 2 3 4 5 6 7 8 9 10 11 12 13 14 15 16 17 18 19 20 21 22 23 24 25 26 27 28 29 30 31 32 33 34 35 36 37 38 39 40 41 42 43 44 45 46 47 48 49 50 51 52 53 54 55 56 57 58 59 60 61 63 64 65 66 67 68 69 70 71 72 73 74 75 76 77 78 79 80 81 82 83 84 85 86 87 88 89 90 91 92 93 94 95 96 97 98 99 100
coeca 49
cogna 12
cohen 53 55 67
cogit 49
cogia 83
coins 6 8 9 12 13 21 22 23 28 35 39 40 41 42 48 50 53 55 66 68 69 73 76 77 78 79 82 86 94 95
coin. 77 79
coing 12
coine 45
coils 3 8 10 20 23 30 33 40 46 48 55 61 69 78 79
coign 51 55
cot’s 55
coifs 55
cfoot 62 63
coiff 12
colas 12
cold. 12 38
colts 27 49 55 72 73 77 80
colto 53
collo 49 53 65
color 1 4 5 12 13 18 25 27 28 29 32 33 39 41 49 50 51 53 55 56 61 62 63 69 70 79 84 85 89 94
colow 91
colpa 49
colpi 49
colon 20 53 55
colin 5 53
colim 53
colit 49
colic 12 28 39 40 49 73 94
colla 12
coles 16 98
colds 5 10 11 16 40 42 49 51 72 77 94
cow’s 33 38 55 61
cokes 45
coney 55 67
cones 10 26 28 40 53 55 57 72 73 94
conde 12 49 77
condu 53
congo 40 55 79
confe 53
confr 55
conan 21 34 43 55
conch 12 52 56
conce 53
comyn 55
contt 56
contr 49
conta 53
conti 53
conte 79
conto 49
conna 95
conne 53
conno 53
conny 55
conio 7
conic 58
come. 12 16 18 27 38 71 76 79
combe 19 47 53 80
comba 53
combs 12 13 17 27 38 39 49 53 55 71 73 83 94
comed 6 72
comes 1 3 4 5 6 7 8 10 11 12 13 14 16 17 18 19 20 21 22 23 25 26 27 28 29 30 31 32 33 34 35 36 37 38 39 40 41 42 43 44 45 46 47 48 49 50 51 53 54 55 56 57 58 59 60 61 62 63 64 65 66 67 68 69 70 71 72 73 74 75 76 77 78 79 80 81 82 83 84 85 87 88 89 90 91 92 93 94 95 97 98 99 100
comer 10 12 19 20 27 36 37 38 41 42 49 55 68 69 72 76 77 78 79 80 85
comen 9 53
comet 12 28 39 40 41 47 65 69 73 79
comae 49
colza 55
coltu 49
colui 53
colum 49 55
comte 12 39 49 79 82 89 92
comus 83
comon 91
compa 53 77
compn 78
compi 79
comre 53
compo 55
comle 91
commy 94
comma 12 20 22 34 55
comme 10 12 23 37 39
cox’s 16
comfy 55
comin 5 6 27 46 67 68 70 71 78
comit 39
comis 49
comic 10 12 13 14 17 18 21 27 37 39 41 42 43 46 49 55 56 66 68 71 77 78 79 80 82 94
copie 45
copia 49 53
coper 53
copae 65
copre 53
copse 10 11 28 29 37 38 39 41 44 48 49 73
coppe 53
cooee 21
cooed 17 33 55 66
conzi 12
coote 53
cxiii 49
coons 27 32 55
cooks 11 12 15 18 23 28 30 37 38 39 40 49 55 66 72 73 76 77 78 79 80 92 93 94
cooky 56
coole 45
cool. 71
cools 49 51 55 68 77
cooly 28 68
corne 12 45
coron 66
corpi 53
corno 53
cornj 53
corni 53
corns 6 12 55 71 73 77 99 100
corny 55
corio 49
coria 53
corks 12 17 23 39 41 42 55 71 79
corky 40 67
cored 55
coreu 53
cores 12 13 23 86
corer 53
corde 53 77
corda 12 49 53
cords 6 8 12 13 17 23 27 28 32 38 39 40 45 46 49 53 54 55 57 66 73 76 77 79 81 82
corfu 82
corah 45
coram 45
coral 6 10 12 17 27 28 39 40 44 47 53 55 66 67 71 77 78 79 84 85 94 100
corbi 12
corza 53
coruo 53
corvi 22
corto 7 53
corpo 53
corps 10 11 12 23 27 34 39 41 55 65 67 77 79 81 84 85 89 92
corso 6 79 94
corte 53 79
corti 53
corse 55 65 77 79
cotta 49 55
cotte 12
coton 12 18
cotel 53
coter 12
couch 4 9 10 12 17 18 21 22 23 26 27 28 31 35 38 39 40 41 42 43 44 46 49 55 56 59 60 61 65 67 68 71 72 76 77 78 79 84 87 88 90 93 94 99
couen 12
cotys 49
cotto 53
cosbi 45
cosed 91
cosen 49
cosey 4 13 14 27 71
cotch 27
costa 43 53 81
coste 49 97
costs 1 2 3 4 5 6 7 8 9 10 11 12 13 14 15 16 17 18 19 20 21 22 23 24 25 26 27 28 29 30 31 32 33 34 35 36 37 38 39 40 41 42 43 44 45 46 47 48 49 50 51 52 53 54 55 56 57 58 59 60 61 62 63 64 65 66 67 68 69 70 71 72 73 74 75 76 77 78 79 80 81 82 83 84 85 86 87 88 89 90 91 92 93 94 95 96 97 98 99 100
covin 9 55
cowed 6 13 26 27 41 44 49 51 55 68 71 72 76 77 89
cowes 81
cower 10 13 22 46 88
couth 55
court 1 2 3 4 5 6 7 9 10 11 12 13 14 15 16 18 19 20 21 22 23 26 27 28 29 32 34 35 36 37 38 39 40 41 43 44 45 46 47 48 49 50 51 52 53 54 55 60 61 65 66 68 69 70 71 72 73 74 75 76 77 78 79 80 81 82 83 84 85 88 89 90 92 93 94 97 98 99 100
cours 12 55 79
coupe 12 94
count 1 4 5 6 7 8 9 10 12 13 14 16 17 18 20 21 22 25 27 28 29 30 32 33 37 38 39 40 41 42 44 45 46 49 50 51 55 56 57 59 60 65 66 67 68 69 70 71 72 75 76 77 78 79 80 83 84 88 89 91 92 93 94 99
coups 12 44
could 1 2 3 4 5 6 7 8 9 10 11 12 13 14 15 16 17 18 19 20 21 22 23 24 25 26 27 28 29 30 31 32 33 34 35 36 37 38 39 40 41 42 43 44 45 46 47 48 49 50 51 52 53 54 55 56 57 58 59 60 61 63 64 65 66 67 68 69 70 71 72 73 74 75 76 77 78 79 80 81 82 83 84 85 86 87 88 89 90 91 92 93 94 95 96 97 98 99 100
cough 4 5 10 11 12 13 14 16 17 19 21 26 27 28 33 37 39 40 41 42 44 49 51 55 57 59 68 70 71 72 75 76 77 78 79 82 84 85 100
cover 1 2 4 5 6 10 11 12 13 14 15 17 18 20 21 22 23 27 28 29 30 31 33 37 38 39 40 41 42 43 44 46 47 48 49 51 52 53 54 55 56 57 59 60 61 62 63 64 65 66 67 68 69 70 71 72 73 76 77 78 79 80 81 83 84 85 86 88 91 92 93 94 100
covey 12 27 32 55 68
covet 8 10 12 26 43 45 49 55 60 66 69 72 77 78 94
coves 28 40 52 56 68
coylo 55
coyly 50 55
cowls 48 49
coxes 16
cozzo 22
coyne 45
cozen 49
cycle 35 41 47 48 55 65 80 84
cygne 12 39
cygni 84
cynic 12 23 37 49 51 65 66 72 80 100
cynos 65
cynne 20
c’est 10 12 21 37 39 41 55 79
chabu 66
chace 40 55
chapt 45 49
chaos 10 12 13 18 23 26 27 28 31 34 39 40 41 45 48 51 59 69 77 79 80 82 84 85 90 92 94
chaps 5 12 23 27 28 31 40 41 42 47 50 55 65 68 69 70 73 75 94
chary 14 39 71 76 78 98
chase 4 5 6 7 9 10 12 13 14 21 23 24 25 27 28 29 30 32 33 37 38 39 40 42 43 45 46 49 51 52 55 58 59 60 61 65 67 68 69 70 72 74 76 77 78 79 80 81 85 90 97 98
chasm 10 13 14 18 26 27 28 30 40 46 49 51 55 69 73 79 80 84 85
chass 10 12
chara 55
chare 91
charg 39 79 83
charm 1 5 7 10 11 12 14 16 18 19 21 22 23 28 29 31 37 38 39 40 41 42 43 44 45 46 49 50 51 55 61 65 66 67 69 70 71 72 74 76 77 78 79 80 83 84 85 90 92 94 96 98
chat. 5
chark 60
chart 6 12 17 28 33 40 48 53 55 57 72 79 84
chamb 79
champ 12 46 49 55 79 91
chale 12
chalk 7 10 12 13 14 21 23 26 27 28 32 37 38 39 41 48 49 55 56 61 62 68 69 70 71 76 78
chalm 39
chant 5 12 30 33 51 55 64 66 77 79 88 94
chane 91
chang 12 55 66 98
chain 3 4 8 10 12 13 14 15 17 18 20 21 22 23 24 26 27 28 29 30 31 33 34 35 37 38 39 40 41 42 43 44 45 46 47 48 49 51 53 54 55 57 58 60 61 63 64 65 67 68 70 71 72 73 74 76 77 78 79 80 81 83 84 85 86 88 90 93 100
chair 1 2 3 4 5 6 9 10 11 12 13 14 16 17 18 19 21 22 23 25 26 27 28 29 31 32 33 34 35 36 37 38 39 40 41 42 43 44 46 47 48 49 50 51 52 53 54 55 56 57 59 60 61 62 65 66 67 68 69 70 71 72 73 74 75 76 77 78 79 80 82 84 85 87 88 90 93 94 95 98 100
chafe 9 14 71 75 78 80
chaff 14 21 22 27 28 30 31 46 60 65 73 76 77 78
cyroc 53
cyril 23 39 55
cyrus 7 12 37 49
chayn 45
chaud 12 23 55
chaux 39
chats 39 94
chatr 39
chaws 70
check 1 2 3 4 5 6 7 8 9 10 11 12 13 14 15 16 17 18 19 20 21 22 23 24 25 26 27 28 29 30 31 32 33 34 35 36 37 38 39 40 41 42 43 44 45 46 47 48 49 50 51 52 53 54 55 56 57 58 59 60 61 62 63 64 65 66 67 68 69 70 71 72 73 74 75 76 77 78 79 80 81 82 83 84 85 86 87 88 89 90 91 92 93 94 95 96 97 98 99 100
chefs 13 67 79 84
cheek 1 4 5 6 10 12 13 14 16 17 18 19 20 22 23 24 26 27 28 29 30 31 32 34 35 37 38 39 40 41 42 44 46 47 49 51 55 56 57 59 65 66 67 68 70 71 72 74 75 76 77 78 79 80 81 82 83 84 85 90 93 94
cheep 57
cheer 4 5 6 9 10 12 13 14 16 17 21 24 26 27 28 29 30 31 32 33 37 38 39 40 41 42 44 45 46 48 49 50 51 52 55 56 59 60 61 65 67 68 69 70 71 72 76 77 78 79 81 82 84 85 88 93 94 98 99
chead 62 63
cheai 53
cheap 1 2 3 11 12 13 14 15 16 17 18 19 21 22 27 28 31 36 37 38 39 40 41 42 46 49 50 51 55 57 62 66 67 68 70 71 72 73 77 78 79 81 82 83 84 88 93 94 96
cheat 2 4 10 11 13 14 19 27 28 32 33 35 37 39 41 44 49 51 55 60 65 67 68 71 72 73 74 77 78 80 82 84 85 90 91 94
chest 1 5 6 10 12 13 14 17 18 21 22 23 27 28 30 31 33 34 35 37 38 39 40 41 42 43 44 46 49 51 53 55 57 59 60 61 62 65 66 67 68 69 70 71 72 73 76 77 78 79 81 83 88 94 98 100
chess 9 18 23 35 39 40 44 46 48 49 53 55 66 77 78 79 83 84 89 94
chevy 72
chews 49 55 77
chera 53
chere 94
chern 39 63
chekm 39
chena 53
chene 53
cheni 53
chips 10 14 18 27 28 39 40 55 60 62 68 69 70 71 76
chios 22 49 65 79
chirp 5 6 28 36 52 55 78 84 94
chili 16 40 84
chilo 49
chill 1 4 6 7 10 12 13 14 17 18 21 22 23 26 27 29 30 31 32 34 37 39 40 41 42 43 46 47 48 54 55 56 57 60 65 67 68 69 71 72 74 75 76 77 78 79 84 85 88 90 93 94 100
chime 4 10 13 23 32 39 41 55 66 68 71 84 92 93 95
chile 4 23 27 53 55 70
child 1 2 3 4 5 6 7 8 9 10 11 12 13 14 15 16 17 18 19 20 21 22 23 24 25 26 27 28 29 30 31 32 33 34 35 36 37 38 39 40 41 42 43 44 45 46 47 48 49 50 51 52 53 54 55 56 57 59 60 61 62 65 66 67 68 69 70 71 72 73 74 75 76 77 78 79 80 81 82 83 84 85 88 89 90 92 93 94 95 96 97 98 99 100
chink 6 10 21 44 46 55 71 74 76 77 78 90 93
chins 12 21 47 68 70 77 78
chiny 94
china 1 4 10 11 12 14 19 21 23 27 28 31 33 36 37 39 40 41 42 45 46 47 49 50 52 53 55 56 57 61 62 66 70 71 72 77 78 79 80 82 83 89 92 94 95
chine 6 65 67
chide 22 55 72 77
chice 14
chick 40 46 55 77 78 79 94
chief 3 5 6 7 8 9 10 11 12 13 14 15 16 17 19 20 21 22 23 24 27 28 29 30 31 32 33 34 36 37 38 39 40 41 42 43 44 45 46 48 49 51 52 53 54 55 56 57 58 59 60 63 64 65 66 68 69 70 71 72 73 74 75 76 77 78 79 80 81 82 83 84 85 86 87 88 89 90 91 92 93 94 95 96 97 98 99 100
chien 12 41 79
chize 53
chits 55 94
chium 49
chita 53
chian 49 65
chiam 53
chkov 39
