da 7 10 20 26 39 40 41 49 53 55 63 65 67 78 82 84 92
de 1 4 7 9 10 11 12 13 15 16 18 20 21 23 26 27 28 29 30 34 36 37 39 40 41 42 43 44 45 46 49 50 51 53 55 56 60 61 63 65 67 68 69 70 71 73 74 76 77 78 79 80 81 82 83 84 86 89 90 92 93 94 96 97 98 100
di 7 22 39 49 53 55 56 63 65 67 70 77 79 84 89
dj 53
dm 39
do 1 2 3 4 5 6 7 8 9 10 11 12 13 14 15 16 17 18 19 20 21 22 23 24 25 26 27 28 29 30 31 32 33 34 35 36 37 38 39 40 41 42 43 44 45 46 47 48 49 50 51 52 53 54 55 56 57 58 59 60 61 62 63 64 65 66 67 68 69 70 71 72 73 74 75 76 77 78 79 80 81 82 83 84 85 86 87 88 89 90 91 92 93 94 95 96 97 98 99 100
dp 63
dr 2 4 5 6 7 8 9 12 13 15 16 18 19 20 21 22 23 24 27 28 29 30 33 34 36 37 39 40 41 42 43 44 46 48 49 51 52 53 54 55 56 57 58 62 63 64 65 66 70 71 73 75 77 78 79 80 81 82 83 84 86 87 88 89 90 91 92 94 95 96 97 98 99
ds 12
dt 39
du 9 10 12 23 31 37 39 41 44 49 51 53 55 63 74 79 82 83 84 90 91 92 94
dv 39
dw 26
dy 44 45 78 81 83
