d’am 12
d’or 12 55 84
d’if 79
d’un 12 23 41 49
d’ye 4 10 14 16 17 27 30 31 34 39 40 42 48 55 60 68 71 76
de’s 39
dada 18
dabs 12 40 71 78
dabo 45 49
dad. 21
dabe 68
dace 28
dado 12 55
dago 13
dahe 39
daft 40 55
daga 53
dais 8 9 12 20 23 43 77 78
dail 12
dahn 72
dali 53 77
dale 6 10 11 14 24 26 28 38 39 40 44 51 53 55 65 77 78
dala 53
dams 28 30 39 40 55
damp 5 6 10 11 12 13 14 16 17 18 19 21 22 23 25 26 27 29 31 32 35 37 39 40 41 42 43 46 47 51 54 55 56 59 60 65 66 67 68 69 70 71 72 73 74 76 78 79 81 82 84 86 90 92 93 94 100
dann 63
dank 10 21 23 28 32 41 46 55 74 76 78 84 85 90
dang 5 70
dane 20 21 31 55 71
dana 53 55 77
daly 42 55
dalo 53
damn 4 10 13 14 32 37 39 40 41 42 46 48 49 50 51 55 66 67 68 69 72 81 83 87 98
damo 53
dame 9 10 12 13 18 24 28 37 38 39 40 41 42 44 46 49 52 53 55 65 71 72 76 77 78 79 82 85 92 94 98 99
damb 12
dama 53
daoa 53
dans 10 12 26 39 44 55 65 84 92
dant 33 49 79
dard 12
dart 10 12 13 22 28 31 32 33 37 39 40 41 42 44 48 49 53 57 60 65 67 68 70 71 72 77 78 79 94
darr 72
darn 14 17 37 77
dark 1 3 4 5 6 8 9 10 11 12 13 14 15 16 17 18 19 20 21 22 23 24 25 26 27 28 29 30 31 32 33 34 35 36 37 38 39 40 41 42 43 44 45 46 47 48 49 50 51 52 53 54 55 56 57 58 59 60 61 62 64 65 66 67 68 69 70 71 72 73 74 76 77 78 79 80 81 82 83 84 85 86 87 88 90 91 92 93 94 95 99 100
dari 49
darg 32
dare 1 3 4 5 6 7 8 9 10 11 12 13 14 15 16 17 18 19 20 21 22 23 24 26 27 28 29 31 32 33 34 35 36 37 38 39 40 41 43 44 45 46 47 48 49 50 51 52 53 54 55 56 58 59 61 65 66 68 69 70 71 72 73 74 75 76 77 78 79 80 82 84 85 88 89 90 91 92 93 94 97 100
darf 63
daqi 53
date 1 2 3 4 5 6 7 8 9 10 11 12 13 14 15 16 17 18 19 20 21 22 23 24 25 26 27 28 29 30 31 32 33 34 35 36 37 38 39 40 41 42 43 44 45 46 47 48 49 50 51 52 53 54 55 56 57 58 59 60 61 62 63 64 65 66 67 68 69 70 71 72 73 74 75 76 77 78 79 80 81 82 83 84 85 86 87 88 89 90 91 92 93 94 95 96 97 98 99 100
data 1 2 3 4 5 6 7 8 9 10 11 12 13 14 15 16 17 18 19 20 21 22 23 24 25 26 27 28 29 30 31 32 33 34 35 36 37 38 39 40 41 42 43 44 45 46 47 48 49 50 51 52 53 54 55 56 57 58 59 60 61 63 64 65 66 67 68 69 70 71 72 73 74 75 76 77 78 79 80 81 82 83 84 85 86 87 88 89 90 91 92 93 94 95 96 97 98 99 100
dato 39 53
dass 33 63
dasn 70
dash 1 5 6 9 10 12 13 14 17 18 21 22 23 28 30 31 32 33 34 38 39 40 41 43 44 46 47 49 50 52 55 56 63 67 68 70 71 72 73 74 77 78 79 80 82 83 90 92 93 94
dave 30 97
daub 12 55 68
daua 53
davy 6 17 40 42 55 71 78 83 84 86
daws 93
dawn 4 5 6 8 10 12 13 14 17 18 20 21 22 23 26 27 28 29 30 32 33 34 37 38 39 40 41 44 46 47 48 51 53 55 56 57 62 64 65 67 68 69 70 71 72 74 76 77 78 79 80 81 84 88 90 94 100
day. 12 24 38 56 71 72 80 100
daze 35 46 51 67
dazu 63
daye 53
days 1 2 3 4 5 6 7 8 9 10 11 12 13 14 15 16 17 18 19 20 21 22 23 24 25 26 27 28 29 30 31 32 33 34 35 36 37 38 39 40 41 42 43 44 45 46 47 48 49 50 51 52 53 54 55 56 57 58 59 60 61 62 63 64 65 66 67 68 69 70 71 72 73 74 75 76 77 78 79 80 81 82 83 84 85 86 87 88 89 90 91 92 93 94 95 96 97 98 99 100
do’s 16
dean 12 14 49 51 55 72 73 81
deal 1 3 4 5 6 7 9 10 11 12 13 14 16 17 18 19 20 21 22 23 25 26 27 28 29 30 31 32 33 34 35 36 37 38 39 40 41 42 43 44 45 46 47 48 49 50 51 54 55 56 57 58 59 60 61 63 65 66 67 68 69 70 71 72 73 74 75 76 77 78 79 80 81 82 83 84 85 86 88 89 90 91 92 93 94 95 97 100
deam 55
deah 39 50
deaf 4 10 12 13 14 16 17 26 27 28 30 31 33 35 37 39 40 41 43 44 48 49 51 53 55 56 60 61 64 65 67 68 69 71 72 76 77 78 79 80 84 88 92 94
dead 1 3 4 5 6 7 8 9 10 11 12 13 14 16 17 18 19 20 21 22 23 24 25 26 27 28 29 30 31 32 33 34 35 37 38 39 40 41 42 43 44 45 46 47 48 49 50 51 52 53 54 55 56 57 58 59 60 61 64 65 66 67 68 69 70 71 72 73 74 75 76 77 78 79 80 81 82 83 84 85 86 87 88 89 90 91 93 94 95 97 98 99 100
dear 1 2 3 4 5 6 7 9 10 11 12 13 14 16 17 18 19 20 21 22 23 24 25 26 27 28 29 31 32 33 34 35 36 37 38 39 40 41 42 43 44 45 46 47 48 49 50 51 54 55 56 58 59 60 61 65 66 67 68 69 70 71 72 73 74 75 76 77 78 79 80 81 82 83 84 85 87 88 90 91 93 94 97 98 99 100
deck 1 4 6 9 10 12 13 14 17 22 27 28 30 31 33 37 38 39 40 41 42 46 48 49 53 55 60 64 65 66 67 69 70 71 73 74 76 77 78 79 81 82 83 84 85 86 90 92 94
decr 12
debe 53
deca 7 49
debt 2 4 10 11 12 13 14 15 16 19 21 22 27 28 32 33 34 36 37 39 41 42 43 45 49 51 52 55 59 60 64 65 71 72 73 76 77 78 79 80 83 84 85 89 93 94
deer 2 6 9 14 18 20 22 23 27 28 30 33 38 39 40 46 47 48 49 51 53 56 58 61 64 65 70 74 76 77 78 81 84 85 90 94 97 99
deep 1 3 4 5 6 7 8 9 10 11 12 13 14 15 16 17 18 19 20 21 22 23 24 25 26 27 28 29 30 31 32 33 34 35 37 38 39 40 41 42 43 44 45 46 47 48 49 50 51 52 53 54 55 56 57 58 59 60 61 64 65 66 67 68 69 70 71 72 73 74 75 76 77 78 79 80 81 82 83 84 85 86 88 89 90 91 92 93 94 96 98 99 100
deem 4 9 10 12 14 16 18 27 28 32 39 40 46 64 65 68 71 72 74 76 77 79 80 84 85 88 89 90 92
deef 70
deed 4 6 8 9 10 12 13 14 16 17 19 20 21 22 23 26 27 28 32 35 37 38 39 40 41 42 43 44 45 46 49 51 53 54 55 56 61 64 65 66 68 69 70 71 72 74 76 77 78 79 80 81 84 85 88 90 92 94 98
dedi 45 53
dede 13
deft 18 30 39 42 51 55 67
defy 5 7 9 10 11 12 14 19 27 29 40 43 46 49 55 56 57 65 68 71 72 73 76 77 79 80 84 92 93 98
dein 55
deil 46
deli 53
dele 53
delf 10 72
dela 53
demy 39
demo 49
dene 20
dell 6 7 10 22 24 52 55 56 85 92
demi 12 26 40 49 55 65 77 83 94
deor 49
deos 45 49
deny 1 2 3 4 6 7 9 10 11 12 13 14 16 18 19 21 23 27 28 29 31 32 34 35 36 37 38 39 40 41 42 43 44 45 46 49 51 55 56 60 63 64 65 68 69 70 71 72 73 74 75 76 77 78 79 80 83 84 88 89 90 92 93 95 97 98
dens 12 13 23 27 37 49 65 68 71 72 74 76 78 84 88 90
dent 10 28 37 40 49 63 70 86 94
denn 46 63
deoc 42
dern 69 70
dere 9 13 27 39 40 53
dera 53
deta 53
desu 66
dess 94
deto 53
dete 53
dert 63
desk 3 10 12 13 14 16 18 21 27 28 31 39 40 41 42 44 48 51 52 54 55 56 57 59 62 67 68 69 71 76 77 78 79 83 85 87 92 93 94 100
dese 27 70
desc 63
deva 53
deux 12 39 46 55 82
deut 45 97 99
deua 53
deus 49 55 77 88 92
deum 12 27 49 77 81 82 97
dewy 10 18 24 28 39 40 48 55 56 65 69 71 72 78 85 94
dews 16 24 26 27 28 32 39 54 55 56 65 66 73 74 77 79 84 90
dgum 20
dhak 33
diaz 23 40 53 77 79
dias 21 49
dian 10 65
dial 5 39 40 42 47 51 55 68 71 73 78 79 100
die. 38 41 71 76 79
dick 6 10 24 27 32 33 40 55 68 70 71 81 93 98
dici 49
dich 91
dice 6 13 17 23 26 31 35 41 49 53 55 71 72 76 77 79 80
dict 12 98
dico 49 53 55 77
did. 38 41 71
dibs 55
diem 49 68 79 83 98
died 1 3 4 5 6 7 8 9 10 11 12 13 14 15 16 17 18 19 21 22 23 24 26 27 28 29 30 31 32 33 34 35 36 37 38 39 40 41 42 43 44 45 46 47 48 49 50 51 52 53 55 56 57 60 61 65 66 67 68 69 70 71 72 73 74 75 76 77 78 79 80 81 82 83 84 85 87 88 89 90 91 93 94 95 97 98 99 100
dieu 9 12 18 39 41 49 55 79 92
diet 6 7 10 12 14 16 28 30 40 45 46 47 49 55 60 65 68 69 70 71 73 74 77 79 80 83 84 85 90
dies 10 12 13 16 17 19 20 21 23 27 28 29 32 37 39 40 41 45 46 49 51 53 55 61 63 65 66 68 69 71 72 76 77 78 79 80 81 83 84 88 89 91 92 93 94 97 100
dier 12 65
didn 46 57 58 70 78 87 93 94
dido 7 49 51 65 77 88
dign 12
digs 12 13 21 51 55 62 64
diis 49 89
dila 53
dike 12 14
dims 55 65 98
dimo 53
ding 9 12 33 40 63 69 70 92 93 98
dine 2 4 6 10 11 12 14 16 17 18 19 21 22 23 27 37 39 41 42 43 44 46 49 53 54 55 65 66 71 72 73 75 76 77 78 79 80 81 82 83 93 94 98
dina 55
dill 49
dime 13 43 53 55 56 57 66 69 70
dios 49 65 81
dion 12 49 55 65
dint 4 10 12 14 16 21 40 44 46 49 55 56 60 68 71 77 78 79 84 89 94
dins 72
dinn 3
diod 49
dirk 6 39 79
dire 12 14 17 20 22 27 29 46 49 51 53 54 55 56 65 71 74 76 79 80 84 90 92
dira 49 84
dipt 45 81
dips 10 12 49 51 72 78 84
dist 55
diti 49 53
dita 53
dirt 4 5 7 10 11 12 13 14 16 19 21 22 26 27 28 30 31 32 33 37 38 39 41 43 45 47 49 50 51 52 54 55 56 59 60 65 66 68 69 70 71 73 74 76 77 78 79 80 81 82 83 84 86 90 91 92 93 94 99
dirs 24 78 86
diro 49
disk 1 2 3 4 5 6 7 8 9 10 11 12 13 14 15 16 17 18 19 20 21 22 23 24 25 26 27 28 29 30 31 32 33 34 35 36 37 38 39 40 41 42 43 44 45 46 47 48 49 50 51 52 53 54 55 56 57 58 59 60 61 63 64 65 66 67 68 69 70 71 72 73 74 75 76 77 78 79 80 81 82 83 84 85 86 87 88 89 90 91 92 93 94 95 96 97 98 99 100
dish 1 2 3 4 9 10 11 12 13 14 16 22 28 33 35 37 38 39 40 41 42 46 48 49 50 52 53 55 56 57 59 60 61 62 66 67 68 70 71 72 73 75 77 78 79 80 82 83 84 92 93 94 98 99
disc 10 21 22 42 43 46 47 53 55
dius 65
divi 49
dive 3 6 10 13 14 17 27 28 33 40 46 49 54 55 58 65 68 70 71 78 79 81 88 92 93 94
diva 49
dits 49
dito 53
dium 23
dixa 65
dixi 41 49
dizi 53
dnop 12
dnoe 39
doat 10 16 19
doan 13 70
doc. 67
dock 4 6 12 14 17 21 40 55 60 67 68 76 77 79
doch 63
does 1 2 3 4 5 6 7 8 9 10 11 12 13 14 15 16 17 18 19 20 21 22 23 24 25 26 27 28 29 30 31 32 33 34 35 36 37 38 39 40 41 42 43 44 45 46 47 48 49 50 51 52 53 54 55 56 57 58 59 60 61 62 63 64 65 66 67 68 69 70 71 72 73 74 75 76 77 78 79 80 81 82 83 84 85 86 87 88 89 90 91 92 93 94 95 96 97 98 99 100
doer 16 20 26 40 41 45 46 49 64 77 80 88 89 91 92
dog. 38 41 71
dodd 55
dodu 12
dodo 3 27 48 94
dogg 91
doge 82
dogs 3 4 5 6 7 10 12 13 14 17 18 19 22 23 26 27 28 30 33 36 37 38 39 40 41 42 43 46 47 48 49 53 55 56 61 65 66 67 68 69 70 71 72 73 74 76 77 78 79 80 82 84 90 91 92 93 94 96 99
doff 54
doit 6 10
doin 5 6 13 27 46 57 68 70 78 94
doha 53
domo 39
domi 34 49
dome 12 13 14 20 24 27 33 40 42 47 48 51 53 55 56 57 59 61 65 66 68 71 73 74 78 79 85 90
dona 12 32 53 55
doll 5 10 12 13 14 23 27 32 36 39 42 47 48 50 55 66 67 70 71 72 76 78 85 93 94
don. 40
dole 9 10 33 51 53
dola 53
dolt 14 26 41 55 76 77 84
doos 71 78 94
door 1 3 4 5 6 7 8 9 10 11 12 13 14 15 16 17 18 19 20 21 22 23 24 25 26 27 28 29 30 31 32 33 34 35 36 37 38 39 40 41 42 43 44 45 46 47 48 49 50 51 52 54 55 56 57 58 59 60 61 62 64 65 66 67 68 69 70 71 72 73 74 75 76 77 78 79 80 81 82 83 84 85 86 87 88 89 90 91 92 93 94 95 97 99 100
doom 4 9 10 13 16 17 20 22 26 27 30 32 38 39 40 41 43 46 54 55 65 66 68 69 71 76 77 78 80 81 84 85 90 93 94
dood 40 94
dono 53 69 77
donn 12
dong 12 33 40 69 92 93
done 1 3 4 5 6 7 8 9 10 11 12 13 14 15 16 17 18 19 20 21 22 23 24 25 26 27 28 29 30 31 32 33 34 35 36 37 38 39 40 41 42 43 44 45 46 47 48 49 50 51 52 53 54 55 56 57 58 59 60 61 62 63 64 65 66 67 68 69 70 71 72 73 74 75 76 77 78 79 80 81 82 83 84 85 86 87 88 89 90 91 92 93 94 95 96 97 98 99 100
donc 10 12 18 39 41 92
dont 39 55 70 91
dons 12 40 55 77
dore 45 69
dora 71 94
dopo 53
dope 13 55 86
dost 7 9 12 15 17 20 24 26 28 33 37 38 40 41 45 49 55 60 65 77 79 82 83 84 85 88 98
doss 55
doth 3 7 9 10 12 15 16 20 23 24 26 27 41 45 49 55 65 69 71 74 77 80 81 83 85 88 90 91 92 94 97 98 99
dote 49 55 70 71 72 94
dort 12 63
dors 91
doro 53
dorg 71
dose 10 11 12 27 30 31 32 39 44 46 48 49 54 55 56 60 61 68 72 73 76 78 79 80 94
dory 56
doux 12 50 55
douw 79
dout 55 70
dour 55 72
doun 91
dove 10 11 12 14 19 22 26 27 28 32 36 38 39 41 45 46 49 55 65 68 70 72 77 78 83 91 94 99 100
dots 14 28 46 48 53 55 62 63 71 72 79 93 94
doto 65
doue 53 91
doub 49
down 1 3 4 5 6 7 8 9 10 11 12 13 14 15 16 17 18 19 20 21 22 23 24 25 26 27 28 29 30 31 32 33 34 35 36 37 38 39 40 41 42 43 44 45 46 47 48 49 50 51 52 53 54 55 56 57 58 59 60 61 62 63 64 65 66 67 68 69 70 71 72 73 74 75 76 77 78 79 80 81 82 83 84 85 86 87 88 89 90 91 92 93 94 95 96 97 98 99 100
doze 3 5 10 12 13 14 27 31 39 40 41 42 44 46 54 55 56 66 67 68 69 71 72 76 78 84 93 94
doxy 55 77
dozy 94
drab 10 21 27 28 40 48 55 68 71 83 94
drap 37 55
dram 6 12 14 27 32 37 39 44 60 68 73 83
drag 4 5 6 10 12 13 14 17 18 20 22 26 27 28 30 32 33 37 38 39 40 41 42 43 44 46 47 48 49 50 55 56 57 59 60 65 68 69 70 71 72 73 74 76 77 78 79 80 81 82 84 85 86 90 93 94 96 98
drad 55
dray 12 13 27 37 46 48
draw 1 3 4 5 6 7 8 9 10 11 12 13 14 15 16 17 18 19 21 22 23 26 27 28 29 30 31 33 34 35 37 38 39 40 41 42 43 44 45 46 47 49 50 51 52 53 54 55 56 57 59 60 61 63 64 65 67 68 69 70 71 72 73 74 76 77 78 79 80 81 82 83 84 85 86 88 89 90 91 92 93 94 95 97 98 100
drat 5 14 40 55 68 70 71 78
dree 72
drel 71
drei 63
dreg 10
drew 1 3 4 5 6 7 8 9 10 11 12 13 14 16 17 18 19 20 21 22 23 26 27 28 29 30 31 32 33 34 36 37 38 39 40 41 42 43 44 45 46 47 48 49 51 53 54 55 56 57 58 59 60 61 65 66 67 68 69 71 72 73 74 75 76 77 78 79 80 81 82 83 84 85 88 90 93 94 97 98 99
driv 27
drip 12 13 22 23 26 31 32 37 39 46 65 67 69 70 78 86 93
drin 73
drop 1 3 4 5 6 8 10 11 12 13 14 16 17 18 19 20 21 22 23 24 26 27 28 29 30 31 32 33 34 35 37 38 39 40 41 42 43 44 46 47 48 49 50 51 53 54 55 56 57 59 60 61 64 65 66 67 68 69 70 71 72 73 74 75 76 77 78 79 80 81 82 83 84 85 88 90 92 93 94 97 98 99 100
dron 39
drol 55
drov 39
drot 70
druv 46
drus 79
drum 12 13 14 17 23 26 28 31 33 37 39 41 42 48 49 53 55 64 66 67 69 71 73 76 77 78 81 84 85 94 97
drug 1 10 17 18 21 22 26 27 39 40 44 46 49 54 55 57 60 66 67 70 74 79 80 85 89 90
drub 6 49
dry. 71
dual 1 18 21 39 46 54
duad 88
duca 7 53
duck 3 6 12 13 27 28 38 39 40 41 44 46 55 56 58 66 67 68 70 72 78 79 82 84 94 100
duci 65
duch 12 39 79
duce 12 49
dudu 26
duds 12 18 55 70
dues 6 13 22 33 46 56 76 77 79 80
duel 11 12 18 23 39 41 49 55 65 68 77 79 94
duct 55
duge 20
dugu 20
dugs 55 73
duet 10 18 23 55 56 68 71 79 94
duff 6 40 55 68
duha 53
duke 1 6 7 9 12 21 23 39 40 42 44 45 49 53 55 65 67 70 73 77 78 79 81 83 84 94 98
dumb 1 4 6 9 10 12 13 14 18 22 23 26 27 28 29 31 33 37 38 39 40 41 42 44 45 47 49 51 55 56 57 60 62 64 65 67 68 69 70 71 72 76 77 78 79 80 88 93 94
dump 13 55
duly 1 4 6 10 12 14 16 19 21 22 27 34 39 40 42 43 44 46 49 51 53 55 56 60 68 69 72 73 76 77 78 79 80 81 83 85 94 95 97 100
dull 3 4 5 6 8 10 11 12 13 14 16 17 18 19 21 22 23 25 26 28 29 30 31 33 34 35 36 37 38 39 40 41 42 43 44 45 46 47 48 49 51 53 54 55 56 57 58 59 60 61 65 67 68 69 70 71 72 74 76 77 78 79 80 81 83 84 85 86 88 89 90 91 92 93 94 100
duos 97
dung 12 13 22 33 39 40 49 53 55 59 65 66 73 77 81 82 92 98 99
dune 33
duna 53
duny 39
duns 55 78
duno 53
dunn 42 55
dupe 1 10 11 12 16 18 19 26 41 43 55 68 79 84
dupr 79
dusk 4 6 10 12 14 16 18 20 21 27 28 29 31 33 37 39 40 41 42 43 46 47 48 51 52 55 56 57 58 60 64 66 67 68 69 71 72 74 76 78 81 84 90 94
duse 12
dust 1 4 6 7 8 9 10 12 13 14 15 16 17 18 20 21 22 23 26 27 28 30 31 32 33 34 35 37 39 40 41 42 45 46 47 48 49 50 51 52 53 54 55 56 59 60 61 64 65 66 67 68 69 70 71 72 73 74 76 77 78 79 80 82 83 84 85 86 88 90 91 92 93 94 97 98 100
duro 53
duri 53
dure 9 55 84
dura 7 49 53
durs 12 27 81
duty 4 5 6 7 9 10 11 12 13 14 15 16 17 18 19 20 21 22 23 24 25 26 27 28 29 30 31 32 34 35 36 37 38 39 40 41 42 43 44 45 46 47 48 49 50 51 52 53 54 55 56 57 59 60 65 66 68 69 70 71 72 73 74 75 76 77 78 79 80 81 82 83 84 85 86 88 89 90 92 94 97 98
duxi 49
dyck 79
dyce 98
dyed 10 13 16 23 27 28 39 41 45 49 53 55 56 57 60 65 66 67 76 77 78 79 80 81 83 85
dyea 30
dyet 2 83
dyes 13 14 20 52 55 65 77
dyer 78 83
dyin 46
dyke 71
dyle 12
