dumpy 55
dummy 21 31 39 42 44 55 68 70 77 78
dumps 13 28 34 39 40 55 67 69
dunce 3 56 71 72
dunes 33 51
dunam 55
dully 12 37 49 59 69 83 84 88
dulls 10 12 23 49 65 89
dull. 71
dumbe 45
dumas 51 55 79
dupin 34 84
dupes 7 69 71
duped 11 12 16 68 77 79
dunns 42
dunno 6 13 27 46 50 56
dunne 42 55
duras 12 49
durat 49
duroc 39
duris 13 49
durio 53
durch 63
durer 12 40
dured 9
dupuy 49
dutch 9 12 14 15 23 27 28 31 39 40 45 48 49 51 52 53 55 60 63 67 71 73 74 78 79 81 82 83 84 89 90 93 98
dusty 10 12 13 14 16 21 23 26 27 28 31 33 34 35 37 38 39 40 42 43 46 47 48 49 51 54 55 56 65 67 68 70 71 76 77 78 79 80 83 93 94 100
durys 13
durst 6 9 14 20 40 45 49 55 60 65 68 72 73 76 79 82 88 98 99
dursn 78 94
durum 28 49
durus 49
dustn 78
dusky 10 12 17 18 22 23 26 27 28 29 38 40 42 43 48 49 52 54 55 56 60 65 66 68 70 72 74 76 77 78 79 84 85 90 93 94
duty. 31 71 72
duxit 49
dmoni 20
dmont 12
dvips 63
debil 27 53 65
debit 39 55
debia 53
debet 49 97
debel 40
decay 10 12 14 17 19 23 26 27 28 30 34 37 39 40 41 43 45 46 47 48 49 51 52 54 55 60 64 65 68 69 71 72 73 74 75 77 78 79 80 84 85 88 90 92 96 97
debts 4 6 7 8 10 11 12 13 14 15 19 21 22 23 27 30 37 39 41 42 45 55 68 70 71 72 74 75 77 78 79 80 83 88 89 90 94
deane 55
dean. 72
deals 4 7 12 20 22 27 34 35 39 42 55 63 65 68 76 77 82 95
dealt 4 7 9 12 13 14 16 18 19 22 23 27 29 30 32 33 37 39 41 42 46 49 50 51 55 57 60 63 65 67 68 69 71 73 76 77 78 79 81 84 85 88 89 92 93 94 95 99
dear. 38 71
deale 45 91
deal. 37
deafe 45 91
deade 53 91
deads 46
dead. 12 22 31 38 65 71 77
debar 18 20 74 90
deare 91
dearg 55
death 1 2 4 5 6 7 8 9 10 11 12 13 14 15 16 17 18 19 20 21 22 23 24 26 27 28 29 30 31 32 33 34 35 36 37 38 39 40 41 42 43 44 45 46 47 48 49 50 51 53 54 55 56 57 58 59 60 61 63 64 65 66 67 68 69 70 71 72 73 74 75 76 77 78 79 80 81 82 83 84 85 88 89 90 91 92 93 94 95 96 97 98 99 100
deasy 55
dears 3 16 22 30 36 44 46 68 77 78 93 94
deary 6 46 70 71 94
deduc 83
dedit 49
deeds 6 7 9 10 12 13 14 17 20 21 22 26 27 28 30 32 33 34 36 37 38 39 40 41 44 46 49 51 53 55 58 61 64 65 68 71 72 74 76 77 78 79 80 81 83 84 85 88 89 90 91 93 94 95 97 98
deead 72
decte 53
decto 53
decry 49 51 83
decow 83
decoy 4 13 18 26 37 43 44 55 77 81 83
decii 49
decks 6 12 27 30 32 39 40 48 53 60 65 71 81 94
decet 49
dedal 55
decus 49
defoe 60 80 83
deget 49
der’s 27
deeps 20 24 30 40 49 56 65 88
deems 10 22 51 64 65 68 78 79 80 82 85 89
deep. 71
defer 7 10 11 16 19 20 22 27 29 31 39 41 44 49 65 71 72 77 78 79 80 85 89
dehul 73
deine 51 55
deigo 77
deign 12 39 41 46 49 53 77 79 80 82
deify 49 80
degul 73
degne 49
degli 7 53
degni 53
deity 7 10 12 13 26 28 31 39 40 45 46 49 55 65 72 78 79 80 81 82 83 84 85 88 89 98
deism 83
deist 83
demea 49
demas 10
demby 32
demum 49
demur 19 41 49 68 76 77
demus 80
demme 55
demos 12
demon 4 10 12 13 20 21 27 28 29 30 31 32 33 34 40 41 43 46 49 52 53 55 65 66 68 71 72 77 78 79 82 84 85 94 95
delay 1 3 4 6 9 10 11 12 13 14 15 16 19 20 21 22 23 26 27 28 29 30 31 33 34 36 37 38 39 40 41 42 43 44 46 47 48 49 51 52 53 54 59 60 65 66 68 70 71 72 74 76 77 78 79 82 83 84 85 86 88 90 92 93 94 97
dekui 13
delta 40 55
delve 12 39 51 72 76 94
delos 22 45 49 65
dell. 56
dells 10 28 72
della 7 12 49 53 55 77 79 84
delle 7 53 79
delli 53
dew’s 26
delia 49 55
delhi 23
denis 12 55 57 79 94
denen 63
dener 39
dende 20
dwarf 5 6 9 12 26 38 52 54 55 61 66 68 71 72 73 76 77 78 79 92
demye 53
dente 49 53
densa 49
dense 1 4 5 6 10 12 13 14 17 21 22 26 27 28 32 37 39 40 43 44 45 46 47 48 55 57 65 66 68 69 74 76 78 79 84 85 90 93
denti 53
dento 53
dents 28 40 41 46 55 56 61 84
denny 11 83
denne 20
denkt 63
dwelt 4 9 10 11 12 13 14 16 18 19 20 22 23 26 28 35 38 39 40 41 42 43 44 45 49 54 55 56 60 61 65 66 71 72 73 74 76 77 78 79 80 82 84 85 88 90
dwell 4 9 10 11 12 13 16 18 19 21 22 24 26 28 35 38 39 41 42 43 44 45 46 48 49 50 51 52 54 55 60 64 65 68 71 72 73 74 76 77 78 79 80 81 82 83 84 85 88 89 90 92 94 95 97 98
dwenn 55
deque 53
dequa 53
depth 1 4 8 10 12 14 18 20 22 23 26 27 28 29 31 32 33 35 37 38 39 40 41 44 45 46 47 48 49 51 52 53 55 57 60 63 64 65 68 69 71 72 73 74 76 77 78 79 80 84 85 88 90 92 94 98
depot 13 21 27 28 30 42 51 55
desk. 71
desir 83 98
desit 49
desks 3 40 51 56 69 71 78 79 84 93 94
desto 49
deriv 83
derby 46 48 55 74 81 85 90
derba 53
dered 63
deren 63
derry 38
derri 44
deutz 12
deute 63
dever 55
devil 4 6 9 10 12 13 14 15 16 18 19 20 21 22 23 24 26 27 28 29 30 31 32 34 35 37 38 39 40 41 42 43 44 45 46 47 48 49 50 51 52 53 54 55 60 67 68 69 70 71 72 74 76 77 78 79 81 82 85 88 89 90 91 92 94 98 99
devel 91
dwive 39
dwink 39
detur 49
detta 53
dette 53
detti 53
detto 53
deter 11 19 28 39 41 48 49 56 79 81 89 97
deuce 6 10 12 13 14 21 27 29 31 34 37 39 41 55 71 72 77 78 79 93 94
devon 43 78
dewey 13 55
dwown 39
dod’t 12
dog’s 1 3 4 6 10 12 14 27 29 33 34 38 39 41 43 48 49 50 52 55 67 68 71 72 76
dog’d 69
doady 55 71
doats 68
doaty 55
dwyer 42 55
docta 49
docti 49
docte 49
docks 6 12 13 14 15 21 23 28 40 42 55 71 78 79
dodgy 17
dodge 4 6 12 13 30 39 40 42 48 52 55 67 68 70 94
don’s 12 77
don’t 1 3 4 5 6 10 11 12 13 14 16 17 18 19 21 22 23 25 27 28 29 30 31 32 33 34 35 36 37 38 39 40 41 42 43 44 47 48 49 50 51 52 53 54 55 56 59 60 61 66 67 68 69 70 71 72 75 76 77 79 80 84 100
doeth 26 32 45
doesn 46 57 58 62 63 70 78 94
doest 9 26 45 49 88 98
doers 20 41 45 52 56 76 77 80 85 89 91
doffs 55
dogue 12
dogos 53
dohkt 39
dogni 53
dognj 53
dogma 12 23 26 41 42 49 55 84 89 92
doggy 12 55
dogge 45
doing 1 3 4 5 6 7 8 9 10 11 12 13 14 15 16 17 18 19 20 21 22 23 25 26 27 28 29 30 31 32 33 34 35 36 37 38 39 40 41 42 43 44 45 46 47 48 49 50 51 52 53 54 55 56 57 58 59 60 61 62 65 66 67 68 69 70 71 72 73 74 75 76 77 78 79 80 81 82 83 84 85 86 88 89 90 92 93 94 96 97 98 99 100
dolet 49 77
doled 12 39 51
doles 41
doldy 55
dolge 14
dolan 55
dolci 53 65
dolce 49 53 55 94
dolus 49
dolts 6
dolly 30 36 40 55 66 77 78 94
dolls 5 12 13 26 27 36 39 55 66 71 76 94
dolph 27
dolos 49
dolor 49 55 91
dolon 65
dolio 53
dolia 28 49
dov’s 39
dokht 39
dones 49
donec 49 77
donee 49
donde 77
donay 53
donal 55
done. 12 22 38 41 71 77
donum 49
donna 10 21 42 53 55 56
donne 39 49 53 65 98
donor 14 55 56
donno 27 53
donny 78
domes 12 27 33 39 40 41 65 74 84 90
domed 13 22 33 40 46 55 59
domus 49 55
domum 12 49 79
domos 49
domon 12
doped 13 55
dooms 65
dooal 46
doors 1 2 3 4 5 6 8 9 10 11 12 13 14 15 16 17 18 19 20 21 22 23 26 27 28 29 30 31 32 33 34 35 36 37 38 39 40 41 42 43 44 46 47 48 49 50 51 52 54 55 56 57 59 60 61 64 65 66 67 68 69 70 71 72 73 74 76 77 78 79 80 81 82 83 84 85 86 88 90 92 93 94 97 99
dooty 6 71
doore 98
door. 1 24 38 67 71
dorso 49
dormi 53
dorov 39
doris 65
doric 12 22 49 55 65
doria 77 79
dores 45
dorgs 71
doses 12 13 28 39 41 44 47 49 55 68
dosey 71
dosed 6 13 14 41 42 60 77 96
dorus 65
doran 21 42 55 81
doras 71
dora. 71
dotty 55
dotop 63
dough 26 28 31 38 40 44 46 55 57 70 77
douce 12 55
doubt 1 2 3 4 5 6 7 8 9 10 11 12 13 14 15 16 17 18 19 20 21 22 23 24 26 27 28 29 30 31 32 33 34 35 36 37 38 39 40 41 42 43 44 45 46 47 48 49 50 51 52 53 54 55 56 57 58 59 60 63 64 65 66 67 68 69 70 71 72 73 74 75 76 77 78 79 80 81 82 83 84 85 88 89 90 92 93 94 95 97 98 100
douer 53
doueu 53
douai 12
dosso 49
dotes 44 72 78 94
doted 9 19 44 71 72 74 88
down. 21 38 71 84
dowie 55
dower 4 9 14 55 65 78
dowdy 23 55 78 94
douze 49
doute 39
douse 40
doulx 49
dovey 39
doves 10 12 13 22 26 28 38 41 44 53 65 79 92 94 100
dover 9 14 39 40 44 46 50 60 71 76 78
doyle 13 21 34 42 43 55
doyen 55
dowry 12 21 22 26 37 38 39 41 42 49 77 79 81
downy 23 27 28 33 39 44 55 65 71 78 79
downs 11 12 13 19 37 43 44 48 50 55 56 65 71 72 73 77 78 94
downe 45 98
dowps 46
doxei 65
dozes 71 78
dozen 4 5 6 10 11 12 13 14 16 17 18 20 21 22 27 28 29 30 31 32 33 34 37 39 40 41 42 44 46 47 48 49 51 55 56 60 61 63 66 67 68 69 70 71 72 73 74 76 77 78 79 81 82 83 84 85 86 90 93 94
dozed 6 12 14 31 37 39 40 41 44 46 47 48 54 57 60 68 70 72 77 78 94
dyall 53 75
dyers 55 80
dyeth 45
dying 1 2 4 5 6 7 10 11 12 13 14 16 17 18 19 20 21 22 23 26 27 28 29 30 31 32 33 34 35 36 37 38 39 40 41 43 44 45 46 47 48 49 51 55 56 57 59 60 65 66 67 68 69 70 71 72 73 74 75 76 77 78 79 80 81 82 84 85 87 88 90 91 92 93 94 95 97
dykes 9
dyked 9
dymas 65
d’eau 12 40 73 79
dyspn 43
d’aix 12 79
d’amy 49
d’arc 12
d’atr 84
d’oil 53
d’ors 6
d’oro 7
d’orl 12 79
d’ulm 39
d’une 12 39 41 44 65 84
d’urf 12
d’yer 48
d’you 4 21 33 37 39 41 50 60 67 69
dibus 12
diary 10 21 23 39 43 46 49 55 66 69 71 72 75 78 84 94 95
diane 12 49 53 81
diana 10 12 13 22 39 45 49 56 65 77 79 94 98
dials 47 60
didst 9 12 17 24 26 27 33 39 40 41 49 55 65 66 72 74 76 77 79 84 85 88 90 92 98
didnt 55
didna 5
diceu 53
dicas 12 49
dicat 97
dicam 49
dicti 53
dicto 53
dictu 46
dicta 53
dick. 71
dicit 45 49
dicks 33 51 55 94
dicky 42 55
diego 30 53 77
diece 53
died. 12 31 38
dieze 53
dieve 13
diere 77
dieth 26 45 88
diets 49
diest 49 65 77
diese 39 63
dragg 81
digna 49
drags 12 20 38 39 40 49 50 55 61 65 76 78 79 81 92
digne 84
draft 5 12 27 39 40 53 55 60 62 70 71 77 78 79 83 86 89 94
drain 6 10 12 13 16 19 22 28 38 39 40 44 46 48 49 55 56 57 65 67 68 83 92
draco 12 49
drabs 55 68
digit 55
dight 9
digby 28 85
drawd 14
draws 5 7 8 10 12 13 16 19 20 21 22 27 28 31 40 41 45 46 49 50 51 55 56 65 66 67 69 70 71 75 77 78 79 80 85 88 89 92 94 96 97 98
drawn 1 4 5 6 7 8 9 10 11 12 13 14 15 16 17 18 19 20 21 22 23 26 27 28 29 30 31 32 33 34 35 37 38 39 40 41 42 43 44 45 46 47 48 49 51 52 53 54 55 56 57 59 60 61 63 64 65 66 67 68 69 71 72 73 74 75 76 77 78 79 80 81 82 83 84 85 88 89 90 91 92 93 94 95 96 97 98 100
drawl 12 18 29 57 76 78
drave 9
drays 12 13 71
draw. 38
digue 12
drank 4 5 6 8 9 10 12 13 14 16 17 18 20 21 22 23 27 28 29 30 33 34 35 36 37 38 39 40 41 42 44 45 47 48 49 50 53 54 55 56 57 59 60 61 63 65 66 67 68 70 71 72 73 75 76 77 78 79 80 81 82 83 84 85 88 90 93 94 99 100
drang 51
drape 20
drake 6 20 31 53 55 79
digte 20
drams 55
drama 5 12 14 21 23 26 27 28 29 39 40 41 50 53 62 65 66 71 75 77 79 80 84 85 94
dikes 12 14
diked 12
dread 4 7 9 10 11 12 13 14 15 16 17 18 19 20 21 22 23 24 27 28 29 32 34 37 38 39 40 41 44 46 47 48 49 51 52 53 56 57 60 61 64 65 66 67 68 69 71 72 73 74 76 77 78 79 80 81 83 84 85 88 89 90 93 94
dilla 53
dilly 6 39 55 97
dimes 13 66 69
dreie 63
dregs 10 12 13 14 17 21 26 32 37 39 55 65 76 79 80 92 99
dreck 55
dream 1 3 4 5 6 7 9 10 12 13 14 15 16 17 18 19 21 22 23 24 25 26 27 28 29 30 31 32 33 35 36 37 38 39 40 41 42 43 44 45 46 47 48 49 50 51 52 54 55 56 57 58 59 60 61 64 65 66 67 68 69 70 71 72 73 74 75 76 77 78 79 80 81 82 84 85 88 90 92 93 94 95 96 100
drear 10 24 28 51 65 70
diles 12
dildo 44
dress 1 4 5 6 7 8 9 10 11 12 13 14 15 16 17 18 19 21 22 23 24 25 27 28 29 31 32 34 35 36 37 38 39 40 41 42 43 44 46 47 48 49 50 51 52 53 54 55 56 57 60 61 62 65 66 67 68 69 70 71 72 73 74 75 76 77 78 79 80 81 83 84 85 89 90 92 93 94 100
drest 49 77 78 83 98
dreux 49
dints 14 71 76
dinne 45
drift 6 10 13 14 17 18 19 22 26 27 28 30 31 40 43 44 46 47 48 49 51 53 54 55 56 57 64 66 67 68 69 70 71 77 78 85 94 98
drier 14 28 48 55 72 76 77
dries 12 39 49 65 78
dione 65
dribs 55
dried 1 3 4 6 8 9 10 12 13 14 17 18 19 21 22 24 26 27 28 30 31 33 34 37 39 40 41 42 44 46 47 48 49 51 52 53 55 56 57 59 60 61 65 67 68 69 70 71 72 73 74 77 78 79 80 81 86 88 90 94 95 99 100
diogo 53
dimme 45
dimly 1 5 6 10 12 13 14 17 18 21 23 27 28 30 31 37 39 40 41 46 47 48 51 52 54 55 56 67 69 71 72 76 78 80 93
dinky 55
dinna 55
dingo 78
dingy 10 13 18 21 23 26 27 28 34 43 47 51 54 55 71 72 76 77 78 79 85 93
dinge 55 63
dinin 13 27
diner 14 55 80
dines 2 11 14 23 40 44 49 54 78 79
dined 9 10 11 12 14 16 18 19 22 23 28 32 37 39 40 41 42 44 46 47 49 51 53 54 58 60 66 67 68 71 73 75 76 77 78 79 81 83 94 95
dinah 3 27
dinan 53
dinas 9
dipus 79
drive 1 3 4 5 7 9 10 11 12 13 14 16 17 18 19 20 21 22 23 24 26 27 28 29 30 31 32 33 34 37 38 39 40 41 42 43 44 45 46 48 49 50 51 52 54 55 56 57 58 59 60 61 65 66 67 68 69 70 71 72 73 74 75 76 77 78 79 80 81 83 85 86 88 90 92 94 95 97 98 99 100
drito 53
drita 53
dring 55
drino 39
drink 3 4 5 6 7 8 9 10 11 12 13 14 16 17 18 19 20 21 22 23 24 26 27 28 30 31 32 33 34 35 37 38 39 40 41 42 43 44 45 46 48 49 50 51 52 53 54 55 56 57 59 60 61 62 64 65 66 67 68 69 70 71 72 73 74 75 76 77 78 79 80 81 82 83 84 85 88 89 90 92 93 94 97 98 99 100
drips 12 51 78
drily 11 14 27 37 43 55 56 57 68 71 76
drill 5 13 28 41 42 55 56 67 71 76 94
driza 53
disco 55
discs 22 31 55
disks 23 39 40 48 50 55
diqua 53
dirt. 71
dirty 1 6 9 10 11 12 13 14 16 17 19 21 22 26 27 28 30 31 32 33 34 36 37 38 39 40 41 42 44 46 47 48 49 50 51 53 55 59 62 66 67 68 69 70 71 72 73 76 77 78 79 82 83 84 86 92 93 94
dirlo 53
dirge 22 27 41 51 71 74 77 90 93 98
diuer 53
dross 10 28 51 74 80 90 98
drool 55
drone 5 6 28 31 39 41 42 55 57 66 71 78 80
drops 4 5 8 10 12 13 14 15 16 17 19 21 22 26 27 28 29 32 34 36 37 38 39 40 41 42 44 46 48 49 50 51 53 55 56 57 59 65 66 67 68 69 70 71 72 74 76 77 78 79 80 81 82 84 85 88 90 92 93 94 98 99 100
dropt 2 10 11 16 19 26 40 44 66 83
droop 6 12 18 23 24 28 31 36 39 49 51 55 70 71 78 79 84 91 94
droit 12
droma 55
droll 12 14 18 19 26 27 29 31 38 39 44 55 66 68 71 72 76 77 78 79 82 94
drole 91
ditch 6 7 9 10 12 14 16 28 33 39 41 48 49 51 61 65 66 67 68 71 76 78 79 98 100
dites 39
ditty 6 12 14 17 28 55 66
ditti 53
ditto 10 12 40 42 55 63 83 94
divin 12 49
divil 72
divis 49
dived 1 6 12 14 17 21 22 28 33 38 40 41 42 55 56 58 68 70 71 72 79 81 94
divel 45 91
diver 12 23 31 40 46 53 58 66 78 79 94
dives 10 12 13 28 40 45 49 60 68 78
drown 9 10 12 13 14 16 17 22 23 26 28 32 35 37 38 39 40 41 42 49 52 55 60 61 65 68 69 70 71 73 76 77 79 80 81 86
drove 4 5 6 7 8 9 10 11 12 13 14 15 16 18 19 20 21 22 23 26 27 28 29 30 31 32 33 34 37 38 39 40 41 42 43 44 46 47 48 49 51 52 54 55 56 57 59 60 65 66 67 68 69 70 71 72 73 74 76 77 78 79 81 82 83 84 85 88 89 90 93 94 100
divan 21 23 39 50 55 67 78 79
divum 49
divot 67
divos 49
dixon 16 55 71 81
dixit 49
dixie 51
drunk 3 5 6 9 12 13 14 16 18 19 21 22 23 26 27 28 31 32 33 34 35 36 37 38 39 40 41 42 45 46 48 49 50 51 55 56 60 62 64 65 67 68 69 70 71 72 73 74 76 77 78 79 80 81 82 83 84 88 89 90 93 94 98 99
drums 4 12 13 23 26 31 38 39 40 49 53 55 67 71 73 76 77 78 81 82 86
druid 12 55
drugs 4 6 12 13 14 16 22 23 46 49 54 55 73 80 85 97
drugg 40
dacie 9
dacia 49
dan’l 71
drurr 73
drury 19 50 70 71 83
dacca 23
dizzy 10 12 13 25 26 27 29 33 37 39 46 56 57 58 61 65 67 68 69 72 74 79 84 90 99
dabei 63
dabat 49
dadsy 68
dacto 53
dacre 7 24
daddy 4 12 13 17 39 41 66 67 72 94
dar’s 27
dryly 1 5 12 13 14 16 21 27 37 39 41 56 71 79 81 94
dagum 53
dague 12 53
dagom 53
dagon 40 98
dagny 37 38
daghe 53
daghu 53
dryer 14 78
dryas 65
dryad 56 65 85
daffy 68
dat’s 4 18 27 69
daisy 3 12 13 23 55 67 71 84 94 100
dairy 19 22 34 40 42 55 56 60 72 78
daily 1 4 6 7 9 10 11 12 13 14 16 17 18 19 20 21 22 23 26 27 28 29 32 33 34 35 38 39 40 41 42 44 45 46 47 48 49 50 51 52 53 54 55 57 58 60 64 65 66 68 69 71 72 73 74 75 76 77 78 79 80 81 82 83 84 85 88 89 90 91 92 94 95 96 97
das’t 69
dahin 51 63
daher 63
dahas 49
damps 16 69 74 79 84 90
damme 68 78
damma 49
damon 54 77 80
damit 63
dames 10 12 13 37 40 49 52 55 65 77 78 84 85
damer 10
danby 23
dance 1 3 5 6 8 10 11 12 13 14 16 17 18 19 22 23 24 26 27 28 30 31 33 35 36 37 38 39 40 41 42 46 47 48 49 50 52 53 55 56 57 60 61 62 64 65 66 67 69 70 71 72 73 76 77 78 79 80 81 82 84 85 91 92 93 94 98 99 100
dandy 10 12 23 27 37 39 40 41 55 70 78 79 94
danes 20 40 46 97
dandr 79
dando 53
danae 10 49 65 88
damus 28 49
dalle 53
dalla 53
dally 6 49 77 80
dales 9 10 38 44 65
damas 9 12
dalus 12
dschi 53
dapes 28 49
dante 7 12 13 18 23 40 41 49 55 65 66 74 79 80 90 92
danni 65
danny 55
danno 49 53
danke 37
day’s 5 6 10 11 12 13 14 16 17 19 21 22 26 27 28 30 31 32 33 35 37 38 39 40 41 42 44 48 49 50 51 55 56 60 61 65 66 68 69 71 72 73 74 76 77 79 80 85
daque 53
darke 98
darme 53
darky 18 32 51
darli 53
daret 49
dares 1 5 6 10 12 16 18 19 22 27 37 38 39 40 41 43 44 45 46 49 50 65 68 69 70 71 72 77 78 79 84 85 88 92 94
daria 53
darin 63
darby 6 55 78
daran 63
darem 49 55
dared 4 5 6 7 8 10 11 12 13 14 15 16 17 18 19 20 21 23 27 29 30 31 32 33 34 35 36 37 38 39 40 41 42 43 44 46 48 49 51 52 55 56 57 58 59 61 65 68 69 70 71 72 73 74 75 76 77 78 79 81 84 85 88 90 92 94 100
darcy 11 55
dapoi 53
dapoy 53
datos 53
dates 1 3 12 14 21 23 28 32 34 41 43 46 49 53 54 55 56 65 67 69 71 73 74 76 77 79 80 83 90 94 95
dated 4 5 7 10 11 12 14 16 21 28 29 34 36 37 39 46 48 49 53 54 55 56 68 71 72 74 76 77 79 81 83 85 89 90
date. 21
darya 37
darsn 57
darum 63
darts 9 12 22 27 40 46 48 49 50 55 60 65 71 73 78 79 81 82
daron 12
darne 53
darns 94
darni 53
dasna 83
davon 63
davis 6 28 40 51 55 81 94 97
david 2 3 6 7 8 9 10 11 12 13 14 15 16 18 20 22 24 25 26 27 28 29 30 31 32 33 36 37 38 39 40 42 43 45 49 53 54 55 56 59 60 63 64 69 70 71 72 73 74 75 76 77 79 80 81 83 84 85 86 88 91 93 94 97 99 100
dauby 55
daubs 12
datum 49 95
datur 49
datta 53
daume 79
daunt 10 27 65 77 98
dauni 49
dawed 9
davy. 71
dawn. 53
dawns 4 12 26 28 31 50 55 65 78 84
dazed 6 13 14 17 18 21 23 29 30 34 37 39 40 41 46 55 67 71 76 77 78
dayes 45 53 98
days. 34 38 71 79
d.b.c 55
d.c.l 54
de’ll 4
duc’s 39
dchen 37
duane 13
ducat 7 38 40 49
ducal 12 23 50 84
ducts 12 22 55
ducit 49
ducis 65 79
duchy 7 9 39 49 79
ducky 55 71
ducks 11 12 13 27 28 38 40 49 51 52 53 55 58 60 70 71 73 78 79 84 94 100
dun’s 55
duces 45 55
duart 53
dubio 49
dubii 49
dubie 49
dubia 49
duero 77
duets 11 19 23 39 44 55 71 78 79
duel. 41
duell 45
duels 7 12 39 40 41 45 49 55 79 83
dudlo 53
dugul 55
dugos 53
duffy 42 78
dukes 7 9 12 38 39 45 67 69 70 73 77 83
dulce 49
dulan 53
