deephid 55
dream’s 26 71
dream’d 65
dabbing 48 55 78
deepens 28 50 65 78
deepest 3 9 10 11 12 13 14 16 17 19 21 26 27 28 31 32 35 37 38 39 40 41 43 44 46 49 50 51 55 56 60 63 65 68 69 71 73 74 75 77 78 79 81 84 85 88 89 90 92 94
dinting 40
douches 37
dooming 19
damming 17
dreaded 4 5 9 10 11 12 13 14 15 16 19 23 27 29 32 37 38 39 40 41 44 46 47 49 53 54 56 64 66 68 69 71 72 73 74 76 77 78 79 80 81 84 85 88 89 90 93 94
dreadin 27
daystar 55
derided 12 26 41 42 45 54 66 80 88 99
derides 12 49 50 65 88
diswuys 49
dogfish 22
deprimi 49
deprive 4 10 11 12 15 19 20 32 34 39 41 44 45 49 55 61 65 68 71 72 73 77 78 79 80 81 83 85 89 93 96 97
dericks 40
delapaz 55
deepden 10
delay’d 65
dammage 45
dropped 1 3 4 5 6 10 11 12 13 14 16 17 18 19 21 22 23 24 26 27 28 29 30 31 33 34 37 38 39 40 41 43 44 46 47 48 49 50 51 55 56 57 58 59 60 61 66 67 68 69 70 71 72 73 74 76 77 78 79 80 82 84 85 86 90 93 94 96
depinte 53
depinta 53
depinto 53
depinti 53
depintj 53
demesne 19 30 55 73
duane’s 13
dicimus 49
droppin 5
denizen 40 67
demeter 46 55
depress 9 41 42 49 55 71 75 80 81
disobey 3 4 5 9 12 22 32 39 40 45 49 55 56 58 72 73 74 76 79 80 83 90 97
duteous 65 68
douleia 45
delalot 12
delalta 53
delalto 53
dixisse 49
derrick 69 70
dogwood 28 85
denanzi 53
deduced 11 14 21 37 39 43 45 49 53 63 74 84 90 92 95
deduces 41 81
diddled 40 55
daphnis 12
divitix 49
divitis 49
diaries 46 78 94
delayed 1 4 6 7 9 10 11 12 13 15 16 17 19 21 22 27 28 29 30 33 34 37 38 39 41 42 43 44 46 48 49 53 55 56 57 60 65 67 69 71 72 74 76 77 78 79 80 86 88 90 94
dryness 16 19 28 35 37 54 77 88
dabbled 12 18 43 55 57 71 74 84 90
dabbler 43 49
diuento 53
diuenta 53
dawkins 68
delawar 81
douceur 19 39 44
desmond 43 55
deiopis 65
duresse 9
d’aquin 49
douce’s 55
diddest 88
dumbest 40
dumbell 67
dropp’d 65
daubily 55
daubing 12 21 73 79
duelled 40
dchenko 39
deliver 1 2 4 7 8 9 10 12 13 14 16 17 19 22 26 27 28 30 32 36 39 40 43 44 45 49 51 55 60 64 66 68 69 71 72 73 74 76 77 78 79 80 81 82 83 84 85 86 88 90 94 97 98 99
dapping 55
dappled 10 20 39 65 72 77 79
divinum 12
dizzied 27
dizzier 37
diddies 55
divinis 49 97
dobbins 69
dizzily 27 55 56 72 84
divings 40
divined 6 10 12 13 14 16 21 22 26 27 30 37 39 40 41 42 44 55 56 57 65 69 71 72 76 77 78 79 92
divines 45 49 77 81 85 92 98
diviner 26 78 79 80 92
debtors 12 14 35 37 45 49 51 71 76 78 79 80 83 88
duellum 28
dogwhip 55
divil’s 72
dwarfed 12 18 40 47 51 71 89 92
deified 12 26 40 45 49 92
dupeupy 81
duelist 39
dueling 13 39 41
deprave 27 36 49
ditioni 97
dividit 49
divided 4 6 7 9 10 11 12 13 14 15 16 18 19 20 22 23 27 28 32 33 34 37 38 39 40 41 42 43 44 45 46 48 49 50 51 53 54 55 56 57 58 59 60 61 64 65 66 68 69 70 71 72 73 76 77 78 79 80 81 82 83 84 85 88 89 92 94 95 97 98
divider 45 73
divides 6 12 28 30 40 49 53 55 63 65 80 89
doubter 26 49 64 83
doubted 1 4 5 6 8 9 10 11 12 13 14 16 17 18 19 21 22 26 27 28 29 32 35 37 39 40 41 42 44 45 46 47 49 51 54 55 56 57 58 60 65 66 67 70 71 72 73 74 75 76 78 79 80 81 82 83 84 85 88 89 90 92 95 97
dagegen 63
denisot 49
denison 97
doubts. 41 71
dommage 10 45
d’onore 49
deniqne 49
denique 49 97
depicts 63 78
dichten 55
dubarry 12
dawlish 19
dusters 72 94
damning 13 21 27 40 41 50 55
dearest 1 4 7 8 10 11 12 13 14 16 17 19 20 21 22 23 26 27 29 32 36 37 38 39 40 41 44 45 46 49 50 51 55 56 65 66 67 68 69 71 74 75 76 77 78 79 80 81 84 85 88 90 92 94 98
dorimon 12
d’asile 12
devriez 39
devious 1 10 29 35 40 42 55 57 65 68 78 84
duskily 6 66 85
defluat 49
denkbar 63
derange 74 77 90
devines 42
dicatis 98
devilry 31 41 76 92
dawn.75 22
digital 46 55
digitos 49
dicatur 49
dicatus 98
dratted 70
digitis 49
defunct 12 40 48 49 55 67 77 85
doggery 70
deserit 49
deserts 4 10 11 16 19 20 21 24 26 27 28 36 40 46 49 55 60 65 71 74 77 78 79 85 88 89 90 95
deviled 13
deserre 12
devills 45
dispair 73
deserve 2 4 5 6 8 9 10 11 12 13 14 15 16 18 19 20 21 22 23 26 27 28 37 38 39 40 41 44 45 46 49 51 55 56 64 65 68 70 71 72 73 74 75 76 77 78 79 80 81 82 83 88 89 90 92 94 97 100
devilif 91
dustbin 50 55
ditties 77 78
duzento 53
duzente 53
dresser 4 5 10 12 13 14 18 22 34 39 48 52 55 57 60 66 67 71 72 78 80 81 91 94
dresses 5 10 11 12 13 14 19 22 23 27 31 36 37 38 39 41 42 44 46 48 50 51 55 56 61 67 69 70 71 76 77 78 79 80 85 92 94 100
dressed 1 2 3 4 5 6 7 9 10 11 12 13 14 16 17 18 19 21 22 23 26 27 28 29 32 33 34 35 36 37 38 39 40 41 42 43 44 46 47 48 49 50 53 54 55 56 57 59 60 61 65 66 67 68 69 70 71 72 73 74 75 76 77 78 79 81 82 83 87 90 91 93 94 97 99 100
duskier 10 29 40 85
dagonet 9
drebber 34
dogging 28 37 40 43
dispels 65
doggish 26 27
d’erlon 12
detroit 13 67
dearly. 38
dirtier 41 68 76 78 93
dirtied 27 76
ducento 53
ducente 53
decidua 55
d’ascot 49
decidit 49
decides 15 16 22 39 49 50 53 56 63 69 70 74 78 79 80 89 90 95 97
decided 3 4 5 6 7 10 11 12 13 14 15 16 17 18 19 20 21 22 23 26 27 28 30 31 32 33 34 35 37 38 39 40 41 42 43 44 45 46 47 48 49 53 54 55 56 57 58 59 61 63 65 66 67 68 69 70 71 72 74 75 76 77 78 79 80 81 82 83 84 85 86 88 89 90 92 94 95 97
dirtily 72
disowns 15 97
digress 41 44 49 71 77 92 94
detains 49 65 79 94
details 4 5 6 10 12 13 14 18 21 23 27 28 29 30 31 32 34 36 37 39 40 41 42 43 44 46 47 48 49 51 53 54 55 56 59 65 68 69 71 72 74 75 76 77 78 79 80 84 85 86 89 90 92 94
danaans 22
diderot 12 39 41 92
deviser 20
devises 20 39 45
devised 7 8 9 10 13 14 20 21 22 26 28 32 39 45 47 51 55 61 68 69 71 77 78 79 80 83 88 92 94 97
dearies 67 94
dryfoot 49
dicamus 49
dittany 49
doris’s 12
diluted 13 40 42 47 69 85 88
dowling 42 70
deflect 7
danicum 20
daybook 55
density 12 40 48 55 78 79 84
drugget 12 71 83
drugged 12 13 22 23 40 46 50 55 70 71 79 84 85
dilly’s 55
dress’d 65
derived 1 2 3 4 5 6 7 8 9 10 11 12 13 14 15 16 17 18 19 20 21 22 23 24 25 26 27 28 29 30 31 32 33 34 35 36 37 38 39 40 41 42 43 44 45 46 47 48 49 50 51 52 53 54 55 56 57 58 59 60 61 63 64 65 66 67 68 69 70 71 72 73 74 75 76 77 78 79 80 81 82 83 84 85 86 87 88 89 90 91 92 93 94 95 96 97 98 99 100
derives 11 15 21 40 45 49 53 65 72 73 74 77 78 80 84 89 90 97
doyle’s 55
dopigni 53
dillons 55
deign’d 65
demon’s 1 10
detract 12 18 19 37 40 55 71 73 80 89
deseado 53
durfort 49
dreampt 69
dorians 22 65
deseave 91
dedlock 78
d’arsat 49
dubitat 77
dubitau 53
d’arsac 49
densely 6 12 28 39 40 55 68 71 84
densest 12 48 78
dresden 12 28 39 47
demonio 53
demonic 80
devrait 12
damnall 55
dewdrop 5 38 55 78
dicique 49
deigned 8 10 11 12 37 39 41 49 57 68 71 72 79
depart. 71
departs 12 20 26 30 31 41 49 65 77 78 80 84 85 94
dying’s 48
dungeon 4 9 10 12 13 38 49 50 55 56 65 70 71 72 73 74 76 77 78 79 82 84 85 89 90 99
dreamer 12 16 26 33 37 39 41 43 45 48 49 55 56 71 78 79 80 84 94
dreames 45
dreamed 3 4 5 6 9 10 12 13 14 18 22 23 26 27 28 29 30 33 35 37 39 40 41 42 43 44 45 46 47 48 49 51 54 55 56 57 60 61 65 66 67 68 69 70 71 75 78 79 80 81 82 84 85 89 91 92 93 94 97
dimples 10 14 28 33 39 44 56 71 74 90
dimpled 10 12 14 27 33 34 39 44 51 52 55 71 78 93
devices 9 12 13 14 20 22 23 37 39 40 47 48 49 51 53 55 60 65 69 71 74 76 77 78 79 80 81 83 84 85 86 90 94
dicitur 49
devicta 49
drake’s 79
dubious 10 12 13 16 21 22 28 31 40 49 55 56 65 73 76
drastic 28
devil’s 9 12 21 23 26 27 28 39 40 41 43 55 68 71 72 77 79 84 85
d’armes 49
deviate 7 10 14 46 49 53 79 82 89
daytime 4 5 12 13 20 21 25 27 33 35 37 39 44 46 49 50 52 58 60 62 69 70 71 73 77 78 79 85 86 100
drizzly 14 27 40 78
drizzle 14 16 33 43 55 67 72 78
dowland 55
dicky’s 42
dilegua 49
defeats 23 31 39 49 55 76 80 89
dishful 38
decryed 45
dynasty 12 20 26 28 30 39 51 55 79 85
degrade 10 19 23 27 37 41 49 65 66 71 72 77 79 80
difform 49
daymare 71
daraida 77
diction 17 19 26 49 55 65 77
dontcha 13
docible 73
dotages 88
dmitri. 37
david12 79
drama’s 40
dickson 81
decades 51 53 65 67
demptus 49
diorama 46
deluges 44 55 65 80
deluged 10 30 43 44 65 80 84
dilemma 12 39 44 45 46 49 51 55 60 69 70 71 79 81
dadurch 63
dietary 41 55 68
diffunt 70
diffuse 10 11 12 16 19 39 46 48 49 77 84 85 91 93
dynamic 12 63
doueria 53
dynamos 55 86
dickens 10 14 18 48 50 55 68 69 70 71 76 78 93 94
dorante 12 79
dahlias 12
differs 12 15 26 34 39 40 45 49 63 65 77 80 95
duodene 55
daddies 55
dictate 8 11 12 13 16 19 23 30 32 34 37 44 45 49 55 60 68 71 73 74 76 78 79 80 84 89 90 92 94 97
d’herbe 53
decay’d 65
deasy’s 55
draught 4 6 9 10 12 16 17 21 25 26 28 30 34 36 37 38 39 40 41 42 44 46 47 49 50 54 55 57 59 60 65 68 71 73 74 76 77 78 79 80 83 84 85 88 90 97
donkeys 16 22 31 33 55 66 71 94
denuded 10 12 14 39 42 59
degrees 4 6 9 10 11 12 13 14 18 19 21 23 28 32 36 37 38 39 40 41 45 46 48 49 51 53 54 55 57 60 65 68 69 71 72 73 74 76 77 78 79 80 81 83 84 85 88 89 90 91 92 93 95 96 97
dederat 49
dracula 46
damosel 9
dante’s 41
defecta 49
defects 1 2 3 4 5 6 7 8 9 10 11 12 13 14 15 16 17 18 19 20 21 22 23 24 25 26 27 28 29 30 31 32 33 34 35 36 37 38 39 40 41 42 43 44 45 46 47 48 49 50 51 52 53 54 55 56 57 58 59 60 61 63 64 65 66 67 68 69 70 71 72 73 74 75 76 77 78 79 80 81 82 83 84 85 86 87 88 89 90 91 92 93 94 95 96 97 98 99 100
dribble 77
dummies 47
dewfall 55
doltish 26 40 77
didorus 12
dubbing 77
dubbiar 49
darinel 77
diaboli 40 49 55
diabolo 77
dananti 53
decipit 49
disport 9 22 39 40 77
dispose 4 11 12 13 14 16 18 19 21 26 27 28 31 37 39 41 43 45 48 49 53 60 65 68 71 73 77 78 79 81 83 86 88 89 94 97
disgust 1 3 4 6 10 11 12 13 14 16 18 19 21 22 23 26 27 28 29 30 31 32 33 34 35 36 37 39 40 41 44 46 47 48 49 50 54 55 56 57 59 61 68 69 71 72 73 74 77 79 81 82 83 84 88 89 90 92 93 94
decried 23 49 71 85 96
decimas 77
decimal 51 55 63
dewelop 76
dorador 55 77
dindled 9
doran’s 21 42 55
digamma 65
diffali 22
dozhoyv 39
dention 40
decrevi 49
denting 56
devan’s 55
dentist 12 14 16 41 50 55 67 75 78 94 95
decrees 7 9 12 18 20 27 39 40 41 45 49 65 71 73 76 79 81 83 84 86 97
decreed 7 8 10 12 20 22 29 39 40 41 45 49 51 60 65 69 73 74 76 77 79 81 90 92
decreas 83
dustpan 14 94
dentify 68
ditcher 28
ditches 7 9 12 13 14 39 40 41 48 49 55 68 76 77
ditched 9
delcano 53
domonio 53
dispute 3 4 7 9 10 11 12 14 17 18 19 20 22 26 28 30 33 35 37 38 39 40 41 42 45 48 49 55 60 65 66 67 68 69 71 72 73 74 77 78 79 80 82 83 84 85 88 89 90 97 98
daggers 13 19 39 41 49 53 55 76 77 79 94 100
d’assas 12
duennas 55 77
dispers 83
domon’s 12
damon’s 80
daumont 12
deluded 12 13 21 28 39 45 49 65 71 72 77 79 80 83 85 88 94
deluder 55
deludes 49 65 78
donavan 19
dildoed 44
donator 83
dildoes 44
drachms 49
derbies 21
doggone 55
duhring 92
dawdle. 71
dawdled 11 19 55 94
dracius 65
dustman 14 50 71 78
diploma 39 49 55 85
donated 56
dittoed 55
devanic 55
dotings 40
david’s 55 71
diables 12
displac 83
display 1 2 3 4 5 6 7 8 9 10 11 12 13 14 15 16 17 18 19 20 21 22 23 24 25 26 27 28 29 30 31 32 33 34 35 36 37 38 39 40 41 42 43 44 45 46 47 48 49 50 51 52 53 54 55 56 57 58 59 60 61 63 64 65 66 67 68 69 70 71 72 73 74 75 76 77 78 79 80 81 82 83 84 85 86 87 88 89 90 91 92 93 94 95 96 97 98 99 100
dustier 37
doggrel 83 84
dusting 10 12 14 27 40 66 68 71 72 94
dustily 71
darbies 40 55
directs 7 10 12 13 39 45 49 60 64 65 72 73 77 78 80 95
diadems 73
dallied 13 40 55 77 84
drilled 4 7 10 12 40 56 78
darkens 10 40 41 49 65 71 78
dancers 1 4 12 13 16 22 26 39 42 49 55 57 64 65 73 77 79 80 81 84 93 99
deputed 49 65 78 79 82 84 97
deputes 65 79 84 97
deathly 12 17 27 37 39 43 46 49 54 79
danceth 26
d’auray 49
d’aurat 49
darkest 4 5 12 14 17 18 26 27 28 32 34 38 41 42 43 45 52 55 59 66 68 71 76 77 78 79 84 88 93
dunalta 53
direful 10 16 20 27 32 40 52 65 81
debouch 12
desprez 12
d’orsay 12
direkte 63
delving 39 51 55 78 85
delvino 79
despoil 9 12 39 65 76 79 80 93
despots 10 12 27 50 85
despout 91
despond 26 72 74 76 90 94
dublins 55
delegal 51
dimanda 53
dimanat 49
diauolo 53
dorking 16 75
darknes 91
darkned 45
dolloby 71
dwelled 9 57 84
dweller 21 26 30 41 78 79 85
dollors 91
dutzend 63
demigod 12 28 40 49 79 92
decking 37 67 77
d’aubry 79
didymus 49 73 80
dexters 91
darkish 57 70 77
darking 70
darbore 53
door169 22
deckest 12
dancing 1 3 4 5 6 7 8 9 10 11 12 13 14 16 17 18 19 22 23 26 27 28 30 32 33 35 36 37 38 39 40 41 42 43 44 45 47 48 49 51 52 53 55 56 57 60 61 64 65 66 67 68 69 70 71 72 73 74 76 77 78 79 81 83 85 89 90 92 94 99 100
darkies 18 51 55 68
degarni 53
dancies 67
d’ordre 39
deferor 49
dantean 40
dinners 10 11 12 13 14 16 17 18 19 22 23 27 28 37 38 39 41 42 44 48 50 54 55 56 58 68 70 71 76 77 78 79 80 85 93
deferre 45
dolling 42
divulge 1 17 28 45 55 79 84
decayed 4 14 26 27 28 33 35 41 47 49 54 55 59 60 68 71 72 73 74 76 77 78 82 83 84 85 90 93 94
dumenil 12
dugongs 40
dowered 12 22
defence 6 7 9 10 11 12 14 15 16 17 19 20 21 22 27 28 30 31 32 34 37 40 42 45 49 51 52 54 55 57 60 63 65 67 68 69 71 72 73 74 75 76 77 78 79 80 82 84 85 88 89 90 97
davises 94
defends 7 12 20 27 49 65 77 88 92 97
dacians 46
defenda 49
despair 1 3 4 6 7 8 9 10 11 12 13 14 16 17 18 19 21 22 23 24 26 27 28 29 31 32 33 34 35 36 37 38 39 40 41 42 43 44 45 46 47 48 49 50 51 52 54 55 56 57 59 60 64 65 67 68 69 71 72 73 74 76 77 78 79 81 82 84 85 88 90 92 94 98
daunger 9
dazzled 10 12 13 15 28 29 34 39 44 47 48 49 50 52 56 57 61 65 71 73 74 79 80 90
dazzles 12
d’etain 12
defense 11 13 15 33 39 41 53 83 86 92 94 99
dolly’s 30 36
dinning 28 40 79 80
daddy’s 4 27
dwell’d 65
daunt’s 55
doberry 81
denmark 9 14 15 49 51 55 77 83
dollars 4 6 13 18 21 27 28 30 32 34 40 43 51 56 57 62 66 67 69 70 81 83 84 91 94 98
dollard 55
dollair 30
dialect 5 12 28 31 43 46 49 50 63 65 70 71 73 76 79 84
dotards 12 55 65 88
dowells 51
downers 13
damping 6 10
dawning 4 5 9 12 13 14 20 26 27 28 39 40 41 42 48 51 56 59 64 65 66 68 76 77 78 85 92
deakens 91
dampier 73
daunted 10 28 30 39 40 43 56 61 68 72 73 79 94 99
delvers 79
dacious 68
dikanka 41
despise 1 4 9 10 11 12 13 14 16 17 19 23 26 27 30 32 33 35 37 39 41 42 44 45 46 49 50 51 55 60 65 67 68 70 71 72 73 74 76 77 78 79 80 82 84 88 90 91 92 94
despite 1 2 3 4 5 6 7 8 9 10 11 12 13 14 15 16 17 18 19 20 21 22 23 24 25 26 27 28 29 30 31 32 33 34 35 36 37 38 39 40 41 42 43 44 45 46 47 48 49 50 51 52 53 54 55 56 57 58 59 60 61 63 64 65 66 67 68 69 70 71 72 73 74 75 76 77 78 79 80 81 82 83 84 85 86 87 88 89 90 91 92 93 94 95 96 97 98 99 100
death’s 10 12 21 22 27 39 40 41 55 65 68 76 77 79
diner’s 55
dieting 80
dead.88 22
deplore 6 12 16 20 40 41 51 64 65 76 77 78 79 89 94
dictums 26 55
despici 49
dolcino 89
decazes 12
docters 91
dogskin 18 94
docteur 12
demande 39
demando 53
demands 7 10 11 12 13 15 16 19 27 28 31 37 39 40 44 49 51 57 59 60 65 66 67 68 71 73 74 76 77 78 79 80 81 83 84 88 89 90 92 94 95 96 97 98
d’avril 12
doffing 39
disjoin 49
driving 1 5 7 9 10 11 12 13 14 16 18 19 20 21 22 23 27 28 29 30 32 33 34 37 38 39 40 41 42 43 44 46 48 49 50 51 52 53 55 56 57 59 60 65 67 68 69 70 71 72 76 77 78 79 80 81 84 86 93 94
dandies 12 23 39 40 79 94
dunkirk 40 60
dairy’s 55
disavow 15 26 39 45 49
darcy’s 11
dissita 49
dissipe 49
drubbed 49 77
demaine 67
denning 48
dervish 28 55 82
dairies 12 45
diversa 49
diverse 12 18 39 45 49 51 62 65 77 80 84 88 89 92
diverts 12 14 49 53 65 73
domingo 27 32 53
dominie 55 69 84
dominic 40 55
dominis 49
d’ossat 49
diverge 7 39 78 85 95
diporto 53
dudding 38 46
dominum 49 55
dominus 12 45 49 55 80 97 98
dominos 12 55
divests 65 97
deistic 10
dunkers 83
dursn’t 71
dodge’s 4
declare 1 3 4 6 7 10 11 12 14 16 18 19 20 22 23 25 26 27 28 31 37 38 39 40 41 42 43 44 45 49 51 53 54 55 56 59 65 66 68 70 71 72 73 74 76 77 78 79 80 81 82 83 88 89 90 91 92 94 96 99
doleful 5 9 10 11 12 14 16 23 27 28 39 40 49 52 55 65 66 71 72 76 77 78 79 81 88 99
drivest 74 90
drivers 12 13 23 26 27 30 32 33 37 39 40 41 42 48 65 66 67 70 71 78 83 86
declaim 31 37 49 83
delfini 53
domibus 49
doating 16 90
dauphin 12 41 49 70 79
dandy’s 79
d’amour 23
dinorah 42
durance 12 55 77 79 80
durango 53
desir’d 49
douglas 27 29 69 70 81
designe 45
designs 7 10 11 12 13 14 15 16 19 27 28 37 39 40 41 43 44 45 46 49 53 55 60 65 67 68 71 72 73 74 77 78 79 80 81 83 84 88 90 97
damiens 76 82
depends 1 2 3 4 5 6 7 8 9 10 11 12 13 14 15 16 17 18 19 20 21 22 23 24 25 26 27 28 29 30 31 32 33 34 35 36 37 38 39 40 41 42 43 44 45 46 47 48 49 50 51 52 53 54 55 56 57 58 59 60 61 63 64 65 66 67 68 69 70 71 72 73 74 75 76 77 78 79 80 81 82 83 84 85 86 87 88 89 90 91 92 93 94 95 96 97 98 99 100
diver’s 6
damidas 49
doherty 55
dunstan 93
darling 1 4 5 10 11 12 14 16 17 19 22 25 27 33 34 36 37 38 39 41 44 46 49 55 56 61 65 66 68 69 70 71 72 73 74 75 76 77 78 79 84 85 90 94
darlint 55
deorurn 49
dissect 35 39 40 49 73 74 80 82 84 90
decline 6 7 10 11 12 14 15 16 19 21 23 26 27 28 29 31 39 40 41 42 49 51 55 65 66 67 68 71 73 74 75 77 78 79 80 81 83 85 88 89 90 92 97
dockets 55
denny’s 55
disarms 49 65
dissent 10 19 40 43 45 49 69 78 79 80 88 89
dandled 10
deckung 63
disable 14 15 40 78
diamond 10 12 13 14 21 23 26 27 28 33 37 39 40 41 42 46 49 55 56 57 66 67 68 71 72 73 76 77 78 79 81 82 85 94 97
drawing 1 3 4 5 6 7 9 10 11 12 13 14 15 16 17 18 19 21 22 23 26 27 28 29 30 31 32 33 34 35 37 38 39 40 41 42 43 44 45 46 47 48 49 50 51 52 53 54 55 56 57 58 61 63 65 66 67 68 69 70 71 72 73 74 75 76 77 78 79 80 81 83 84 85 88 89 90 93 94 95 97 98
demises 55
durable 7 9 10 16 40 49 65 67 73 83 84 85 97
durably 49
drawled 10 21 37 39 40 41 72
demirep 55
dextram 49
doeskin 55
darting 5 6 10 11 12 13 16 17 21 27 28 31 33 38 39 40 41 43 47 49 55 60 65 68 69 71 72 73 76 77 78 79 85 93 94
diurnal 49 55 68 72 73
diana’s 10 39 56 65
drawers 4 10 12 14 16 17 18 21 27 29 37 38 39 40 41 42 44 46 49 50 51 54 55 56 57 59 60 61 66 68 70 71 72 76 78 79 82 84 92 93 94
drawest 77 88
draweth 9 26 45 46 98
dartle. 71
dryad’s 56
doughty 9 20 22 52 53 55 77 84
diavolo 79
dennehy 55
dotting 93
demades 49
dealing 2 7 9 12 13 15 16 17 18 21 22 26 27 28 29 33 37 39 41 43 45 46 49 51 54 55 60 63 65 67 68 71 72 73 74 77 78 79 80 81 89 90 92 93 95 97
deacons 39 45 55 85
dunsink 55
deleuze 12
dennany 55
dutiful 10 16 27 39 41 46 55 66 68 71 72 76 77 78 79 81 88 94
duchies 49
dolmans 12
disrobe 39 55
d’autre 12 39
doesn’t 1 3 5 6 10 12 13 14 17 18 21 23 27 29 33 34 35 36 37 39 40 41 42 50 54 55 56 61 66 67 68 71 72 75 76 77
deforms 65
deforme 49
dottles 21
duchess 3 9 11 12 14 21 23 42 44 50 55 56 71 75 77 79 81 83 98
dealeth 9
dealers 12 17 27 30 32 39 40 43 49 55 71 78 81 89
distill 88
distils 46 53 64 65 77
drapery 4 10 12 18 27 42 55 72 76 77 78 79 80 84 85 92
drapeau 12 79
drovers 13 28 32 68 77 78
drovest 65
druckes 63
dactyls 55
d’enfer 12 79
dignams 55
delgado 53
doorway 1 3 6 11 12 13 14 21 22 23 28 29 31 34 36 37 39 40 41 42 46 47 48 51 55 56 58 59 61 67 68 71 72 76 78 79 85 93 94 100
dragnet 39
divolsi 49
distort 37 41 46 79 95
dragged 1 4 5 6 10 12 13 14 17 18 20 21 22 23 26 27 28 29 30 31 32 33 34 35 37 38 39 40 41 43 44 46 48 49 51 53 54 55 57 58 59 60 61 65 66 68 69 70 71 72 73 74 76 77 78 79 80 81 82 84 85 90 93 94 100
draggle 28 94
draggin 68
daisy’s 67
dixon’s 4 16 32
desrues 12 79
dolon’s 65
d’antan 12
donwell 16
dizened 49
distant 1 3 4 6 7 8 10 11 12 13 14 15 16 17 18 19 21 22 23 24 26 27 28 30 31 34 35 37 39 40 41 42 43 44 45 46 47 48 49 51 52 53 54 55 56 57 60 62 64 65 66 68 69 71 72 73 74 76 77 78 79 80 81 83 84 85 88 89 90 92 94 96 97
dunciad 83
desarve 72
debille 53
develop 1 5 10 11 12 13 14 21 23 26 27 35 39 41 44 48 49 51 65 71 75 78 79 80 85 89 92 95 96
distaff 21 22 23 77 80 94
d’antin 12 79
debilem 49
deemeth 9
dessein 84
dessert 10 12 14 16 19 26 27 28 39 41 42 44 50 55 66 71 72 77 78 79 80 93 94 98
drago’s 55
domains 12 20 26 49 52 65 84 92
donning 12 17 39 40 44 72
dipping 6 12 14 21 22 23 33 39 40 45 46 49 50 53 66 78 79 83
debrett 23
ducados 53
drinker 12 26 27 35 39 49 51 80
drinked 14
drinkin 5 27 46 70
diocles 22 49
dauzats 79
deedily 16
distend 28 34 65
deglute 55
daneman 20
denoted 10 11 12 14 16 19 40 44 49 55 68 71 76 78 79 80 85 88
denotes 12 16 40 45 49 53 65 78 88 95
detests 12 65 72 79
damages 1 2 3 4 5 6 7 8 9 10 11 12 13 14 15 16 17 18 19 20 21 22 23 24 25 26 27 28 29 30 31 32 33 34 35 36 37 38 39 40 41 42 43 44 45 46 47 48 49 50 51 52 53 54 55 56 57 58 59 60 61 63 64 65 66 67 68 69 70 71 72 73 74 75 76 77 78 79 80 81 82 83 84 85 86 87 88 89 90 91 92 93 94 95 96 97 98 99 100
donnoli 53
damaged 1 2 3 4 5 6 7 8 9 10 11 12 13 14 15 16 17 18 19 20 21 22 23 24 25 26 27 28 29 30 31 32 33 34 35 36 37 38 39 40 41 42 43 44 45 46 47 48 49 50 51 52 53 54 55 56 57 58 59 60 61 63 64 65 66 67 68 69 70 71 72 73 74 75 76 77 78 79 80 81 82 83 84 85 86 87 88 89 90 91 92 93 94 95 96 97 98 99 100
dulling 46 49
danemen 20
domanda 53
domando 53
dullman 55
deterre 45
distich 12 55 77
drefful 27
dormice 79
desired 1 2 4 5 6 7 9 10 11 12 13 14 16 18 19 21 22 23 26 27 28 29 30 31 32 35 37 38 39 40 41 42 43 44 45 46 47 49 50 51 53 54 55 56 60 61 64 65 66 67 68 71 72 73 74 76 77 78 79 80 81 82 83 84 85 88 89 90 92 93 94 97 98 99
desires 1 6 7 9 10 12 13 16 20 21 22 23 24 26 27 28 30 31 32 35 37 39 40 41 42 44 45 46 47 49 55 60 63 64 65 66 67 69 72 73 74 75 77 78 79 80 81 88 89 90 92 94 95 97 98 99
dormite 53
damrell 70
dormire 53
daffled 46
d’anjou 12
dullest 8 11 13 27 28 36 37 39 49 71 77 83
deadman 55
dixerit 49
decursu 49
dixerat 49
dodging 6 13 14 40 55 77 78
donnais 12
diditur 49
donegal 55
dicendo 53
desipit 49
donnare 53
desinit 49 98
deities 22 26 49 65 77 80
defying 5 8 10 16 17 22 27 28 30 41 43 49 65 71 72 77 78 79 85
dragg’d 49 65
deelish 55
drouthy 55
dimlist 63
desinat 97
drafted 13 14 27 71 77 79 94
diceres 49
dullard 77
difrent 91
danvers 54
donnent 49
daffish 9
deadest 10 49 93
dippers 40
deadens 4 23 72 78
donnees 49
diocese 12 51 71
druther 30 69 70
dulcius 49
dumping 13 67
dryshod 77
dissolv 83 98
dingier 13 76
dolenda 49
delosin 45
dubedat 55
ducimur 49
ducimus 49
delorme 12
doshite 66
daisies 3 10 12 13 23 28 55 56 58 61 71 79 84 94
divexet 97
doctrin 45
disband 18
dodgers 27 68 70 94
drewest 88
dunkler 63
dashing 1 4 5 9 10 12 13 16 19 20 21 23 27 28 32 34 39 40 41 46 52 55 56 60 65 68 71 72 73 74 77 78 79 81 84 90 93 94
detects 40 45 77 78
dormeno 53
dianora 7
droller 77
dardant 12
dardans 65
dernier 55
desists 55 65 78
dashkov 41
doctobr 53
dormant 28 35 44 48 55 57 71 74 76 79 80 83 84 88 90 92
doctors 1 4 5 6 7 8 10 12 13 17 21 27 28 36 37 39 40 41 45 46 49 50 51 55 57 68 69 71 75 76 77 78 79 80 81 82 83 84 85 92
drought 33 39 40 55 60 79 80
desist. 71
doctor. 1 71 80 100
deussen 26
defines 23 26 28 39 49 53 63 64 80
defined 1 10 11 12 16 19 21 23 27 28 34 37 39 40 41 42 43 44 45 46 49 51 53 55 56 63 68 71 76 79 80 84 85 88 89 92 94 95 97
daresay 1 3 9 10 17 21 29 31 36 37 39 41 46 50 55 56 60 66 69 72 75 77
donovan 86
de’suoi 49
defiles 12 34 39 40 78
defiled 9 22 23 27 28 32 34 37 39 43 65 66 71 78 80 85 88
ducking 6 27 28 29 33 40 49 71 83 94
diagram 46 47 55
denying 3 5 10 11 13 16 17 21 26 27 28 29 36 37 39 40 41 45 49 51 54 55 56 63 64 67 68 69 71 72 76 77 78 79 80 83 84 85 89
dossier 12
dnieper 39
dolphin 28 33 40 49 55 60 65 70 71 80 81
droning 6 21 23 31 48 49 57 66 71 94
drown’d 65
dewanee 33
dedisti 49
disdain 5 7 9 10 11 12 14 15 16 20 23 26 27 35 37 39 40 41 46 49 50 51 55 65 67 68 69 71 73 74 77 78 79 80 82 90 92 96 98
dedisse 49
dundrum 55
defraud 4 41 49 65 77 80
dogdays 55
disused 12 14 23 42 71 76 78 79 85 93
darning 10 17 18 27 37 55 66 71 94
denyeth 45
d’ombre 12
duffers 13
decency 4 10 11 12 13 15 22 23 29 32 35 40 42 44 45 49 51 55 56 67 73 77 80 81 84 89
diomede 65 80
detours 12 35 86
destiny 4 9 10 12 13 14 16 19 20 21 22 23 26 27 28 31 32 34 35 37 39 40 41 42 46 48 49 50 51 54 55 56 65 66 67 68 71 72 73 74 75 76 77 78 79 80 81 82 84 85 89 90 92
devoirs 39 44 55
debated 13 14 19 41 42 45 49 60 73 76 77 80 83 85 88 95
debates 14 39 45 49 51 55 65 71 73 83
debater 78
dre’ful 27
drifted 5 10 13 14 16 17 20 21 22 28 30 33 34 35 39 40 42 43 46 47 48 51 55 56 66 67 68 69 70 71 74 76 78 84 85 90 92 95
debauch 4 44 46 49 51 55 81 83 84
drudges 55
duhesme 12
discuss 1 6 7 10 11 12 13 14 16 18 21 22 23 26 27 35 37 39 41 43 44 46 51 52 53 55 56 60 67 68 70 71 75 76 77 78 79 80 83 85 88 93 94 95
deafens 49
debased 12 13 16 25 27 44 46 49 51 68 72 73
dronage 80
dislove 55
diapers 83
dolorum 49
decebit 49
damasus 45 65
damasks 12 79
dimmish 70
doloris 49 98
dimming 74 90
dolores 55
dolorem 49
dwuldom 73
deposit 10 12 13 14 16 21 26 34 42 46 49 53 55 60 68 71 75 77 79 80 84 86 89 93
deposes 21
deposed 6 14 21 33 40 42 45 49 53 54 69 71 74 77 79 90 97
dymas’s 22
dimmler 39
decease 10 11 12 14 15 16 19 44 45 46 49 54 55 60 68 71 72 76 77 78 79 83 84 85
debited 13
dolopia 65
dolopes 65
daren’t 5 6 10 23 36 37 39 41 54 55 56 68
diligit 49
dedidit 97
delphos 12 49
draymen 55 73
dolours 49 55 65
deeming 7 9 10 14 64 77 78 80
doglike 41
donor’s 55
drone’s 80
dislike 2 4 10 11 12 14 15 16 18 19 21 22 23 26 27 29 37 38 39 40 41 45 48 49 50 51 54 55 62 65 66 67 68 71 72 73 74 75 76 77 78 79 80 83 84 89 90 92 93 94 97
discors 49
discord 1 10 12 15 23 26 32 37 39 41 45 46 47 49 55 64 65 72 77 78 80 81 82 83 88 92
damsels 26 37 40 52 55 77 78 82 85
delphis 49 65
delphic 49
divorce 12 13 19 23 26 27 39 43 44 49 51 55 57 66 67 68 71 75 78 79 91
deficit 41 49
dignify 12 49 94
duplici 49
discard 35 39 41 59 64 66 71 77 80 97
denyall 45
dezeado 53
disturb 1 4 5 6 8 10 11 12 15 16 17 18 19 21 22 25 26 27 28 36 37 39 40 41 42 44 46 47 49 55 56 59 60 65 66 67 68 70 71 72 73 74 75 76 77 78 79 80 84 85 88 90 91 92 93 94 97
deceive 4 7 10 11 12 13 14 15 16 18 19 21 22 23 26 27 32 35 37 38 39 40 41 43 44 45 46 49 50 55 61 65 68 70 71 72 76 77 78 79 80 81 84 85 88 92 94 95 98
deceits 7 40 65 88
deceit. 10
deceipt 45
darnela 53
dignity 1 4 5 6 7 8 9 10 11 12 13 14 15 16 17 18 19 21 23 26 27 28 29 30 31 32 37 39 40 41 42 44 45 46 49 50 51 52 53 55 56 57 58 64 65 66 67 68 71 72 73 74 76 77 78 79 80 81 82 83 84 85 88 89 90 92 94 97 100
defiant 4 13 14 26 28 34 37 39 41 42 43 56 67 71 78 85 94
diutius 49
discern 7 9 10 11 12 13 14 16 18 19 26 27 28 31 38 39 43 44 45 49 55 57 60 65 68 71 73 76 77 78 79 80 81 85 88 92 97 98 99
discere 49
dragoon 12 39 76 78 79
dragons 1 12 20 26 40 51 52 55 65 71 77 79 88 98
dimmest 85
dourado 53
dedimus 49
draping 29 31 39
d’olier 55
digests 55 92
dwindle 12 51 55 71 80 85
dessous 12 55
drooped 6 10 12 14 23 27 28 30 34 39 44 46 51 55 68 69 70 71 76 77 78
dwarf’s 38 42 55
drunker 55
default 9 11 12 27 45 46 48 49 63 71 72 78 84
drunken 4 5 6 9 12 13 20 21 22 26 27 34 37 38 39 40 41 42 43 48 49 55 56 67 68 71 74 76 77 78 79 80 83 84 85 88 90 93
delight 1 3 4 5 6 7 10 11 12 13 14 16 17 18 19 20 21 22 23 24 26 27 28 29 30 31 32 33 34 35 37 38 39 40 41 42 43 44 45 46 47 48 49 50 52 54 55 56 60 61 64 65 66 67 68 69 71 72 73 74 75 76 77 78 79 80 81 82 83 84 85 88 89 90 92 93 94 97 98 100
dazedly 55
deutsch 10
dangles 39 55 67
disease 1 2 4 9 10 12 13 14 15 21 23 26 27 28 31 34 35 36 37 39 40 41 43 44 45 46 47 48 49 51 53 54 55 57 61 65 68 71 72 73 74 76 77 78 79 80 82 84 85 88 90 92 93 95
dangled 26 28 42 52 55 57 68 69 70
doublet 17 23 38 45 49 53 55 69 77 94
doubles 12 13 39 41 44 49 55 68 71 77 78 80 94
doubled 3 6 9 10 11 12 13 14 16 17 18 21 22 27 28 30 33 39 41 42 43 44 46 49 51 54 55 60 65 68 70 71 73 77 78 79 80 82 83 84 85 88 100
defarge 76
drained 1 10 12 13 15 17 18 27 28 32 34 37 40 41 46 47 48 49 55 68 71 76 77 79 84 85
dunnock 72
duclida 37
delicti 12 55
delirus 49
decoyed 4 21 26 43 46
doppelk 39
dilates 12 49 79
dilated 1 10 12 13 14 27 31 40 48 49 52 55 56 68 76 79
dilatam 49
deniers 79
delirat 49
deniest 85
denieth 15 45 88
dastard 9 17 55 65 81
dripped 12 14 17 23 26 35 48 59 71 72
dorovna 39
diggers 12 26 41 79 96
dunning 27
descubr 53
dunno’s 56
dozenth 78
deniall 45
denials 12 27 40 49 94
delille 12
droop’d 65
decorum 11 16 19 20 27 39 41 46 48 49 50 55 56 72 77 78 79 84 85
dinanci 53
delimit 63
digging 3 4 5 6 12 13 18 22 23 27 28 30 31 33 34 37 39 40 41 48 49 54 57 60 64 69 70 72 73 74 76 77 78 79 81 85 90 91
dinanzi 49 53
delilah 79
destroy 1 2 3 4 5 6 7 8 9 10 11 12 13 14 15 16 17 18 19 20 21 22 23 24 25 26 27 28 29 30 31 32 33 34 35 36 37 38 39 40 41 42 43 44 45 46 47 48 49 50 51 52 53 54 55 56 57 58 59 60 61 63 64 65 66 67 68 69 70 71 72 73 74 75 76 77 78 79 80 81 82 83 84 85 86 87 88 89 90 91 92 93 94 95 96 97 98 99 100
devoret 79
d’appui 28
dowager 10 12 39 49 55 66 71 79 81
defaded 9
dualism 63 80 95
duality 54 92
dogvans 55
dodinas 9
defaces 32 49
defaced 12 13 14 20 27 28 40 43 60 65 68 71 73 76 81 85
dinadan 9
dismiss 1 4 10 12 13 14 17 19 26 28 36 37 39 41 46 48 49 55 65 71 72 76 77 78 79 88 89 93 94 95
dorothy 55 61 66
drowsed 42 54 56 69
devolny 12
dambray 12
devolve 49 65 97
danorum 20
dudgeon 10 39 50 56 71 78 94
dailies 51 56
dedalus 55
dinagat 53
dushkin 37
dorogob 39
dorogom 39
drumont 55
descend 6 10 12 18 19 21 22 24 26 27 28 30 32 34 37 38 39 40 41 43 44 45 46 47 48 49 57 60 62 64 65 68 71 72 73 74 76 77 78 79 80 81 82 85 88 90 92 94 95
descent 1 7 9 11 12 15 21 22 26 27 28 30 31 32 39 40 42 44 45 46 47 48 49 53 55 56 57 65 69 71 72 73 74 76 77 78 79 80 81 83 84 85 88 90 92 100
dimness 10 12 26 27 39 46 47 48 57 84 85
defamed 9 92
dulness 10 12 14 16 28 49 65 71 80 85
daemons 35 45 49 88
dismals 27
devours 12 20 27 41 65 77 79 82
durutte 12
devour. 38
diego’s 77
dooties 6 21
ductile 49 65
descant 49 73
dlugacz 55
devotes 28 49 77 78 80 85
devotee 12 26 39 40 51 55 66 82
devoted 1 4 7 10 11 12 14 16 17 18 19 20 21 22 23 26 27 28 31 32 34 35 36 37 39 40 41 43 44 45 46 47 48 49 50 52 55 57 59 65 66 68 71 73 74 75 76 77 78 79 80 81 84 85 88 89 90 91 92 94 100
dinah’s 3 27
duminil 12
descare 91
dangers 4 6 7 10 12 13 14 16 17 20 21 26 27 28 29 31 34 39 45 46 47 48 49 51 53 54 55 58 60 61 65 68 70 71 73 74 76 77 79 80 81 88 89 90 92 94 96 97 99
drowned 3 4 5 6 9 10 12 13 14 16 17 18 21 22 26 27 28 30 31 32 33 35 37 38 39 40 46 47 48 49 51 53 54 55 56 60 67 68 69 71 72 73 74 76 77 78 79 81 82 84 85 90 91 94 96 100
drummle 14
drummer 12 13 26 28 39 58 69 76 78 94
drummed 13 18 23 34 41 55
