e. 79 84
ea 49 53 55 67 97
eb 55
ec 53
ed 7 10 14 17 20 22 45 47 49 51 53 55 65 67 69 71 78 79 92 94 98
ee 40 55 68 69 72 78 93
ef 13 18 39 49 70 94
eg 55
eh 3 5 6 10 12 13 14 21 27 28 30 31 34 37 39 40 41 42 43 44 48 50 55 68 71 72 75 76 78 79 84 92 93
ei 12 49 63 65 97
el 12 20 39 49 51 53 55 67 77 79 82
em 3 4 5 6 10 12 13 14 16 19 27 31 33 39 40 42 46 48 50 53 55 56 57 61 67 68 69 70 71 72 76 78 93 94
en 10 12 16 18 20 21 22 26 27 37 39 40 44 46 48 49 53 55 63 65 70 77 78 79 81 92 94 98
eo 7 45 49 63 79 84 92 97
ep 49 61 80
eq 53
er 20 53 58 62 63 69 70 78 80 81 83 88 90 91 92 93 94 98
es 5 10 12 13 18 20 23 28 31 33 37 39 41 44 49 50 51 53 55 62 63 67 71 76 78 79 84 98
et 1 7 10 12 18 20 23 26 27 28 37 39 40 41 49 53 55 65 67 70 77 79 80 82 83 84 91 92 97 98
ev 39 55 63 81
ex 10 12 13 21 26 34 39 40 41 42 45 46 49 51 55 63 66 68 71 78 79 83 84 89 97
ey 53 78
ez 53 77
