eventual 12 29 40 51 74 86 90
enticeth 26 45
eyebrows 1 6 10 12 13 14 16 18 21 22 23 27 29 31 33 34 35 37 39 41 42 43 44 46 49 52 53 55 59 66 67 68 70 71 76 77 78 79 82 93 94
exemplar 7 49
exemplis 49
einklang 63
exoduses 96
equicola 49
ebonness 40
enticing 12 40 41 44 51 55 56 71 74 81 88 90
european 7 12 13 15 21 26 27 28 31 37 39 40 41 46 48 49 51 53 55 60 66 69 70 73 74 76 78 79 80 81 82 83 84 85 89 90 91 92 96 97
europeus 55
east.105 22
elongate 76
entwined 10 27 44 55 64 68 78 79
entwines 78
extracts 7 11 12 13 15 16 20 21 34 37 40 43 49 52 65 80 83
enumitem 63
egoistic 41
evertere 49
effundit 49
epithets 12 16 49 65 68 74 77 84 89 90
enscombe 16
edapteon 12
excelsis 49 55
execrate 12 32 42 74 79 82 88 90
ensconce 12
exhausts 1 12 23 49 78 89
excavati 98
etruscan 84
eschewed 10 40
embodies 72 80 89
embodied 10 12 16 26 40 51 55 57 60 65 71 78 80 84 85 89 91 92 94
ephippia 49
estienne 12 49
exhibits 15 20 47 55 71 77 78 80 85
exhibite 45
elementa 49
elemente 63
elements 7 10 12 13 14 21 23 27 28 29 35 37 39 40 41 42 45 46 47 49 51 54 55 56 57 63 64 65 69 71 74 77 78 79 80 84 85 86 88 89 90 92 95 96 98
exciting 4 5 6 10 11 13 15 16 17 18 19 21 25 27 28 29 34 37 39 40 41 43 44 46 48 50 55 56 58 65 67 68 69 71 72 74 75 78 79 80 84 86 89 90 94
elsinore 55
exhorted 4 7 14 22 27 32 41 45 48 49 53 55 71 73 79 81 83 85 88 92 97 98
exhorter 27 32
enimvero 49
eyeballs 1 12 13 23 31 33 47 52 55 65 67 69 74 79
entangle 12 40 43 44 49 77 84 88 92
enformed 45
excelled 7 10 20 22 27 30 41 44 49 55 58 65 73 77 79 81 88
evenlong 9
exhibere 49
eminence 1 6 7 10 11 12 15 19 26 27 39 40 45 46 49 50 53 55 65 69 71 76 77 78 79 80 83 84 85 88 98
eminency 49 97
evicting 13
eternall 45
elargiri 49
elvery’s 55
emphasis 3 4 6 10 11 12 14 16 17 18 19 26 27 28 29 31 34 37 39 40 41 42 45 49 50 51 55 63 68 69 71 72 76 78 79 83 84 85 86 94
explains 10 12 16 21 22 23 26 27 33 39 41 51 53 55 56 63 65 69 70 77 78 79 80 85 89
epiphany 39
erdkunde 53
epidaure 65
ebenezer 51 81 93
exciteth 26
errant’s 77
emphatic 10 11 12 14 18 27 37 39 41 46 51 56 65 68 71 76 78 84 89 92
excell’d 65
emmeline 27 70
earldoms 84
eighties 51 55
erewhile 10 49 55 84
eighthly 12 45
ersetzen 63
errantry 16 77
exhaling 12 35 40 55 56 65 85
effigies 10 49 79 94
effigiem 49
excitata 49
eretmeus 22
exponent 55 63 71 76
euchenor 65
entorono 53
encircle 12 20 27 44 49 64 79 84 92
exceeded 11 12 14 15 19 21 27 29 32 34 39 40 44 46 49 51 54 55 68 71 72 73 74 77 80 83 84 88 90 93 94 98
expended 4 9 12 13 15 27 31 39 48 49 51 55 60 67 68 71 78 79 81 83 85 89 92
exercere 49
exercent 49
exerceat 97
expences 11 45 97
everlast 70
eurydice 22
emmanuel 49 55 79 94
essayeth 27
emblazed 65
exelmans 12
eyeglass 31 39 44 55
ellisons 19
evaluate 86
einzelne 63
eloquent 1 4 10 11 12 13 23 26 27 28 30 31 32 36 39 40 41 44 45 46 48 49 51 55 66 69 71 72 73 74 76 77 78 79 80 83 84 85 88 89 90 92 94
exoriens 49
eyesight 12 14 22 46 56 72 79 80 88
excusing 9 12 17 23 39 44 46 49 53 76 78 79 83
essaying 12 40 68 82
essayist 39 49
eyemasks 55
esteem’d 65
enjolras 12
estimate 7 12 13 14 16 19 21 23 26 27 28 32 39 40 45 46 47 49 55 66 68 69 71 76 77 78 79 80 81 82 84 85 89 92 94 97
entreaty 4 9 11 12 18 19 27 32 34 37 38 39 40 41 46 49 55 60 65 71 72 73 76 77 78 79 80 81 85 93 98
entreats 7 12 41 49 65 76 77 78 81
eddyings 40
espresso 49
erosions 55
escorted 12 13 14 16 17 18 21 22 23 27 30 31 39 41 42 44 49 55 68 71 72 76 78 79 83 93 94
elefanty 53
elefanti 53
estivate 28
excuseth 45
eldritch 55 85
egregium 49
e.l.y.’s 55
exalting 15 72 77 80
emending 20
epistles 10 12 39 45 49 72 80 88 92
evaluing 26
exerting 11 12 16 27 41 44 60 65 72 73 74 77 83 85 89 90
exertion 1 4 10 11 16 19 27 28 30 34 39 40 44 46 47 48 49 51 54 55 68 69 71 74 76 77 78 79 80 81 84 85 89 90 94 96
empowers 15
eginhard 49
escalier 23
embraced 1 9 10 11 12 14 19 22 27 28 29 31 34 35 37 38 39 40 41 42 44 45 47 49 53 54 55 60 65 68 71 73 74 76 77 78 79 80 81 82 84 86 88 90 94
embraces 1 10 12 14 15 16 19 22 26 28 39 40 41 44 49 53 55 65 68 71 73 75 76 79 80 81 88 92
expounds 49
exigitur 49
entities 35 45 55 63 73 77 84 95
esteemed 4 7 10 11 12 16 18 19 20 28 32 38 39 40 41 42 43 44 45 49 50 52 53 55 60 62 65 66 71 72 73 74 75 76 77 78 79 80 81 82 83 85 88 90 92 94 97
eyes.267 65
elephant 12 13 14 26 31 33 39 40 46 49 53 55 61 66 69 71 73 77 78 88 90 91 94
expense. 71
exalteth 26 51 77 81
endowing 26 67 84 85 94
expenses 1 2 3 4 5 6 7 8 9 10 11 12 13 14 15 16 17 18 19 20 21 22 23 24 25 26 27 28 29 30 31 32 33 34 35 36 37 38 39 40 41 42 43 44 45 46 47 48 49 50 51 52 53 54 55 56 57 58 59 60 61 63 64 65 66 67 68 69 70 71 72 73 74 75 76 77 78 79 80 81 82 83 84 85 86 87 88 89 90 91 92 93 94 95 96 97 98 99 100
entitled 4 9 10 11 12 13 14 15 16 18 19 20 22 23 26 27 28 32 33 36 39 40 41 43 44 45 46 49 50 52 53 55 56 59 62 66 68 69 70 71 73 74 77 78 81 83 84 85 88 89 90 91 92
exoritur 49
encasing 40 77
eliseyev 41
entitles 21 23 28 79 89
emptiest 26 39
eunuchus 49
evremond 92
entrench 39 74 90
escort’s 51
emprised 9
exempted 28 45 48 49 65 73 97
etchings 40
energies 1 4 10 12 13 14 26 27 32 37 39 40 41 43 44 46 48 51 54 56 68 69 71 72 74 77 78 80 84 85 89 90
eskimo’s 18
explicit 9 10 11 12 13 14 15 27 29 44 46 47 53 54 68 71 76 78 79 80 84 97
eruption 12 28 34 39 40 48 71 78 81 84 94
ecclesia 45 92
einander 63
enshrine 68 84
entresol 12 44
euboicis 49
excedens 49
edifying 7 14 27 28 29 31 37 39 41 44 45 55 68 76 78 79 81
emulsion 55
ensouled 55
exemplum 49 97
eutresis 65
emulated 65 72
enceinte 55 79
effugies 49
editor’s 12 26 34 49 55 77
earwiggy 94
evewyone 39
entombed 49 59 78 79 84
exelenti 53
ecreates 53
emission 44
eugenius 28
evenness 11 49 78 83
exultant 10 14 20 27 43 48 76
empereur 39
eriphyle 22 80
elzbieta 13
equinoti 53
eugenics 8
ephesian 40 55
edifices 12 39 40 45 49 66 78 81 82 85 92
ensigncy 11
elicited 10 12 28 31 39 41 43 51 54 55 67 68 71 76 78 79 80 84 93 95
echoings 78
evvybody 94
embarked 12 14 15 17 22 26 27 38 40 46 49 53 55 60 65 74 77 79 81 82 90 94
edwenden 20
edwendan 20
embark’d 65
evenerit 49
elevatur 49
elevator 13 18 62 66 67
elevates 12 26 39 40 49 55 71 74 78 79 90 92
elevated 7 10 11 12 13 14 18 19 23 26 27 28 31 35 39 40 41 44 45 49 53 55 60 65 67 68 69 71 72 74 76 78 79 80 81 84 85 88 89 90 92
engadine 26 92
emissary 6 31 39 71 76 79 85
enfolded 27 29 39 41 44 76 78
exulting 4 16 17 20 22 26 31 39 40 54 56 65 67 71 72 74 77 78 90 92 94
elations 67
epitasis 55
elmshade 55
eldorado 30 31 55
encrusts 79
elatreus 22
epitaphs 40 52 77 84 94
evolving 12 26 92
enderbys 40
estrange 12 37 41 78
emperour 45 98
emperors 7 10 12 28 39 40 45 49 73 77 89 98
evermore 9 20 22 26 34 35 40 45 49 61 71 76 77 78 84 88 91 93 94 98 100
emperor. 38
edokamen 45
eligible 10 11 16 17 19 21 23 39 43 44 50 68 71 75 76 77 78 79 85 88 94
eligibly 16
embezzle 49
enlisted 7 12 14 31 72 77 83 85 88
effluvia 10 12 55 73 78
erwiesen 63
eqnshift 63
enfeeble 84
ecstatic 10 12 14 19 26 35 37 39 41 44 49 67 71 74 79 84 90
eutychus 10
endymion 49 79
einfache 63
eustatia 81
exordium 12 14 40 49 71 74 76 78 79 80 90
ewaine’s 9
expergef 49
eliginus 53
examples 7 10 12 13 15 22 27 35 37 39 40 41 45 49 51 53 55 60 62 65 71 73 75 77 78 80 86 88 89 92 94 95 97
exampled 65
elorraga 53
eyeblink 55
erzeroum 82
ellement 91
exercise 1 2 4 5 7 9 10 11 12 13 14 15 16 18 19 21 23 25 26 27 28 31 32 33 34 35 37 39 40 41 42 43 44 45 46 49 50 51 55 57 58 60 62 65 67 68 69 70 71 72 73 74 76 77 78 79 80 81 82 83 84 85 88 89 90 92 94 97 98
exercita 49
effugere 49
eastland 9
engroove 44
executor 4 7 39 40 43 44 52 60 78 79 83 92 93 97
effluent 55
echelons 12 39
examiner 14 39 55 68 73 77 83 88
examines 12 39 46 50 65 75 77 78 92 95
examined 1 4 5 7 10 11 12 13 14 15 16 17 18 19 21 22 23 26 27 28 30 32 34 37 39 40 41 42 43 44 45 46 47 48 49 52 54 55 56 57 58 60 65 66 67 68 69 70 71 72 73 74 76 77 78 79 80 81 83 84 85 88 89 90 93 94 95
emunctae 49
enquirer 34 80 84 90
enquired 11 16 19 34 45 49 74 83 88 90
empirics 49 80
esquimau 43
endeavor 12 18 19 27 28 39 40 51 79 83 84 94
exaction 10
exacting 10 14 18 21 28 39 41 44 46 50 54 57 65 69 71 72 77 78 79 88
eguitoro 53
enabling 7 11 18 39 44 57 65 71 76 77 78 79 83 85 95
executed 3 6 7 10 11 12 14 20 28 37 38 39 40 41 42 44 45 49 51 53 55 65 68 71 72 73 74 76 77 78 79 80 81 82 83 84 85 86 89 90 91 94 97
executes 3 12 13 51 55 77
encamp’d 65
earnest. 71
elleviou 12
exacteth 20 45
exactest 83
eshton’s 10
ezekiels 49
entended 45
echeclus 65
environs 10 11 12 16 19 39 44 49 55 65 74 79 90
eustache 12
esquires 77
entsteht 63
eckhardt 26
enthrall 23 46
enthrals 77
encrease 2 45 83
exclaims 7 12 41 49 50 55 65 78
enkindle 55 84
espouses 12 92 97
earlocks 55
espoused 18 39 49 53 55 65 79 80 88
ethnique 45
eternity 6 8 10 12 14 18 22 23 26 27 28 30 31 35 37 39 40 41 45 46 48 49 55 63 64 66 69 72 74 76 77 78 79 80 81 84 85 88 90 92 93
estionto 65
espousal 18
educator 26 80 92
endeared 4 11 16 27 32 49 55 71 74 77 80 84 88 90 94
enhaloed 48
educates 71 92
effertur 49
enviable 12 15 16 18 40 51 59 66 68 71 78 79 92
educated 4 10 11 12 13 14 16 23 27 28 31 32 35 37 39 40 41 42 43 44 45 46 47 48 49 50 51 55 65 66 67 68 69 70 71 73 74 75 78 79 80 81 82 83 85 88 89 90 92 95
euganean 49
eckhaust 67
ederonno 53
exterior 10 12 16 17 18 19 26 31 37 39 40 44 45 49 53 55 69 72 76 78 79 80 84 85 88 91
equipage 1 11 12 14 28 32 39 49 55 60 66 73 78 79 91
entgehen 63
enslaves 49
enslaver 71
enslaved 7 8 10 15 27 32 39 40 41 49 51 54 65 73 74 77 80 81 84 88 89 90 96
eyeslits 55
edmond’s 79
estonian 63
enbushed 9
epicycle 49
estudios 53
evacuate 12 39 44 49
eatondph 55
eniopeus 65
enthrone 40
eucnemos 12
ensnares 10
ensnared 12 39 41 60 68 71 79 88
espinoza 53
eggshell 39 47
encoring 56
espinosa 53
external 6 7 10 12 15 18 19 23 26 27 28 30 31 35 37 39 40 41 46 48 49 55 63 65 66 68 72 73 74 76 78 79 80 84 85 88 89 90 92 93 94 95 97 98
ethiopia 9 22 51 53 65 77 81
exorcise 45 82 96
exorcism 45 51 55 62
enmeshed 39 77
extasies 44
externus 49
eleonora 84
evelyn’s 44
eripitur 49
eftsoons 55
externen 63
externis 12
espagnia 53
exchange 2 4 7 10 12 13 14 16 18 19 20 21 22 23 27 28 29 32 34 37 38 39 40 41 42 44 45 46 47 48 49 50 51 53 54 55 56 59 60 62 64 65 66 68 69 71 72 74 76 77 78 79 80 81 83 85 86 89 90 92 93 94 96 97
eurynome 22 65
earliest 1 4 10 11 14 16 18 19 20 21 26 27 28 29 31 32 33 38 39 40 41 44 46 49 51 53 55 56 65 69 71 72 73 74 76 77 78 79 80 81 84 85 88 89 90 96 98
emergent 45
epidotas 12
euryades 22
entrance 1 3 4 5 6 7 10 11 12 13 14 16 17 18 19 20 21 22 23 26 27 28 29 32 33 34 35 36 37 38 39 40 41 42 43 44 45 46 48 49 51 53 54 55 56 59 60 65 66 67 68 69 71 72 73 74 76 77 78 79 80 81 83 84 85 88 90 92 94 97 98
entrando 53
escapade 6 21 39 41 46 51 69 71
efficere 49
enamored 18 84
easterly 1 6 21 32 40 50 76 78 81 93 94
embattle 12
engineer 12 14 21 28 31 49 55 57 70 77
earphone 86
entailed 10 11 12 21 39 40 43 46 55 77 81 89 92
excipiat 55
egertons 44
emporium 53 57 68 78
efficiet 49
eteoneus 22
evasions 12 16 41 44 49 67 78 83 94
empoison 9
ecgtheow 20
escapeth 20 26
excipere 49
enlivens 12
ephemera 83
enmities 7 49 65 83 88
erethism 48
entweder 55 63
enounced 10 74 90
expiates 12
eratosth 80
encroach 10 16 41 49
erzeugen 63
expiated 12 41 55
entarono 53
engine’s 13 28
equipped 6 10 12 16 17 20 22 27 31 38 39 40 43 46 47 49 51 53 54 55 66 68 73 76 77 78 80
exoteron 45
esthetes 55
esthetic 41 55
exoteric 28 92
exossato 49
eruiuano 53
extremes 10 12 15 26 27 28 37 39 40 41 49 51 55 60 65 71 72 74 76 77 78 79 80 84 90 93
extremis 49
extremos 28
endlesse 45
extremum 49
echeneus 22
electrum 65
edmund’s 48 71
electron 63
enflamed 49 64
electric 5 10 12 13 21 27 30 39 40 42 43 44 46 47 48 50 55 56 57 59 66 67 69 72 75 79 83 84 85 86 89 95 96
eagerest 29
electors 15 40 55 56 78 97
euclid’s 41
escousse 12
excepted 7 10 12 13 14 16 20 22 26 28 31 45 46 49 55 60 65 66 71 76 78 83 84 88 89 97
echoless 76
erreicht 63
ellinora 66
enarrant 55
effectum 97
everyday 13 16 17 21 26 31 36 37 39 41 42 44 49 51 55 56 63 66 71 72 74 77 83 84 86 92 95
effected 7 10 12 13 15 19 21 29 32 35 39 40 44 46 47 49 50 55 68 71 72 74 76 77 78 79 80 81 83 84 85 88 89 90 92 95 96
elective 45 49 89 97
election 7 10 13 14 15 19 28 32 39 40 42 43 45 49 51 53 56 66 68 78 81 83 85 89 94 97
electing 73 78 97
embruted 10
edmonton 68
enclosed 5 9 10 12 13 14 16 22 27 29 31 32 36 39 40 41 42 44 46 48 49 53 55 57 60 64 65 66 68 69 71 72 73 77 78 79 80 81 85 97
encloses 6 49 53 64 76
eusebius 12
engender 10 14 45 49 77 80 92 98
entereth 4 28 84
encamped 11 12 13 27 31 39 40 41 46 49 65 71 76 77 79 80 81 94
emerging 10 12 17 27 29 39 40 42 48 51 56 65 68 71 72 76 78 79 84 85 88
engendre 92
exactly. 31 71
electeth 45
elbowing 12 34 39 48 55 68 85
eruitori 53
eruitorj 53
eastward 1 6 10 13 14 21 23 27 28 39 40 46 47 48 53 54 55 60 64 66 67 73 76 77 84 99
efficacy 11 12 16 19 23 39 44 45 49 54 55 68 76 77 79 85 89
etcetera 41 55
eardrops 55 56
exergues 84
erledigt 63
etherege 21
ethereal 12 27 28 40 41 49 51 55 56 65 66 77 78 84 85 94
ejecting 55 65
everyman 55
ejection 44 45 55 73
exuberat 49
endureth 9 20 45 81 84 88 99
envelope 5 11 12 13 18 21 23 34 39 40 41 42 43 44 46 50 54 55 57 66 85 87 90
envelops 12 64
enemies. 38 72 79 80
euanthes 22
ereignis 63
evangile 45
erasures 12
expertly 27
eruditos 49
erhalten 63
everyhow 93
etherial 40 55
enduring 7 10 11 12 14 16 20 23 25 26 28 39 40 41 46 49 54 65 68 72 74 76 77 78 79 80 84 85 88 90 92 94
editions 1 2 3 4 5 6 7 8 9 10 11 12 13 14 15 16 17 18 19 20 21 22 23 24 25 26 27 28 29 30 31 32 33 34 35 36 37 38 39 40 41 42 43 44 45 46 47 48 49 50 51 52 53 54 55 56 57 58 59 60 61 63 64 65 66 67 68 69 70 71 72 73 74 75 76 77 78 79 80 81 82 83 84 85 86 87 88 89 90 91 92 93 94 95 96 97 98 99 100
elegancy 49
euboeans 65
elegance 1 10 11 12 14 16 17 19 28 31 39 41 42 43 49 52 55 65 66 68 72 76 77 78 79 83 85 92 94
egotists 23 39 49
erigitur 49
employee 1 2 3 4 5 6 7 8 9 10 11 12 13 14 15 16 17 18 19 20 21 22 23 24 25 26 27 28 29 30 31 32 33 34 35 36 37 38 39 40 41 42 43 44 45 46 47 48 49 50 51 52 53 54 55 56 57 58 59 60 61 62 63 64 65 66 67 68 69 70 71 72 73 74 75 76 77 78 79 80 81 82 83 84 85 86 87 88 89 90 91 92 93 94 95 96 97 98 99 100
employed 1 4 5 7 10 11 12 13 15 16 18 19 21 22 27 28 31 32 33 34 36 37 38 39 40 41 42 43 44 45 46 48 49 51 53 55 60 63 65 66 67 68 69 71 72 73 74 76 77 78 79 80 81 82 83 84 85 86 88 89 90 92 93 94 95 97 99
employer 4 6 10 13 14 21 27 28 29 32 34 42 46 51 57 59 67 68 71 72 78 79
employes 65
enprised 9
enchieve 9
enlinked 26
existeth 88
existest 12
effalunt 94
enriched 10 12 15 22 27 28 35 39 40 45 46 49 73 77 79 82
esconced 22
enricher 88
enriches 22 94
existenz 63
existent 10 41 46 55 63 65 71 78 80 84 95
elisabad 77
excludes 12 15 39 40 45 49 63 97
excluded 4 9 10 12 14 15 16 21 27 28 37 39 40 41 42 45 49 55 63 68 72 73 74 76 78 79 80 83 84 85 88 89 90 94 95 97
excludat 49
eardrums 13
elinor’s 19
everyway 20 40 49
embalmed 12 13 23 40 44 49 53 55 88 100
erfinden 63
everyone 1 5 6 11 12 21 22 27 29 33 35 36 37 38 39 41 42 43 44 46 47 48 49 50 55 56 59 61 62 63 67 71 72 74 77 79 83 94 99
expireth 45
eatables 6 27 34 55 56 68 71 77 81 94
existing 4 11 12 13 14 18 21 22 26 27 28 35 37 39 40 41 44 46 47 51 55 65 68 71 74 78 79 80 81 83 84 88 89 90 91 92 95 96
edgcumbe 7
ejusmodi 97
edwardes 38
epicaste 22
expiring 1 12 15 21 32 39 40 45 48 49 55 60 65 68 69 71 72 79 85
enframed 18
emboss’d 65
embrence 81
eckerman 40
engaging 1 11 14 16 17 18 19 21 27 29 37 39 40 44 45 49 50 55 60 65 67 68 71 72 74 76 77 78 80 82 83 84 85 86 90 94
enrich’d 65
enjoying 5 10 11 12 14 15 16 17 19 20 22 26 27 28 29 32 33 35 36 39 40 41 42 44 45 46 48 49 50 52 55 56 58 60 61 66 67 69 70 71 72 73 74 76 77 78 79 80 81 84 88 90 94 97 100
embitter 19 79 94
edward’s 9 10 19 42 55 71 79
erkennen 63
eperitus 22
epaulets 12 39 40 79
eynsford 50
exigence 11 12 19
episodes 21 37 39 43 44 65 69 77 79
exigency 10 12 46 71 88
effacing 12 39 46 49 77 79
erweisen 63
exigenti 49
erigible 55
engulfer 55
engulfed 12 29 39 44 49 55 84
egnatius 49
endorses 20 92
endorsed 20 26 27 39 46 54 71
emphpart 63
epigrams 23 39 41 45 49 65 77
einzigen 63
epigraph 79
existunt 49
enjoyeth 26 45
enjoyest 20
enjoyers 26
evening. 71
evenings 1 4 6 7 8 10 11 12 13 14 16 17 18 19 21 22 23 26 27 28 32 37 39 41 42 46 50 52 55 56 57 59 69 71 72 78 79 81 83 90 93 94
extreams 83
escaping 4 10 11 12 13 16 17 18 20 21 22 27 32 35 37 39 40 41 45 46 48 49 50 52 53 55 60 65 68 70 72 76 77 78 79 80 81 82 84 85 93
epidemic 1 12 40 43 49 57 75 80 96
extorted 4 10 11 14 19 32 39 45 60 68 71 72 73 78 79 82 97
ewigkeit 63
ethiques 45
egnialle 53
eademque 98
entrails 9 10 12 13 22 26 37 40 44 48 49 53 55 65 72 79 80 88 98
employ’d 65
enhances 40 49 55 71
enhanced 1 7 12 14 16 28 29 39 44 45 49 55 63 65 68 71 74 78 90
engaged. 71
enjoined 10 12 17 20 26 39 40 45 49 55 67 73 74 77 78 79 85 88 90
ernest’s 75
equestri 49
estremiz 53
esoteric 26 28 55 65 85 92
euryclea 22
evitable 28 49
ethelred 84
enuntiem 49
egniareb 53
extolled 26 39 49 55 71 77 80 88 96
expedite 11 39 74 78 80 81 86 90
ensample 9 88
expedire 49
eulogium 12 49 71 79 85
embossed 20 39 49 55
expanded 7 10 12 14 27 28 39 40 44 48 49 51 52 56 65 67 69 72 74 79 81 84 86 87 89 90 98
ensuring 1 2 3 4 5 6 7 8 9 10 11 12 13 14 15 16 17 18 19 20 21 22 23 24 25 26 27 28 29 30 31 32 33 34 35 36 37 38 39 40 41 42 43 44 45 46 47 48 49 50 51 52 53 54 55 56 57 58 59 60 61 63 64 65 66 67 68 69 70 71 72 73 74 75 76 77 78 79 80 81 82 83 84 85 86 87 88 89 90 91 92 93 94 95 96 97 98 99 100
eulogies 4 26 28 55 77 79
encomium 15 49 89
endanger 14 16 20 31 39 45 49 60 71 73 76 80 96 97
euphetes 12 65
espalier 12 16 73
eyefocus 55
entrusts 39
embedded 12 44 48 55 56
enchased 49 65
equation 39 41 42 55 63 79
enjoin’d 65
eleusiac 12
extentat 49
erythrae 65
earflaps 55
emmerson 91
estility 77
euphemus 65
encoding 1 2 3 4 5 6 7 8 9 10 11 12 13 14 15 16 17 18 19 20 21 22 23 24 25 26 27 28 29 30 31 32 33 34 35 36 37 38 39 40 41 42 43 44 45 46 47 48 49 50 51 52 53 54 55 56 57 58 59 60 61 63 64 65 66 67 68 69 70 71 72 73 74 75 76 77 78
ensemble 12 55 84
epicuyus 49
enchains 49
equality 8 9 10 12 13 14 15 16 19 20 21 26 27 37 39 40 41 44 45 46 49 51 55 63 65 71 72 73 75 76 77 78 79 80 81 84 89 91 92 96 97
eglinton 55
equalize 80
enculage 44
enchance 65
enculant 44
enchants 49 77 92
extincto 49
enclined 45
enclines 45
embushed 9
equalled 6 11 12 14 16 19 21 23 28 32 40 44 45 49 65 69 71 72 73 74 77 78 79 80 84 88 90
eurytion 22
earnshaw 72
enervate 10
ecliptic 55 80
ermitage 12
encourag 83
eclipses 12 21 39 55 73 83 88 98
eclipsed 11 12 21 39 48 49 56 77 78 79 81 82 84 88 94
ezpeleta 53
expanses 20 40
ellipses 12 55 63 73
eleventh 3 7 9 10 12 13 27 29 37 38 39 40 45 46 48 49 55 60 65 79 81 84 99
empyreum 45
ellipsis 12 65 79
empyrean 12
empyreal 65 98
especial 4 9 10 13 14 16 22 23 27 29 30 37 44 45 46 49 51 55 56 60 65 71 74 76 78 79 84 85 90 93 94
endnotes 82 84
easiness 11 46 49 83 97
equall’d 65
enchafed 9
espeleta 53
endicott 85
excerpta 49
entering 1 7 9 10 11 12 13 14 15 16 18 19 21 22 27 28 32 34 35 37 38 39 40 41 44 46 48 49 50 53 54 55 59 60 61 63 65 66 67 68 69 71 72 73 74 76 77 78 79 80 83 84 85 88 89 90 93 94 97 100
edgeways 13 22 50 70
edgeware 21
embolden 22 44 86 92
elphenor 65
evidence 1 3 4 6 7 9 10 12 13 14 15 16 17 19 21 23 26 27 28 29 32 34 37 39 40 41 42 43 44 45 46 47 48 49 50 51 53 54 55 57 60 63 65 66 68 69 70 71 72 73 74 75 76 77 78 79 80 81 83 84 85 87 88 89 90 92 93 95 97
emittere 49
economic 12 13 28 37 39 40 47 50 51 53 55 80 84 92 96
exported 13 40 53 55
egremont 83
emerause 9
emersion 55
egyptian 12 13 22 23 28 34 37 39 40 41 45 49 51 55 65 71 77 79 80 81 84 88 91 92 96 97
equitano 53
eightday 55
enforced 2 7 9 10 11 12 13 15 19 27 40 44 45 49 51 71 73 76 77 78 79 80 88 89
evincing 10 14 28 32 40 55 68 72 76 78 79 84 88
evensong 9 48 55 75
expell’d 65
eighteen 8 9 10 12 13 14 16 17 18 19 21 23 27 28 30 33 34 37 39 40 41 44 47 49 50 51 52 53 55 56 60 67 68 69 71 72 73 75 76 77 78 79 81 83 84 89 92 93 94
epicures 40 79
enlarges 12 40 49 92 95
emeralds 5 23 49 55 61 77 79 82 100
enlarged 6 7 9 10 12 14 15 16 21 22 27 31 35 37 39 40 44 48 49 51 55 57 60 65 66 67 73 76 78 79 80 81 85 88 89 95
epicurus 12 49 73 88 92
effendis 82
expeckit 46
earrings 6 10 13 21 22 31 33 39 53 55 65 71 76 78 94
emathian 65
edgewise 33 40 56 71
earlship 20
emotions 4 10 11 12 13 14 16 18 20 21 23 26 27 31 32 39 40 41 42 43 46 47 48 49 55 56 57 65 67 68 69 71 73 74 76 77 78 79 80 81 85 88 90 92 93 94
exploded 12 31 39 40 42 48 55 67 71 72 73 74 75 89 90 96 100
explodes 48 55 78 86
enormous 1 3 4 5 7 10 12 13 14 16 17 20 21 22 23 26 27 28 30 31 32 33 34 38 39 40 41 43 44 46 47 48 49 50 51 52 55 56 59 61 65 67 68 71 72 73 77 78 79 80 82 83 84 85 92 93 96 100
emigrant 13 14 19 21 39 40 71 76 85
emigrate 37 39 71 84
epilogue 9 37 39 40 41 45 47 48 55 80 83 92
emptying 10 12 14 36 38 39 40 41 49 55 56 59 66 68 76 77 79 81 94
exploits 10 12 20 22 27 39 41 45 49 55 65 69 73 77 79 80 94 96 98
extemplo 49
eglonitz 21
eblanite 55
eversion 45
exposing 4 11 12 15 17 28 34 39 40 41 44 49 51 55 69 72 73 74 77 79 89 90
engraven 28 40 78 84
engraver 12 79
engraved 3 12 15 21 34 37 38 39 40 43 49 55 66 68 69 71 78 79 83 85 94
erective 44
earthern 81
enacting 44 49 71 73 79 80 97
enormity 4 11 12 28 56 74 77 78 80 84 89 90 92
encyclop 10 12 21 53 84
expected 1 2 3 4 5 6 7 10 11 12 13 14 16 18 19 20 21 22 23 26 27 28 29 30 31 32 34 35 36 37 38 39 40 41 42 43 44 45 46 47 48 49 50 51 53 55 56 57 58 59 60 61 65 66 67 68 69 70 71 72 73 74 75 76 77 78 79 80 81 82 83 84 85 86 87 88 89 90 92 93 94 97 100
expecter 28
expectat 12
elseways 71
erecting 12 40 45 49 66 72 73 77 83 84 97
erection 10 12 16 39 40 41 44 45 55 71 73 83
eventful 4 10 14 17 28 61 71 74 77 78 84 85 90 94
expelled 10 12 15 28 29 39 46 49 53 65 77 79 80 82 85 89 92
exsultat 49
elijah’s 12 40 55
emptorem 49
encumber 10 12 14 44 49 78 79 83
entirely 1 2 3 4 5 6 7 9 10 11 12 13 14 15 16 17 19 20 21 22 23 26 27 28 29 32 34 35 36 37 38 39 40 41 43 44 45 46 47 48 49 50 51 53 54 55 56 58 59 60 61 63 65 67 68 69 70 71 72 73 74 75 76 77 78 79 80 81 82 83 84 85 86 88 89 90 91 92 93 94 95 96
entirety 12 39
expresly 45 97
earnings 4 10 12 13 14 20 27 32 37 38 78 83 89 94
expresse 45
expressa 12
express. 37 71
explored 1 5 6 10 12 14 16 27 33 40 44 46 47 48 53 55 56 65 66 69 78 79 81 84 86 95
explorer 34 68 77 84
explores 65
epilepsy 33 37 41 49 55 79 84 92
emanates 12 89
emanated 12 39 55 65 68 79
edhwyrft 20
earthmen 20
essences 10 12 40 45 55 80
ennobled 7 37 49 65 73 80
ennobles 79
euryalus 12 22 65 77
eclogues 42 77
eumolpus 80
exposure 4 10 11 12 14 21 27 29 31 32 34 37 39 40 41 43 44 46 48 51 55 66 68 71 78 79 80 85 92
extoll’d 65
exuperat 49
eeltraps 55
entirono 53
enrolled 7 10 13 18 39 40 49 51 55 60 78 79 80
eventide 10 12 26 28 38 51 64 76 85 92
enacteth 88
effusive 18 21 41 55 69
emitting 12 39 48 55 79 95
ephyrian 65
evildoer 39 41 77
exprexed 91
extended 5 7 10 11 12 14 15 16 17 18 19 20 21 26 27 28 31 37 39 40 42 43 44 45 48 49 51 53 55 56 63 65 66 67 68 69 71 72 73 74 76 77 78 79 80 81 83 84 85 88 90 92 94 96 97
excesses 7 10 12 16 36 44 45 49 53 54 71 75 77 79 84 89 91
effusion 10 11 12 16 19 34 45 49 55 56 65 69 85 94
