euphorion 12
earlsfort 42 55
exoticism 92
encompass 12 20 21 39 71 76 88 93
embellish 7 20 21 42 55 77 78 84
economy’s 10
elexander 70
ekklesian 45
eurynomus 22
euclidean 40 95
efficiunt 49
eaglelike 26
efficitur 97
etiolated 10 47
etiolates 12
edinburgh 48 54 56 63 74 83 90 95
economize 12 27 69 79 94
economist 41
economise 36 47
eglantine 55 84
explosive 27 37 47 69 71 76 92
explosion 6 10 12 13 18 34 37 39 40 41 47 48 53 55 68 69 71 72 75 78 79 81 94
echinades 65
evenlight 20
eponymous 55
echephron 22
enriching 7 12 14 18 45 76 77 78 83 84
excavated 12 26 79 84 94
entrarono 53
encounter 4 7 9 10 11 12 13 14 15 16 18 20 27 29 31 39 40 42 44 45 46 47 48 49 52 53 55 60 65 66 67 68 71 72 74 77 78 79 81 84 85 89 90 92
enamoured 9 19 22 23 26 49 60 71 77 79 80 88
esculents 28
expensive 2 10 12 13 14 19 21 23 27 28 29 34 36 37 39 40 41 49 51 55 56 57 62 67 68 69 71 72 73 75 78 79 80 83 89 94 96
envenomed 9 88
easygoing 39 57 67
exposures 32 77
executeth 45
evaemon’s 65
examining 1 3 5 6 7 10 11 12 13 14 16 17 18 19 21 23 26 27 28 30 31 33 34 37 39 40 41 42 43 44 45 46 47 48 49 51 55 60 65 67 71 72 74 75 76 77 78 79 80 81 82 83 84 85 88 89 90 94 95 97
effulgent 40
examiners 77 89
express’d 65
entangled 3 12 14 16 21 27 28 31 32 35 38 39 40 42 43 45 49 63 65 67 68 71 72 77 78 81 84 85 88 92 95
entangles 12
entrails. 31
embracing 4 9 10 11 14 22 26 27 28 30 31 37 39 40 41 44 46 49 53 55 60 63 65 68 69 71 72 75 76 77 78 79 80 81 82 94 95
euripides 12 49 65 80
eintreten 63
explicare 49
estranged 4 10 19 39 51 54 55 56 71 76 78 80 85 88 89
explicabo 49
egurorono 53
estimates 26 28 39 83 86 92
estimated 4 11 12 13 16 26 28 31 40 49 51 53 65 68 71 79 80 83 84 92 95
embroiled 12 73
egotistic 39
embanking 48
exhibitor 14 55
enamour’d 65
exhibited 1 5 12 13 14 18 20 21 23 27 28 31 37 39 40 44 45 47 48 49 53 55 65 66 68 69 71 72 74 78 79 80 81 83 84 85 88 89 90 96
expressam 49
ecclipses 45
economies 13 18 51 80
economics 49 50 55 62 67
edifices. 71
enviously 23 26 27 39 42
euclidian 41
expunging 65
euphorbus 49 65
exchanges 12 18 71 75 78
exchanged 1 4 6 10 11 12 13 14 16 18 19 21 27 28 29 30 31 34 35 36 37 38 39 40 41 42 44 49 51 53 54 55 56 57 66 67 68 69 71 72 74 76 77 78 79 80 81 84 88 90 94 96
engulphed 40 44
exchange. 1 71
endlessly 13 40 41 46 47 67 78 84 88
erythinus 65
equalling 10 79 80 82
edificati 53
edificato 53
edificate 53
enjealous 46
examenque 49
eightyone 55
embryonic 12 55
embriacar 53
effusions 11 16 19 37 55 70 74 78 90 91
ennobleth 26
excluding 10 28 40 44 45 49 55 80 95
evermore. 71
eradicate 10 37 39 41 45 49 80 83
eumaeus’s 22
epicharis 49
evolution 12 13 26 40 46 47 48 51 55 66 68 78 80 83 84 92
entailing 11 39 71 86
excutitur 49
englander 27 28 40 51
epidemics 12 55
esquimaux 12 14 28 40
exconvict 12
expressit 49
expressly 4 10 11 12 14 15 16 19 20 21 22 27 37 39 40 41 43 44 49 55 56 63 65 71 73 75 76 78 79 80 83 85 89 92 94 97
expresses 10 12 14 15 20 23 28 35 37 39 40 41 49 50 51 53 55 63 65 71 78 79 80 81 84 92 97
expressed 1 4 5 6 10 11 12 13 14 16 17 18 19 20 21 23 26 27 28 29 30 31 32 34 35 37 39 40 41 42 43 44 45 46 48 49 51 52 53 54 55 56 57 60 63 65 66 68 69 71 72 73 74 75 76 77 78 79 80 81 82 83 84 85 88 89 90 91 92 93 94 95 99
equipoise 42
escargots 55
enteuthen 65
emergence 11 14 19 39 47 49 55 76 92
emergency 12 13 14 18 19 20 27 35 37 41 43 46 48 50 53 55 65 67 68 69 71 74 76 77 78 81 82 84 90
eurydamas 22
equinoxes 55 77 88
elisaveta 39
exod.14.9 45
eliminate 37 43 50 80
esquivias 77
evidently 1 3 4 5 6 10 11 12 13 14 16 18 19 21 22 26 27 28 29 31 32 34 36 37 39 41 42 43 44 45 46 47 48 49 50 51 52 53 55 56 57 60 61 65 67 68 69 71 72 73 74 75 76 77 78 79 80 81 82 83 84 85 88 89 90 92 94 97 98 100
eurybates 22 65
expatiate 19 40 49 65 68 77 85
endangers 49 88
ephemeral 12 37 74 90
embroider 12 18 27 36 55 77 85 94
england’s 6 28 39 40 55 68 76 85
excludeth 45
ephemeron 84
ennobling 49 55 65 71 80 92
embracest 49
epaulette 12
edmundson 27
errunning 20
ensamples 9
expellere 92
eberhardt 67
elongated 10 12 14 39 40 44 55 78
erschiene 63
essenians 49
edenizing 12
echepolus 65
embarrass 10 12 27 32 46 71 77 78 83 84
expansive 10 31 40 41 44 72 78 79 85 88
enthralls 23
expansion 7 12 13 14 18 28 40 49 51 52 55 56 64 65 68 71 77 78 80 84 89
ebriosity 28
excisions 7
efficient 7 10 13 14 26 27 32 40 41 44 45 47 51 55 68 72 79 80 86 89
encamping 66
expelling 12 80 81
easychair 55
ev’rithin 66
expiating 10 28 37 79 85
escoublon 12
expiation 12 16 37 39 49 71 76 79 85
epicentre 55
enclineth 45
exoriente 49
earwigged 68
emerencia 77
expiatory 28 29
ethischem 63
ethischen 63
ethischer 63
estimable 10 11 12 14 16 19 26 27 37 39 41 44 49 77 78 79 82 92 94
euryanthe 12
expounded 13 14 22 26 31 39 41 45 55 71 76 88 99
expounder 79
enigmatic 12 37 41 49 55 63 74 90
embitters 41 92
enchanter 14 26 27 45 71 76 77 78 79 80
embedding 12
enchanted 1 10 12 16 22 26 27 31 35 37 38 39 40 41 44 45 49 52 56 57 60 61 64 67 69 71 74 76 77 78 79 80 84 90 92 94
empowered 14 46 53 77 78 79 81 83 92 97
eightieth 28 40 76
evidenced 30 44 51 55
evidences 7 9 10 12 28 44 46 47 49 55 65 68 69 71 73 78 79 85 89
enjoyning 45
excitedly 5 13 17 21 30 39 40 41 42 44 48 50 55 58 59 67 78 94
existiert 63
estrechos 53
expertest 73
einfaches 63
einfacher 63
einfachen 63
embezzled 49 51
egestatis 49
excrement 28 39 41 49 55 73
enquiring 11 15 16 19 22 48 80 88 90
enquiries 1 11 19 34 44 48 59 80 88 90
eruptions 12 55 78
etymology 10 12 40 46 49 53 65 71 73
everyways 78
expertise 35
exclaimed 1 3 4 5 6 10 11 12 13 14 16 17 18 19 21 22 23 26 27 28 29 31 34 35 37 38 39 40 41 42 44 47 48 49 54 55 56 57 58 61 66 67 68 69 71 72 74 76 77 78 79 81 84 85 90 93 94 100
euchology 12
embattled 9 12 40 54 55 65 69 70
elegantly 13 16 27 39 41 42 50 55 56 76 77 79 83 94
enshrined 40 49 51 65 71 77 85
embrenche 81
everywhar 27
equipping 13 55 72
equivocal 10 11 12 15 26 27 43 55 83 84
enkindled 55 74 84 90
entrauano 53
everywise 20
egregious 26 45 55 79 84
eiderdown 18
embalming 12 40 49 55 72
essence’s 39
eyebrowed 66
eulogiums 10
exclaim’d 65
echolalia 67
eulogised 55
exquisite 1 10 11 12 14 16 17 18 19 21 22 23 27 29 30 31 37 39 41 42 43 44 46 47 49 50 51 55 56 57 65 68 71 72 74 76 77 78 79 80 81 82 83 84 85 90 92 94
evergreen 5 6 10 26 28 39 44 55 79 94
eulogists 80
exceedeth 45 88
elationis 49
escaladed 42
encomiums 20 55 68 71 73 74 78 80 90
emulating 39 49 80
extracted 1 10 12 13 14 29 30 34 39 40 43 48 49 55 73 76 77 79 81 88
extenuate 39 45 49 71 73 79
emulative 76
emulation 2 10 12 39 40 45 49 51 55 65 71 74 77 78 90
eddystone 40
ericordia 53
engravers 54 55
eggshells 37 38 55
einzelnen 63
expendere 49
ellison’s 84
ecclesiae 45 84
extention 15
ecclesiam 55
esteemeth 40 45
elegances 12 49
eulogizes 79
eulogized 65
erectness 10 55
evacuated 10 12 39 49
emperor’s 7 9 12 39 40 49 53 55 60 73 77 79
essling’s 12
eurydamus 65
expending 12 14 40 68 79 89 91 93
endlichen 63
espousals 49 80
easinesse 45
eurypylus 22 65 80
eiresione 65
exorcised 10 45
employing 11 12 13 14 16 21 28 34 39 41 44 49 50 63 65 66 68 72 73 76 77 78 79 80 83 84 94 97
entreated 1 4 7 9 10 11 14 16 17 18 19 21 27 30 31 38 39 40 41 44 49 53 55 56 64 66 68 71 72 73 74 76 77 78 79 80 81 83 88 90 99
exorcisme 45
exorcisms 45
entreatin 76
estrapade 12
ergotisms 49
espionage 16 50 72 79
enemyship 15
extempore 49 55 83
ethiopean 81
engenders 12 45 92
excursive 19 88
eumenides 12 45
encrusted 46 55 68 73 78 79 82 84
excursion 1 4 10 12 13 19 21 28 40 42 43 44 55 60 65 71 72 74 76 77 78 79 90
erschafft 63
egyptians 7 22 39 40 45 49 53 55 80
emperours 45
epilepsie 45
employest 49 88
employers 4 13 21 31 41 46 51 57 59 71 72 76 79 89
engineers 21 28 45 49 73 82 86 94
epicycles 49
exuberant 11 14 26 27 31 35 47 55 65 88 92
employer. 71
exporting 1 2 3 4 5 6 7 8 9 10 11 12 13 14 15 16 17 18 19 20 21 22 23 24 25 26 27 28 29 30 31 32 33 34 35 36 37 38 39 40 41 42 43 44 45 46 47 48 49 50 51 52 53 54 55 56 57 58 59 60 61 63 64 65 66 67 68 69 70 71 72 73 74 75 76 77 78 79 80 81 82 83 84 85 86 87 88 89 90 91 92 93 94 95 96 97 98 99 100
epileptic 12 13 34 37 39 41 42 55
exporters 80
euphemism 26 80
employed. 71
enquirers 80 88 90
exploding 14 39 40 67 92 94
employees 1 2 3 4 5 6 7 8 9 10 11 12 13 14 15 16 17 18 19 20 21 22 23 24 25 26 27 28 29 30 31 32 33 34 35 36 37 38 39 40 41 42 43 44 45 46 47 48 49 50 51 52 53 54 55 56 57 58 59 60 61 63 64 65 66 67 68 69 70 71 72 73 74 75 76 77 78 79 80 81 82 83 84 85 86 87 88 89 90 91 92 93 94 95 96 97 98 99 100
ethiopian 40 49 65 81
engirdled 84
espousing 10 12 49 65 79 92 94 97
enlivened 12 16 18 39 40 42 46 65 71 73 77 78 85 94
effacious 94
enthalten 63
esteeming 16 19 26 28 37 39 41 49 66 80 88
expectare 28
expectant 10 14 16 30 31 39 40 41 44 48 55 69 77 78 79 85 93 94
emathia’s 65
emigrated 12 13 21 23 27 53 83
enrolling 12
embosomed 44 52 74 90
executrix 27 71
enticings 40
elbowroom 49
expectest 49
expecteth 20 45 88
expected. 71
enteritis 79
elizabeth 9 10 11 13 16 23 26 27 28 39 40 43 45 50 55 74 78 82 85 89 90 94 98
escapades 44
executors 11 27 40 46 77 78 83 85 92
executory 12
eroticism 47 48 55
ectoplasm 67
exactable 55
engrosses 16 49 93
engrosser 78
engrossed 11 12 14 15 16 17 19 26 34 39 40 46 49 59 60 67 71 73 74 77 78 79 85 90
epistolis 98
expecting 3 4 6 7 10 11 12 13 14 16 17 19 20 21 22 27 28 29 30 31 32 33 34 35 36 37 39 41 43 44 45 46 47 48 49 51 53 55 56 57 59 60 65 68 69 70 71 72 73 77 78 79 80 81 83 85 87 93 94 95
estrenque 53
entwerfen 63
expulsion 1 7 28 29 39 77 79 80 82 92 94
encourage 3 4 6 7 9 10 11 12 13 14 16 17 19 20 21 22 23 26 27 28 29 30 32 37 39 41 44 45 46 49 50 51 55 56 65 68 69 71 72 74 75 77 78 79 80 81 82 83 86 90 92 94 99
escotillo 77
embowered 5 10 56
elocution 14 23 39 45 49 50 65 67
edgeworth 94
exsistere 49
executing 12 16 18 37 39 45 49 55 68 69 71 73 74 77 79 80 82 83 86 89 90 97
emigrants 12 13 15 40 55 71 76 85 96
engendred 45
enwritten 84
executive 6 7 8 9 22 24 27 29 30 33 34 41 48 49 51 52 53 56 57 58 63 64 66 70 71 77 78 81 82 83 84 85 86 87 88 89 90 91 92 94 95 96 97 98 99
execution 1 3 6 7 9 10 11 12 14 15 16 17 19 21 27 28 37 39 41 45 49 51 53 55 60 65 66 68 71 72 73 74 76 77 78 79 80 81 82 83 84 85 89 90 94 97 98
engraving 12 27 40 57 78 79 83
evildoing 77
ensconced 1 4 10 12 18 23 40 51 69 77
egerton’s 44
extensive 1 4 10 11 12 14 15 16 19 20 22 26 27 28 31 32 39 40 42 43 44 45 47 48 55 56 65 66 68 71 74 76 77 78 79 80 81 82 83 84 86 87 90 92 93 95 96
extension 12 14 27 29 40 41 45 47 49 50 53 55 65 75 79 80 81 84 88 89 95 96
erembians 22
equivoque 12
erysiplas 70
excesses. 71
electuary 55
exceeding 2 10 11 14 16 17 19 21 27 32 34 39 40 44 45 46 49 51 53 54 55 56 60 64 65 68 71 72 73 76 77 78 79 80 81 83 84 86 88 91 97 98 99
elevating 11 12 23 26 27 28 39 40 41 49 55 68 74 79 80 89 90
elevation 7 10 11 12 14 16 18 26 27 28 29 31 34 35 39 40 41 44 48 53 55 65 68 71 72 74 76 77 78 79 80 81 83 84 88 89 90 92
erroribus 49
emboldens 12 81
eurymedon 22 65
eschalots 79
effracted 55
extreamly 83
eustace’s 55
exterrita 49
etrurians 49
exteriors 16 79
enlisting 7 22 27 40 51 66 78 80
exhausted 1 4 6 7 10 11 12 13 14 16 17 18 19 20 22 23 26 27 28 30 34 35 37 39 40 41 44 46 47 48 49 54 55 56 57 59 60 61 65 66 68 69 71 72 73 74 76 77 78 79 80 81 82 83 84 85 86 88 89 90 92 93 94
entnehmen 63
eutropius 49
essential 7 10 11 12 16 18 19 20 21 23 26 27 28 30 31 32 35 37 38 39 40 41 43 45 48 49 51 53 56 63 65 66 68 71 73 76 77 78 79 80 83 84 85 86 89 92 95 96
emaciated 10 12 27 32 34 37 39 46 55 74 76 78 79 80 84 85 90 92 94
erudition 12 14 40 41 44 49 52 73 77 84 85
estuaries 55
emotional 1 14 23 26 37 39 41 42 43 46 48 51 54 75 76 80 94 100
eternally 12 26 35 39 40 45 49 55 63 66 71 72 74 76 78 79 81 84 88 90 91 92 95 98
exactions 12 27 39 42 44 51 65 71 80 84
expanding 10 12 40 44 57 65 71 72 74 78 85 90 96
embarking 22 40 65 77 79
earthsman 40
excessive 4 7 10 11 12 14 16 18 19 21 26 28 30 31 34 37 39 40 41 44 45 46 47 48 49 50 55 59 60 62 65 68 69 71 72 73 74 77 78 79 80 81 84 88 90 92
exanimate 57
estrivent 49
existence 1 3 4 5 7 10 11 12 13 14 15 16 17 18 19 20 21 22 23 26 27 28 30 31 32 34 35 37 39 40 41 42 43 44 45 46 47 48 49 50 51 53 54 55 56 63 65 66 67 68 69 71 72 73 74 75 76 77 78 79 80 81 82 83 84 85 88 89 90 92 95 96
existency 49
enchained 12 26 44 71 84 92
erstwhile 20 51 55
elucidate 12 13 26 39 40 43 49 55 77
enjoining 12 39 40 49 51 60
emphasize 12 39 41 51 56 69 94
emphasise 22 37 63
effluvium 55
enwrapped 12 21 84
embrown’d 65
entirely. 21 79
erfahrung 63
eminences 79 84 89
eminence. 71
emerson’s 66 85
episcopus 45
earthborn 80
episcopal 2 4 12 51 55 76 83 88
erectheus 65
epiousios 45
ecliptics 40 77
entranced 5 10 17 22 40 44 55 57 65 71 74 84 90
entrances 1 12 17 22 34 37 39 40 44 46 53 71 77 79 86
emanation 12 41 65 84
emanating 39 44 55 84
exegetist 40
edelweiss 55
enderbies 40
equipages 10 39 71 76 78 79 83 94
entermete 9
embrowned 10 72 79 82
ephialtes 22 65
encarnaci 53
emollient 78
exponents 51 77 95
elsewhere 5 7 10 11 12 13 14 16 18 19 21 22 26 27 28 32 37 39 40 42 44 45 46 48 49 50 51 55 67 68 69 71 72 76 77 78 79 80 81 82 83 84 85 86 88 89 92 93 94 95 97
effluence 10 80 85
eloquence 10 11 12 13 14 19 26 27 28 31 32 37 39 41 42 44 45 49 51 52 53 55 57 65 66 68 69 71 72 74 77 78 79 82 83 85 88 89 90 92 94
enthroned 22 52 65 68 76 77 80 93 94
errantism 40
engrafted 12 16 40 65
explain’d 65
especiall 45
embassage 39
exertions 4 12 14 16 19 27 28 34 37 39 40 41 42 43 44 46 48 49 55 68 69 71 72 74 76 77 78 79 81 84 85 89 90 94
explainin 48 76
emperiall 98
entendone 53
eupeithes 22
eliciting 14 65 71 78
extremest 6 12 19 40 44 49 65 70 71 74 88 90
erledigen 63
entelechy 55
exogenous 28
exchequer 12 49 55 71 73 78
enjoineth 26
enjoinest 88
explained 1 3 4 5 8 10 11 12 13 14 15 16 17 18 19 21 22 23 26 27 29 31 34 36 37 39 40 41 42 43 44 45 46 47 48 49 50 51 54 55 56 57 59 60 61 63 65 66 67 68 69 70 71 72 73 74 76 77 78 79 80 81 82 83 84 88 90 92 94 95
endearing 14 34 44 55 65 68 78 79
explainer 14
eminently 12 14 27 40 44 45 46 49 54 55 65 66 71 72 74 78 79 80 83 85 88 90 91 94 95
extremity 4 7 10 12 14 17 19 21 27 28 30 31 37 39 40 43 45 48 49 54 60 65 69 71 72 73 74 77 78 79 80 81 82 84 85 90 93
extremist 49
etiquette 11 12 19 20 28 37 39 41 46 55 56 65 66 79 82 83 92
effecting 7 12 13 15 16 19 39 44 48 49 50 71 77 80 81 83 84 89
eschewing 55
effective 7 10 13 21 23 28 29 31 32 34 36 37 39 41 43 44 46 51 55 56 57 66 68 77 78 79 85 86 89 92 94 97
equitable 10 12 22 31 39 49 73 74 77 78 79 83 89 90 97
equitably 22 77 78 83 84
exspectat 49
elorriaga 53
extortion 7 9 32 45 76 79 81
extorting 19 40 79 97
excitable 10 13 14 21 28 29 31 39 44 46 48 55 68 78 79 80 84
extremely 1 3 4 5 6 10 11 12 14 16 17 18 19 21 22 23 26 27 28 29 31 34 35 36 37 39 40 41 42 44 46 47 48 49 50 51 52 53 55 56 59 60 62 65 66 68 69 71 72 73 74 75 76 77 78 79 80 81 82 83 86 88 89 90 92 93 94 100
excusably 14 49
excusable 10 12 14 16 29 37 39 41 49 65 73 80
esperanto 55
extending 10 12 13 14 15 18 19 21 23 27 39 40 41 46 48 49 50 53 55 56 60 63 65 66 68 71 73 76 77 78 79 80 83 84 85 89 92 94 97
esperanza 53
encaustic 55
ephesians 12 45 49
eavesdrop 70
emolument 49 55 71 83 85 89
excelsior 13
elchingen 39
earthling 18
excalibur 9
entendais 12
endowment 34 55 71 78 84 85 89 92
expedient 2 7 10 11 12 15 16 19 26 27 28 32 36 38 39 43 45 49 55 63 65 68 71 72 73 77 78 80 81 84 89 90 92
eucharist 9 42 45
esplanade 12 18 55 79
ebullient 42 73
effecteth 26 45
extricate 1 6 10 12 14 39 65 68 72 74 77 78 79 83 88 90
erections 40 55
execrable 1 12 26 32 39 44 49 73 78 79 88 93 98
ennyworth 3
eligibles 27
earnestly 1 2 3 4 6 9 10 11 14 16 17 19 20 21 22 26 27 28 29 31 32 33 34 36 37 38 39 40 41 42 43 44 45 46 48 49 50 51 53 54 55 56 60 61 67 68 71 72 73 74 76 77 78 79 80 81 82 83 84 85 88 89 90 94 98 99
earnshaw. 72
earnshaws 72
energetic 3 4 5 10 11 12 14 16 18 21 27 32 34 39 42 43 44 47 48 50 51 55 76 78 79 82 84 85 89 94
entertain 4 7 10 11 12 13 14 16 18 19 22 23 25 26 28 29 32 37 39 41 44 45 49 51 55 59 60 65 66 67 68 69 71 72 73 74 76 77 78 79 80 81 82 83 84 85 89 90 92 94 95
empirical 41 63 84 89 95
entr’acte 12 39 55
extolleth 26
extollere 49
extollers 88
exonerate 68 94
entitling 16 41
extolling 19 39 49 77 78
elephants 5 14 33 35 40 49 53 55 60 61 66 70 71 73 76 94
elephanti 53
elephanta 12 40
elephant. 12
erudimini 12
ettmuller 20
extendeua 53
extendeth 26 45
expedited 73 77
exciseman 71
enflaming 49
entituled 45 55
emulsions 12
enculeuse 44
endorsing 20 55
embodying 29 39 83
exilioque 49
escorting 13 14 17 20 22 37 39 42 51
enjoyably 62
enjoyable 14 16 35 39 55 56 62 76 77
execrated 12 14 72 74 79 90
execrates 12
empiricus 49
enumerate 16 27 29 39 40 49 55 63 65 80 81
effectual 2 6 11 19 28 40 41 49 51 56 68 73 74 77 82 83 84 85 89 90 94 97
evaporate 28 40 49 79
europeans 15 41 53 60 66 73 80 81 82 85 89 92
entrapped 10 14 16 40 71 75 78 79
eldership 41
eormenric 20
erscheint 63
entrayles 45
elections 12 13 15 27 39 42 73 78 79 89 97 100
eyeopener 50
ergasilus 12
equalised 77 96
enlarging 11 12 14 27 37 45 49 55 60 78 79 88
emeraults 23
equalitie 45
entombing 55
eastwards 6 39 40
enamelled 9 10 23 37 49 55 79 84
entwining 12 55
empresses 12 39 77
euripylus 12
exciderit 49
emunctory 55
eliginops 53
eatenness 26
enclosing 6 10 12 14 18 27 29 53 57 60 71 79 82 85 94 97
evasively 14 34 41 50 55 68 76
ealthiest 78
equerries 77
entourage 18 55
embrasure 12 42 46 55 76
excoriate 20 78
earthward 10 20 26 48
exordiums 49
epidermis 12 28 79
ersetzbar 63
estella’s 14
elliott’s 19
enlighten 4 10 12 14 22 26 28 31 34 39 44 45 46 49 65 68 77 78 79 80 83 88 92
erspreads 92
edenville 55
envisaged 55
envisagez 39
ejectment 85
enervates 28 49
enervated 27 49 79 80 88
euphrasie 12
enforcing 19 27 30 76 84 89 97
effundunt 49
euphrates 9 79
establish 4 7 11 12 13 14 15 16 17 19 21 22 26 27 28 32 37 39 40 41 43 45 49 50 51 53 59 63 71 72 77 78 79 80 83 84 85 88 92 95 96 97
eckleburg 67
enforceth 9
ekervally 14
earthname 55
elbowdeep 55
enfolding 18 76 78
encumbers 49 79
extrinsic 7 49 95
enamell’d 49 65
enjoyment 1 4 5 6 10 11 12 14 16 18 19 20 26 27 28 31 32 37 39 41 42 44 45 46 49 55 56 60 65 69 70 71 72 74 75 76 77 78 79 80 83 84 85 89 90 92 93 97
empurpled 12 56
enfeebles 80
enfeebled 10 12 18 19 39 40 48 50 65 79 85 89
exculpate 32 79
extirpate 10 49 65 83 89
epictetus 49
endamaged 98
emptiness 11 12 19 28 29 30 31 35 39 46 58 64 67 81 85 88 92
exemplary 4 14 29 37 39 40 41 45 49 55 71 76 77 78 79 85 94
exemplars 42 55
engulfeth 26
enteredst 88
exception 6 10 11 12 13 14 16 17 18 21 22 23 26 28 29 30 32 33 34 37 38 39 40 41 43 45 46 49 53 54 55 56 57 60 65 66 71 72 74 75 76 77 78 79 80 84 85 89 90 92 97
excepting 6 11 12 13 14 16 19 27 28 32 40 41 44 45 48 49 52 58 60 65 66 67 68 69 71 72 76 77 78 79 80 81 82 84 92 97
ecstasies 10 12 13 16 17 23 37 39 44 49 60 68 69 78 79 84 92 96
education 4 9 10 11 12 13 14 16 17 19 21 23 27 28 29 32 37 39 40 41 42 43 44 45 47 48 49 50 51 55 56 57 60 61 65 66 67 68 71 72 73 74 75 77 78 79 80 81 82 83 84 85 88 89 90 92 94 96 97
excretory 55
educating 10 12 13 14 16 27 41 73 78 80 83 89 92 94
eudamidas 12 49
enslavers 32
elopement 11 39 41 60 71 94
eddingses 51
educators 80
endeavors 12 15 19 22 28 32 39 40 79 84
engrailed 55 70
excelling 49 73 88 98
endeavour 7 10 11 14 15 16 19 21 34 42 43 44 45 46 49 55 60 63 65 66 68 71 72 73 74 76 77 78 80 81 83 88 89 90 92 93 95 96 97
excellent 2 3 4 6 7 9 10 11 12 13 14 15 16 17 18 19 20 21 22 23 26 27 28 29 30 31 32 33 34 35 36 37 38 39 40 41 42 43 44 45 46 47 48 49 50 51 52 53 54 55 56 60 65 66 68 71 72 73 74 75 76 77 78 79 80 81 82 83 84 85 88 89 90 91 92 93 94 97 98
excellere 49
enunciate 13 89
euaemon’s 65
excepteth 45
elisabeth 39 79
enslaving 51 73 84 89
ethelwold 9
elaborate 1 6 9 10 12 13 14 18 21 23 26 28 37 39 40 41 42 43 46 47 48 49 55 57 65 66 67 71 75 77 78 79 84 85 89 92 94
earthwork 14 39
engrained 76
earthworm 12
excretion 45
encircled 5 12 14 18 20 21 26 27 35 44 48 51 53 55 56 57 60 65 66 68 76 78 79 84 85 94
encircles 10 27 40 53
enhancing 40 44 46 65 71 78
emersisse 49
effundere 49
eightfour 55
equipment 1 2 3 4 5 6 7 8 9 10 11 12 13 14 15 16 17 18 19 20 21 22 23 24 25 26 27 28 29 30 31 32 33 34 35 36 37 38 39 40 41 42 43 44 45 46 47 48 49 50 51 52 53 54 55 56 57 58 59 60 61 63 64 65 66 67 68 69 70 71 72 73 74 75 76 77 78 79 80 81 82 83 84 85 86 87 88 89 90 91 92 93 94 95 96 97 98 99 100
eightfold 35
epiphania 55
exemplify 78 95
elemented 49
elementes 53
elemental 13 21 28 39 40 41 46 48 55 67 74 90
egressive 55
exploring 1 5 6 12 16 20 26 28 31 33 40 46 47 53 65 69 70 76 79 94 95
expletive 50
elements. 71
evenwards 26
enfield’s 54 71
everybody 3 5 6 7 10 11 12 13 14 18 19 21 22 23 26 27 28 29 30 31 33 35 36 37 38 39 40 41 42 43 44 46 47 48 49 50 55 56 57 58 60 61 66 67 68 69 70 71 72 73 74 75 76 77 78 79 80 82 83 85 86 89 90 92 93 94 100
ensnaring 88 92
eyelashes 10 11 12 16 27 28 34 37 39 40 41 46 47 53 66 67 71 74 78 79 90
explorans 49
embassies 7 38 52 80
entstehen 63
esthetics 55
echecleus 65
exemption 12 16 29 45 83 84 89 97
epicurean 21 40 49 92
exempting 83
eccentric 10 11 12 14 16 21 26 29 34 35 37 39 40 41 43 45 47 50 54 55 56 68 71 72 75 76 78 79 84 89 91 92
enclosure 6 10 12 13 18 19 21 31 39 46 48 51 54 57 60 71 77 79 80 81 84 85 97
everytime 55 70
everyting 62
entrusted 9 12 15 19 20 34 37 39 41 42 44 45 46 49 55 59 71 73 76 77 78 79 80 88
eagerness 5 6 7 9 10 11 14 16 18 19 21 22 26 27 29 30 31 34 35 37 38 39 40 41 42 43 44 46 48 49 51 52 54 55 57 58 60 64 67 68 71 72 73 74 76 77 78 79 80 81 82 84 85 88 90 92 93 94
externall 45
externals 10 31 39 40 49 84
empress’s 73
encreased 2 45
encreases 15
envenom’d 65
ejaculate 78
emptytoks 63
enactment 10 27 40 80
evocation 12 29 42 57
exactness 10 12 19 21 27 34 37 40 41 46 50 63 65 73 77 78 80 83
empfinden 63
exclusion 1 2 3 4 5 6 7 8 9 10 11 12 13 14 15 16 17 18 19 20 21 22 23 24 25 26 27 28 29 30 31 32 33 34 35 36 37 38 39 40 41 42 43 44 45 46 47 48 49 50 51 52 53 54 55 56 57 58 59 60 61 63 64 65 66 67 68 69 70 71 72 73 74 75 76 77 78 79 80 81 82 83 84 85 86 87 88 89 90 91 92 93 94 95 96 97 98 99 100
entbehren 51
erreichen 63
exclusive 10 12 18 26 39 40 44 45 46 47 49 55 56 68 71 76 78 80 89 92 93 95 96 97
erroneous 7 16 21 31 32 39 40 43 45 49 67 74 79 80 83 89 90 92 95
exploited 22 26 79 92 96
enveloped 1 6 7 10 12 18 22 27 30 31 34 39 40 44 46 49 59 68 71 74 77 79 81 84 85 90 94
envelopes 10 12 13 31 40 41 44 46 55 75 78 79 94
enveloppe 92
emulously 54
endurable 11 26 48 72 79 80 84 89 92 94
equations 39 41 56 63
englished 66
epechists 49
exercitus 49
extingish 49
epinogrus 9
earrings. 79
endurance 4 10 12 13 14 16 19 20 22 27 28 32 37 39 40 41 46 49 50 53 57 68 69 71 72 74 76 77 78 79 80 84 85 88 90 92
exhorting 7 9 12 13 45 49 60 65 71 78 80 81 82 83 88
exercised 1 4 5 7 10 12 19 22 23 29 34 41 43 44 45 46 49 51 54 65 71 73 74 76 77 79 80 81 83 84 88 89 90 91 92 94 97
exercises 5 7 10 12 14 16 22 27 29 32 35 39 40 49 55 56 60 65 67 68 69 71 73 75 76 77 78 79 80 81 82 83 89 92 97
exerciser 55
environed 6 10 13 26 45 49 60 71 76 84
editorial 51 65 94
embraided 55
engulfing 39 51 53
evewybody 39
esthete’s 55
ephestion 12
evening’s 11 14 19 26 35 48 68 71 72 79
epicurism 19 92
exhorteth 45
expiravit 49
