f’r 72
f.j 81
f.w 81
fab 65
fad 21 51 55 66
fac 40 79 83 84
fah 78
fag 22 49 55 71 78
fal 63 84
fan 3 6 8 12 13 18 20 23 26 28 32 35 39 40 42 50 53 55 65 66 69 70 71 74 76 78 79 81 84 86 90 93 94 98
fam 49
far 1 2 3 4 5 6 7 8 9 10 11 12 13 14 15 16 17 18 19 20 21 22 23 25 26 27 28 29 30 31 32 33 34 35 36 37 38 39 40 41 42 43 44 45 46 47 48 49 50 51 52 53 54 55 56 57 58 59 60 61 62 63 64 65 66 67 68 69 70 71 72 73 74 75 76 77 78 79 80 81 82 83 84 85 86 87 88 89 90 91 92 93 94 95 96 97 98 99 100
fat 1 2 3 4 5 6 9 10 11 12 13 14 16 17 18 19 21 22 23 26 27 28 30 31 33 34 37 38 39 40 41 42 44 46 48 49 50 51 52 53 55 56 58 61 65 66 68 70 71 72 73 76 77 78 79 80 81 82 84 88 92 93 94 98
fas 12 39 49 70 91
fax 49
fay 9 55 84
fde 20
fdl 62
feb 28 51 66 99
fed 4 5 6 7 9 10 12 13 14 16 18 21 22 23 24 27 28 30 31 32 33 35 37 38 39 40 41 42 43 44 45 46 47 48 49 50 51 53 55 56 57 58 60 61 64 65 66 68 70 71 72 73 76 77 78 79 80 81 82 83 84 85 88 93 94 95 96 99
fec 20
fee 1 2 3 4 5 6 7 8 9 10 11 12 13 14 15 16 17 18 19 20 21 22 23 24 25 26 27 28 29 30 31 32 33 34 35 36 37 38 39 40 41 42 43 44 45 46 47 48 49 50 51 52 53 54 55 56 57 58 59 60 61 63 64 65 66 67 68 69 70 71 72 73 74 75 76 77 78 79 80 81 82 83 84 85 86 87 88 89 90 91 92 93 94 95 96 97 98 99 100
fel 20 45
fen 6 20 24 63 65 78
fem 20
fer 49 70 84
fet 12
feu 12 27 39 49
fex 12
few 1 2 3 4 5 6 7 8 9 10 11 12 13 14 15 16 17 18 19 20 21 22 23 24 25 26 27 28 29 30 31 32 33 34 35 36 37 38 39 40 41 42 43 44 45 46 47 48 49 50 51 52 53 54 55 56 57 58 59 60 61 62 63 64 65 66 67 68 69 70 71 72 73 74 75 76 77 78 79 80 81 82 83 84 85 86 87 88 89 90 91 92 93 94 95 96 97 98 99 100
fez 12 39 46 49 55 77
fey 20 39
fff 55
fib 41 42 55 94
fia 7
fic 62
fie 9 10 26 37 41 55 66 71 72 78 85 94 98
fig 3 10 12 22 26 27 33 35 38 53 65 66 77 79 82 85 88
fil 39
fin 14 20 23 27 33 40 49 53 66
fio 49
fir 6 10 12 19 28 38 39 43 48 55 56 60 65 71 72 79 83 84
fit 1 2 3 4 5 6 7 8 10 11 12 13 14 15 16 17 18 19 21 22 23 26 27 28 29 30 31 32 33 34 36 37 38 39 40 41 42 43 44 45 46 47 49 50 51 54 55 56 60 61 63 65 66 67 68 69 70 71 72 73 74 76 77 78 79 80 81 82 83 84 85 86 87 88 89 90 92 93 94 95 96 97 98 99
fiu 65
fix 1 2 3 4 5 6 7 8 9 10 11 12 13 14 15 16 17 18 19 20 21 22 23 24 25 26 27 28 29 30 31 32 33 34 35 36 37 38 39 40 41 42 43 44 45 46 47 48 49 50 51 52 53 54 55 56 57 58 59 60 61 63 64 65 66 67 68 69 70 71 72 73 74 75 76 77 78 79 80 81 82 83 84 85 86 87 88 89 90 91 92 93 94 95 96 97 98 99 100
fld 63
flo 55 94
flu 78
fly 3 4 5 6 7 10 12 13 14 15 16 17 18 19 20 21 22 23 24 26 27 28 29 31 32 33 34 35 37 38 39 40 41 42 43 44 45 46 47 48 49 51 52 53 55 56 58 60 61 64 65 66 67 68 69 70 71 72 73 74 76 77 78 79 80 81 82 83 84 85 86 88 89 90 92 94 98 99 100
fob 12 55 68 71 73 79 84
foe 6 7 8 9 10 12 13 14 17 20 22 24 26 28 30 32 39 40 41 49 51 55 61 65 69 72 74 76 77 78 79 81 83 85 90 92 94
foh 39
fog 6 10 12 14 21 23 25 27 28 31 33 34 37 39 40 42 43 46 48 49 54 55 57 59 60 66 68 69 70 71 74 78 79 83 84 88 90 92 93 94
foi 18 39 41 79
fol 42 45 55 68
foo 37 39
for 1 2 3 4 5 6 7 8 9 10 11 12 13 14 15 16 17 18 19 20 21 22 23 24 25 26 27 28 29 30 31 32 33 34 35 36 37 38 39 40 41 42 43 44 45 46 47 48 49 50 51 52 53 54 55 56 57 58 59 60 61 62 63 64 65 66 67 68 69 70 71 72 73 74 75 76 77 78 79 80 81 82 83 84 85 86 87 88 89 90 91 92 93 94 95 96 97 98 99 100
fou 5 55
fox 4 5 7 12 14 19 28 30 33 38 39 41 46 49 55 57 58 60 66 69 70 71 72 73 77 78 79 80 81 82 83 84 85 89 91 94 99
foy 12
fra 7 53 89
fre 53
fro 1 4 6 9 10 12 13 14 16 18 21 23 26 27 28 29 31 33 35 37 39 40 41 42 44 46 47 48 49 51 54 55 57 59 65 68 69 71 72 73 76 77 78 79 81 84 85 88 93 94
frs 79
fry 12 13 18 27 28 38 40 55 56 60 65 69 70 71 78 94 99
fst 70
fug 53
fui 53
ful 3 9 28 68 70 93
fun 1 3 5 6 10 11 12 13 17 18 23 25 26 27 31 33 34 36 37 38 39 40 41 42 44 46 50 52 55 56 58 61 62 66 67 68 69 70 71 72 75 77 78 82 84 94
fum 70
fur 3 4 10 12 13 14 18 21 23 27 28 30 33 36 37 38 39 40 41 42 46 49 52 53 55 56 57 58 59 65 66 67 68 70 71 72 76 77 78 84 93 94 100
fut 28 41 53
fus 65
fwo 39
