flit 6 10 12 14 22 26 28 34 46 51 57 65 66 69 71 72 74 77 78 85 90
flie 65 91
flim 49
flip 14 40 71
flop 37 39 44 55 76
flor 12 55
flos 84
flow 1 4 5 10 11 12 14 16 17 19 22 23 24 26 27 28 31 32 35 37 38 39 40 41 44 46 47 48 49 51 55 56 59 60 64 65 67 68 69 71 72 74 76 77 78 79 80 84 85 86 88 89 90 92 94 100
flog 4 10 27 37 39 40 41 44 55 68 72 77 81
flux 26 55 57 65 73 80 84 88 97 99
flud 84
flue 12 55
fly. 39
flys 48
flye 91
foal 2 39 40 73 77
foam 6 10 12 14 18 20 22 23 26 31 33 37 38 39 40 41 44 46 48 49 51 55 56 60 64 65 67 68 69 71 76 77 78 79 80 84 85 91 94 100
foco 53
foce 53
fobs 12 73
foes 6 9 13 20 22 26 28 32 39 40 41 42 46 49 51 53 55 58 65 66 68 71 72 74 78 79 81 90 94 95
fogo 40
fogs 12 16 21 28 40 46 54 60 66 76 79
fois 10 12
foix 12 49
foie 21 36 40
foil 4 10 12 21 23 43 44 49 55 72 77 78 94
foin 9 20 49
fond 1 2 3 5 6 10 11 12 13 14 16 17 18 19 20 21 22 23 25 26 27 29 33 34 36 37 38 39 40 41 42 43 44 46 47 48 49 51 52 54 55 56 57 59 60 61 65 66 68 69 70 71 72 73 74 75 77 78 79 80 81 82 83 84 85 90 91 92 93 94 98 100
folx 49
foma 41
folc 20
fold 1 4 5 8 9 10 12 14 16 18 21 22 24 26 27 32 34 35 37 39 40 41 42 44 45 46 49 51 55 56 60 62 64 65 66 68 71 72 73 76 77 78 79 80 81 84 85 90 94 99
folk 5 6 9 10 18 20 21 22 23 24 29 33 34 36 37 38 39 41 43 46 49 51 52 55 58 61 71 72 73 77 79 80 85 88
fooh 41
fool 1 4 5 6 7 9 10 11 12 13 14 15 16 18 19 21 22 23 26 27 29 30 31 33 34 35 37 38 39 40 41 42 43 46 47 48 49 50 51 55 56 58 60 61 65 67 68 69 70 71 72 73 74 76 77 78 79 80 81 84 88 89 90 91 92 93 94
foot 1 3 4 5 6 7 8 9 10 11 12 13 14 15 16 17 18 19 20 21 22 23 24 26 27 28 29 30 31 32 33 34 35 37 38 39 40 41 42 43 44 45 46 47 48 49 50 51 52 53 54 55 56 57 58 59 60 61 62 64 65 66 67 68 69 70 71 72 73 74 75 76 77 78 79 80 81 82 83 84 85 87 88 89 90 91 92 93 94 98 99
food 2 4 5 6 7 8 10 11 12 13 14 16 17 18 19 20 21 22 23 25 26 27 28 30 31 32 33 34 35 37 38 39 40 41 42 43 44 45 46 47 48 49 50 51 53 55 56 57 58 59 60 61 62 64 65 66 67 68 69 71 72 73 74 75 76 77 78 79 80 81 82 83 84 85 86 88 89 90 92 94 95 97 99 100
fons 49
font 14 26 38 39 41 49 53 55 63 83
fora 53
forc 12 83
ford 9 12 16 17 23 33 39 49 55 65 67 70 77 83
fore 2 6 9 10 12 13 14 16 20 22 27 28 30 31 33 34 37 40 45 46 48 49 53 55 56 60 65 68 69 71 73 76 78 79 80 81 83 84 88 91 97 98
forg 24
for. 12 38 71 79
fops 51 73
foss 49
fose 53
fork 3 5 10 12 13 14 18 27 34 38 39 40 41 42 47 49 50 53 55 57 66 67 68 69 70 71 72 73 76 77 78 79 93 94
form 1 2 3 4 5 6 7 8 9 10 11 12 13 14 15 16 17 18 19 20 21 22 23 24 25 26 27 28 29 30 31 32 33 34 35 36 37 38 39 40 41 42 43 44 45 46 47 48 49 50 51 52 53 54 55 56 57 58 59 60 61 62 63 64 65 66 67 68 69 70 71 72 73 74 75 76 77 78 79 80 81 82 83 84 85 86 87 88 89 90 91 92 93 94 95 96 97 98 99 100
foro 45 49
fors 49
fort 6 7 8 9 12 18 22 28 40 49 51 53 55 65 68 73 74 77 78 79 81 82 83 85 90 94 99
foul 4 6 8 9 10 11 12 13 14 17 20 21 22 23 25 26 27 30 32 34 38 39 40 41 43 46 47 48 49 51 53 54 55 60 65 67 72 73 76 77 78 79 80 83 84 85 88 89 93 96 98 99
foun 70
four 1 2 3 4 5 6 7 8 9 10 11 12 13 14 15 16 17 18 19 20 21 22 23 26 27 28 29 30 31 32 33 34 35 36 37 38 39 40 41 42 43 44 45 46 47 48 49 50 51 52 53 54 55 56 57 58 59 60 61 62 63 65 66 67 68 69 70 71 72 73 74 75 76 77 78 79 80 81 82 83 84 85 86 87 88 89 90 91 92 93 94 95 97 98 99
foue 91
foug 12
fowl 5 10 14 18 21 27 28 30 38 39 40 41 49 53 55 60 65 70 71 73 76 78 79 83 84 85 88 99
foxy 39 55 66 71
frae 46
frag 22 49
fram 83 98
fran 12 18 30 37 39 42 53 55 79 82
frac 63
frau 26 55 63
fray 7 12 13 17 20 22 26 37 40 44 55 56 65 77 80 84
frei 51
fren 13 55 70
fret 4 11 13 14 18 20 22 32 34 39 41 46 49 55 57 68 69 70 71 72 78 81 94
fred 4 32 44 51 55 93 94
free 1 2 3 4 5 6 7 8 9 10 11 12 13 14 15 16 17 18 19 20 21 22 23 24 25 26 27 28 29 30 31 32 33 34 35 36 37 38 39 40 41 42 43 44 45 46 47 48 49 50 51 52 53 54 55 56 57 58 59 60 61 62 63 64 65 66 67 68 69 70 71 72 73 74 75 76 77 78 79 80 81 82 83 84 85 86 87 88 89 90 91 92 93 94 95 96 97 98 99 100
frio 53
frie 63
frig 44
frog 3 8 12 14 26 28 33 38 39 60 66 68 70 71 73 76 77 78 79 91 92 100
frol 9
from 1 2 3 4 5 6 7 8 9 10 11 12 13 14 15 16 17 18 19 20 21 22 23 24 25 26 27 28 29 30 31 32 33 34 35 36 37 38 39 40 41 42 43 44 45 46 47 48 49 50 51 52 53 54 55 56 57 58 59 60 61 62 63 64 65 66 67 68 69 70 71 72 73 74 75 76 77 78 79 80 81 82 83 84 85 86 87 88 89 90 91 92 93 94 95 96 97 98 99 100
frob 68
frui 49
frum 70
ftft 63
ftff 63
fttf 63
fttt 63
fuci 84
fuck 44 55
fuat 49
fuel 6 10 13 14 22 26 28 37 38 39 40 41 49 51 55 60 65 71 73 74 76 77 83 84 85 86 88 90 93 94
fugi 53
fuga 49
fuge 49 98
fuit 7 49 55 77 84 92
fuji 66
fumo 49 53
fume 10 26 46 49 55 79 94
fumi 53
full 1 2 3 4 5 6 7 8 9 10 11 12 13 14 15 16 17 18 19 20 21 22 23 24 25 26 27 28 29 30 31 32 33 34 35 36 37 38 39 40 41 42 43 44 45 46 47 48 49 50 51 52 53 54 55 56 57 58 59 60 61 62 63 64 65 66 67 68 69 70 71 72 73 74 75 76 77 78 79 80 81 82 83 84 85 86 87 88 89 90 91 92 93 94 95 96 97 98 99 100
funa 66
func 63
fund 4 10 12 13 18 21 28 30 34 44 51 55 60 65 71 73 74 78 79 83 90 93 94
funk 31 37 41 42 48 55
fust 27 34 46 57 70 71 78 91 94
fuse 12 55 78 86
fuss 1 11 13 16 17 18 19 21 23 27 30 31 33 37 39 40 41 47 50 56 58 67 69 70 71 77 79 80 85 94
furs 10 22 23 38 39 40 46 49 55 65 72 74 78 84 90 100
fury 1 3 6 7 10 12 13 14 15 17 19 20 21 22 26 27 29 30 31 32 34 37 38 39 40 41 42 43 44 45 46 48 49 50 51 53 54 55 56 60 65 68 69 70 71 72 73 74 76 77 78 79 80 81 82 84 88 90 94 97 98 99
fure 66
furl 40 53
fwom 39
fyer 53
fyev 39
fyne 28
fyre 53
fyue 53
f.’s 44
fa’r 27
fact 1 3 4 5 6 7 10 11 12 13 14 15 16 17 18 19 20 21 22 23 25 26 27 28 29 30 31 32 33 34 35 36 37 38 39 40 41 42 43 44 45 46 47 48 49 50 51 52 53 54 55 56 57 58 59 60 61 62 63 65 66 67 68 69 70 71 72 73 74 75 76 77 78 79 80 81 82 83 84 85 87 89 90 92 93 94 95 96 97 98 99 100
faci 49
fade 7 10 13 20 21 23 25 27 28 39 42 46 47 51 55 64 65 67 68 69 71 74 77 78 79 80 85 90 91 92
fabi 49
face 1 3 4 5 6 7 8 9 10 11 12 13 14 15 16 17 18 19 20 21 22 23 24 25 26 27 28 29 30 31 32 33 34 35 36 37 38 39 40 41 42 43 44 45 46 47 48 49 50 51 52 53 54 55 56 57 58 59 60 61 63 64 65 66 67 68 69 70 71 72 73 74 75 76 77 78 79 80 81 82 83 84 85 86 88 89 90 92 93 94 95 96 97 98 99 100
fads 21 23 46 55
fags 55
fahl 72
fait 12 21 26 27 39 41 44 49 55 84 92
fair 2 3 4 5 6 7 9 10 11 12 13 14 16 17 18 19 20 21 22 23 26 27 28 29 30 31 32 33 34 35 36 37 38 39 40 41 42 43 44 45 46 47 48 49 50 51 52 54 55 56 57 58 60 61 65 66 67 68 69 70 71 72 73 74 75 76 77 78 79 80 81 82 83 84 85 88 89 90 92 93 94 97 98 99 100
fain 9 10 12 14 17 20 21 22 23 26 27 28 34 39 40 41 44 45 46 49 51 52 55 60 64 65 68 71 72 76 77 78 79 80 84 85 88 92 93 97 98 99
faim 10 12
fail 1 4 6 7 9 10 11 12 13 14 16 19 20 21 22 23 26 27 28 29 30 32 33 34 37 38 39 40 41 42 43 44 45 46 49 50 51 53 54 55 56 59 60 61 62 65 66 67 68 71 72 73 74 76 77 78 79 80 81 82 83 84 85 88 89 90 92 94 95 96 97 99
fall 1 3 4 5 6 7 8 9 10 11 12 13 14 15 16 17 18 19 20 21 22 23 24 25 26 27 28 29 30 31 32 33 35 37 38 39 40 41 42 43 44 45 46 47 48 49 50 51 52 53 54 55 56 57 58 59 60 61 62 63 64 65 66 67 68 69 70 71 72 73 74 75 76 77 78 79 80 81 82 83 84 85 86 88 89 90 91 92 93 94 95 96 97 98 99 100
fake 13 55
famx 49
fano 7 49 53
fang 10 30 40 55 68
fane 55 65
fand 10
fama 49 53 65 98
fals 45
fame 7 9 11 12 16 17 18 19 20 22 23 26 27 28 29 30 31 32 39 41 42 44 45 47 49 51 53 54 55 65 68 69 71 73 74 77 78 79 80 81 83 85 88 89 90 91 94 97 98
fanu 1
fans 10 12 13 27 33 53 55 65 66 67 69 70 73 78 79 94 100
fare 4 7 9 10 11 12 13 16 20 21 22 23 26 27 28 30 32 33 34 35 37 38 39 40 41 42 43 45 49 51 52 53 55 56 64 65 66 67 71 73 74 76 77 78 79 80 81 82 85 90 91 94
fara 53
fart 44 55
faro 39 41 82
farm 3 4 10 11 12 13 14 16 18 19 21 22 23 26 27 28 31 32 34 39 43 48 49 51 52 55 56 57 60 65 67 68 70 71 72 73 74 77 78 79 82 83 85 90 94
fat. 38
fath 91
fate 4 6 7 8 10 11 12 13 14 15 16 17 18 19 20 21 22 23 25 26 27 28 29 31 32 33 34 35 37 38 39 40 41 43 44 45 46 47 48 49 51 52 53 54 55 56 57 58 60 61 63 65 66 67 68 69 70 71 72 73 74 76 77 78 79 80 81 82 83 84 85 90 92 93 94 97
fata 40 49 53
fato 49 53
fati 49 53
fase 91
fast 1 2 3 4 5 6 7 9 10 11 12 13 14 16 17 18 19 20 21 22 23 24 25 26 27 28 29 30 32 33 34 35 37 38 39 40 41 42 43 44 45 46 47 48 49 50 51 54 55 56 57 58 59 60 61 62 65 67 68 69 70 71 72 73 74 75 76 77 78 79 80 81 82 83 84 85 86 88 90 91 92 93 94 95 96 98 99 100
fass 91
fash 46
faux 10 12 28
faut 10 12 18 39 49 55 84 92
fauq 12
faun 12 23 47 66
fawn 10 12 18 22 23 33 37 49 55 65 72 99
faza 53
fays 77 84
fayn 45
feat 10 12 13 20 21 22 29 30 31 39 40 41 49 54 55 68 71 73 77 78 79 80 98
fear 1 2 3 4 5 6 7 8 9 10 11 12 13 14 15 16 17 18 19 20 21 22 23 24 26 27 28 29 30 31 32 33 34 35 36 37 38 39 40 41 42 43 44 45 46 47 48 49 50 51 52 53 54 55 56 57 58 59 60 61 62 63 64 65 66 68 69 70 71 72 73 74 75 76 77 78 79 80 81 82 83 84 85 86 87 88 89 90 91 92 93 94 95 97 98 99
feci 49 53
fece 53
fed. 77
feet 1 3 4 5 6 7 8 9 10 11 12 13 14 15 16 17 18 19 20 21 22 23 24 26 27 28 29 30 31 32 33 34 35 36 37 38 39 40 41 42 43 44 45 46 47 48 49 50 51 52 53 54 55 56 57 58 59 60 61 64 65 66 67 68 69 70 71 72 73 74 76 77 78 79 80 81 82 83 84 85 86 87 88 89 90 91 92 93 94 96 98 99 100
fees 1 2 3 4 5 6 7 8 9 10 11 12 13 14 15 16 17 18 19 20 21 22 23 24 25 26 27 28 29 30 31 32 33 34 35 36 37 38 39 40 41 42 43 44 45 46 47 48 49 50 51 52 53 54 55 56 57 58 59 60 61 63 64 65 66 67 68 69 70 71 72 73 74 75 76 77 78 79 80 81 82 83 84 85 86 87 88 89 90 91 92 93 94 95 96 97 98 99 100
feel 1 3 4 5 6 7 8 9 10 11 12 13 14 15 16 17 18 19 20 21 22 23 24 25 26 27 28 29 30 31 32 33 34 35 36 37 38 39 40 41 42 43 44 45 46 47 48 49 50 51 52 53 54 55 56 57 58 59 60 61 62 63 64 65 66 67 68 69 70 71 72 73 74 75 76 77 78 79 80 81 82 83 84 85 87 88 89 90 92 93 94 95 97 98 100
feex 30
fede 7 53
feed 4 5 6 7 10 12 13 14 15 16 17 18 19 20 21 22 23 24 26 27 28 32 33 35 37 38 39 40 41 42 45 46 48 49 51 53 55 56 57 58 59 60 65 66 68 70 71 72 73 76 77 78 79 80 81 85 86 88 94 96 97 98 99 100
feis 42
fein 55
fell 1 2 3 4 5 6 7 8 9 10 11 12 13 14 15 16 17 18 19 20 21 22 23 26 27 28 29 30 31 32 33 34 35 36 37 38 39 40 41 42 43 44 45 46 47 48 49 51 52 53 54 55 56 57 58 59 60 61 64 65 66 67 68 69 70 71 72 73 74 75 76 77 78 79 80 81 82 83 84 85 88 89 90 92 93 94 97 98 99 100
fene 53
fend 14 27 31 70 72
felt 1 3 4 5 6 7 8 9 10 11 12 13 14 16 17 18 19 20 21 22 23 25 26 27 28 29 30 31 32 33 34 35 36 37 38 39 40 41 42 43 44 46 47 48 49 50 51 52 53 54 55 56 57 58 59 60 61 65 66 67 68 69 70 71 72 73 74 75 76 77 78 79 80 81 82 83 84 85 87 88 89 90 91 92 93 94 95 96 97 98 100
felo 15
femi 53
femg 39
fens 20 26 55 65 84
feoh 20
fera 39 49
fero 49 53
fern 10 28 29 53 56 57 78 94
ferm 55
feri 53
ferh 20
fere 49 53
fete 39 55 94
ferx 49
fert 49
fers 12
fess 21 27 70 94
feud 4 7 20 27 34 40 41 51 52 70 71 72 79
few. 80
fewd 50
ffft 63
ffff 63
ffoo 55
fftf 63
fftt 63
fiat 12 45 49 55 97
fico 53
fict 91
fibs 33 94
fiew 39
fies 49
fier 12 65 91
fido 41 45 55 77
fide 42 49 67 94 97
figs 12 22 26 33 42 49 53 55 65 77 78 80 93 94
fife 12 40 49 55 71 77 78
fift 12 45
file 1 2 3 4 5 6 7 8 9 10 11 12 13 14 15 16 17 18 19 20 21 22 23 24 25 26 27 28 29 30 31 32 33 34 35 36 37 38 39 40 41 42 43 44 45 46 47 48 49 50 51 52 53 54 55 56 57 58 59 60 61 63 64 65 66 67 68 69 70 71 72 73 74 75 76 77 78 79 80 81 82 83 84 85 86 87 88 89 90 91 92 93 94 95 96 97 98 99 100
fila 53
fini 41
fing 20
fine 1 2 3 4 5 6 7 9 10 11 12 13 14 16 17 18 19 20 21 22 23 26 27 28 29 30 31 32 33 34 35 36 37 38 39 40 41 42 43 44 45 46 47 48 49 50 51 52 53 54 55 56 58 60 61 63 65 66 67 68 69 70 71 72 73 74 75 76 77 78 79 80 81 82 83 84 85 86 88 89 90 91 92 93 94 95 98 99 100
find 1 2 3 4 5 6 7 8 9 10 11 12 13 14 15 16 17 18 19 20 21 22 23 24 25 26 27 28 29 30 31 32 33 34 35 36 37 38 39 40 41 42 43 44 45 46 47 48 49 50 51 52 53 54 55 56 57 58 59 60 61 62 63 64 65 66 67 68 69 70 71 72 73 74 75 76 77 78 79 80 81 82 83 84 85 86 87 88 89 90 91 92 93 94 95 96 97 98 99 100
fina 53
fils 12 39 49 55
filo 53
film 1 5 14 17 23 26 46 62 64 65 69 74 78 80 84 86 90 92 100
fill 4 5 6 7 9 10 11 12 13 14 16 17 18 19 20 21 22 23 24 26 27 28 29 30 31 32 33 35 36 37 38 39 40 41 42 43 44 45 46 47 49 50 51 55 56 58 61 63 64 65 66 67 68 69 70 71 72 73 74 76 77 78 79 80 81 82 83 84 85 86 88 89 90 91 92 93 94 97 98 99 100
fior 65
fins 28 40 55 84
fino 26 53
finn 20 37 55 67 69 70
firm 4 5 6 7 10 11 12 13 14 15 16 18 19 20 21 22 23 26 27 28 29 32 33 34 35 37 38 39 40 41 42 43 44 46 49 51 52 53 54 55 56 57 59 60 65 66 67 68 69 71 72 73 74 75 76 77 78 79 80 82 83 84 85 88 90 93 94 95 97
fire 1 3 4 5 6 7 8 9 10 11 12 13 14 15 16 17 18 19 20 21 22 23 24 25 26 27 28 29 30 31 32 33 34 35 36 37 38 39 40 41 42 43 44 45 46 47 48 49 50 51 52 53 54 55 56 57 58 60 61 62 64 65 66 67 68 69 70 71 72 73 74 76 77 78 79 80 81 82 83 84 85 86 88 89 90 91 92 93 94 97 98 99 100
fist 4 5 6 8 12 13 14 17 18 23 27 37 39 40 41 42 43 44 47 49 53 55 57 59 66 68 69 70 71 72 73 76 77 78 79 85 91 94
fiss 84
fite 91
firs 10 39 43 46 49 55 56 65 72 84
fisk 51
fish 1 2 3 4 6 10 11 12 13 14 16 17 18 19 21 22 26 27 28 29 30 31 32 33 35 37 38 39 40 41 42 44 46 47 48 49 53 55 56 58 60 62 65 66 67 68 69 70 71 73 74 76 77 78 79 80 81 83 84 85 88 90 91 93 94 97 98 100
fise 9
five 1 2 3 4 5 6 7 8 9 10 11 12 13 14 15 16 17 18 19 20 21 22 23 26 27 28 29 30 31 32 33 34 35 36 37 38 39 40 41 42 43 44 45 46 47 48 49 50 51 53 54 55 56 57 59 60 61 63 65 66 67 68 69 70 71 72 73 74 75 76 77 78 79 80 81 82 83 84 85 86 87 88 89 90 91 92 93 94 95 97 99 100
fitz 12 40 55 67 78
fits 3 5 6 10 12 13 14 16 21 22 23 25 27 28 30 34 37 39 40 41 43 46 49 55 56 57 60 65 66 68 71 72 74 76 77 78 79 80 82 84 90 94 98
fixa 49
fixe 55
fizz 13 55 100
flag 6 10 12 13 14 17 21 27 28 30 31 37 39 40 42 44 46 48 49 53 55 56 66 69 70 71 76 77 78 79 80 81 83 94
flay 2 14 22 39 41 49 55 60 76 77
flax 12 41 49 55 65 77 79 83 99
flaw 10 12 21 34 37 40 55 71 78 79 80 86 92
flat 3 5 6 8 9 10 11 12 13 14 15 17 21 22 23 26 27 28 29 30 31 33 34 37 39 40 41 42 43 44 46 47 48 49 50 51 52 55 56 57 58 59 60 61 62 63 64 65 67 68 69 70 71 73 74 75 76 77 78 79 80 81 82 83 84 85 86 90 93 94 98 99 100
flap 5 14 18 21 26 27 28 30 40 44 46 55 60 67 73 77 85 94 99
flan 55
flam 49 77
flee 9 10 12 13 17 20 26 28 30 35 38 39 40 49 53 54 59 72 77 79 80 82 84 85 88 92
fled 4 6 7 8 9 10 12 13 15 17 19 20 21 22 23 24 26 27 30 32 35 38 39 40 43 44 45 46 47 48 49 51 53 54 55 56 59 60 64 65 68 69 70 71 73 74 76 77 78 79 80 81 82 83 84 85 88 90 93 94 99
flea 6 12 26 40 49 55 77 98
flew 1 3 4 5 6 8 9 10 11 12 13 14 16 17 18 19 21 22 23 24 26 27 28 30 31 32 33 34 35 37 38 39 40 41 42 43 44 46 47 48 49 51 53 55 56 57 58 59 60 61 64 65 66 68 69 70 71 72 73 74 76 77 78 79 80 81 82 83 84 85 88 90 93 94 98 100
fler 78
