favour. 77
fulgens 49
forhewn 9
first’s 71
ferient 49
favored 1 4 12 13 18 20 27 28 29 30 51 52 79 85 91 99
ferrara 7 12 49 77 79
ferrars 19 23
ferrata 49
ferrand 79
foining 9
ferrajo 79
fixings 12 70
freiras 12
fastned 45
famusov 41
ferrets 3 5
fouling 64
ferreol 55
faublas 12
fumblin 5
fumbles 12 55
fumbled 1 3 10 12 13 21 27 33 37 40 41 46 47 55 67 70 76
fasting 10 12 23 24 27 28 32 35 37 39 40 41 45 46 48 49 72 73 76 77 79 83 88 92 99
frasnes 12
flecked 10 20 21 30 33 34 37 39 43 47 54 55 79 94
fleckes 63
flecken 63
ferriri 84
filleau 77
finch’s 14
ferrier 34 46
ferries 86
ferried 20 35 53
firstly 7 10 12 14 22 26 28 39 46 55 63 71 72 76 78 92
fenardi 41
fastest 26 32 35 37 38 44 76 77 79
fighter 5 6 9 13 20 26 30 33 78 80 88 94
faster. 38
fastens 49 65 80
fightin 5 46
ficinus 49
filched 12 26
filches 55
foulest 6 9 23 32 68 80
foscari 53
faucets 12
fogey’s 55
florins 7 23 38 50 74 79 82 90
florist 50
florida 13 21 49 51 53 57 97
florian 12 65 79
furnish 7 9 10 11 12 13 15 16 18 20 21 27 28 34 38 39 40 41 43 44 45 47 49 51 52 53 56 60 65 66 67 68 69 70 71 72 73 77 79 80 83 88 90 92 93 94 97
frunted 91
foxford 55
for’ard 5 14 71
forgot. 71
finbarr 55
filby’s 47
fichtre 12
fouteau 49
foscine 53
fascine 53
foodful 65
furnace 4 10 12 13 14 24 26 27 28 31 40 42 44 46 48 49 53 57 65 69 70 72 76 77 80 81 83 84 85 88 94 98 99 100
filters 12 86
fixiert 63
foliage 1 6 7 10 12 18 21 27 28 31 33 37 38 39 43 44 46 47 48 51 55 65 67 69 71 72 74 78 79 84 85 90 94
fueling 86
fiddler 10 38 57 70 85 93
fiddles 13 34 41 55 73 78
fiddled 94
feegees 40
fizzing 27 55
frogged 21
fobbing 40
febuary 55
flauius 53
freight 12 13 22 27 28 30 40 46 53 57 65 69 70 73 79 82 85 86
favours 7 9 10 11 14 44 49 55 65 67 68 71 72 73 76 77 80 81 82 83 88 89 97
fangled 12 17 34 42 46 69 73 80
feutred 9
frailty 11 13 27 39 45 49 55 64 65 79 85 97
finance 12 13 28 41 46 49 55 67 79 80
flora’s 29 49 55
finally 1 4 6 7 9 10 11 12 13 14 15 18 19 20 21 23 25 26 27 28 29 30 31 32 34 35 37 38 39 40 41 42 43 44 45 46 48 49 50 51 52 53 54 55 56 57 58 59 61 62 63 65 66 67 68 69 70 71 72 74 75 76 77 78 79 80 81 83 84 85 86 88 89 90 91 92 94 95 96 97 100
foppish 12 37 79
fosters 66 89
forgets 4 10 11 12 15 16 17 27 33 37 38 39 40 41 42 49 50 51 55 58 65 66 71 72 77 78 79 80 83 84 92 94 100
foolest 26
foolery 6 41 48 49 55 66 68
frailer 42
forgery 12 14 21 34 43 49 54 55 66 71 73 76 79 84
forgers 13 76
forgeaf 20
failure 1 3 7 10 11 12 13 14 16 19 20 23 26 27 28 29 32 35 37 39 41 42 46 47 48 49 50 51 54 55 56 57 59 66 67 68 69 70 71 72 73 74 76 77 78 79 80 81 84 85 88 89 90 92 94 95 96
foppery 16 49 83
forgave 9 10 11 16 19 22 23 27 29 39 41 45 56 61 69 75 78 88 94
firings 60
fulfils 12 20 50 63 65 71 78 79 88 95
fulfill 19 39 41 45 51 77 83 94 98
foxeyes 55
fraight 45
fiducia 49
faemina 49
fabrics 4 46 47 48 53 79 85
fenians 42 55
funnier 27 39 41 58 68
flatted 28 65
flatten 39
flatter 10 11 12 13 14 15 16 19 21 22 23 26 27 28 29 31 33 34 37 39 40 41 43 44 45 46 49 51 55 65 66 72 76 77 78 79 80 83 84 89 92 94 97 100
funeral 1 4 6 10 12 13 14 16 19 20 22 27 28 31 33 35 37 39 40 41 46 49 51 52 54 55 56 57 64 65 66 67 68 69 70 71 72 73 74 76 77 78 79 80 81 84 88 90 91 92 93 94 100
filbert 82
flaccus 12 49 65
funeris 49 84
flaccid 12 14 23 39 42
failing 4 7 10 11 12 13 14 16 18 19 20 21 23 26 27 28 30 35 37 39 41 42 44 45 48 49 51 53 55 56 57 65 68 69 71 72 74 76 77 78 79 80 82 84 85 88 90 94 95
funeste 84
forgits 46
forgive 1 4 6 8 9 10 11 12 13 14 15 16 17 18 19 21 22 23 26 27 29 31 34 35 36 37 38 39 40 41 42 43 44 45 46 47 49 50 51 54 55 56 59 60 61 62 65 67 68 69 70 71 72 73 74 75 76 77 78 79 80 81 83 84 85 88 90 92 93 94 98
foolish 1 3 4 6 9 10 11 12 13 14 15 16 17 18 19 21 22 23 25 26 27 28 29 31 33 35 36 37 38 39 40 41 42 43 45 46 47 48 49 50 51 52 55 56 58 60 61 65 66 67 68 69 70 71 72 73 74 75 76 77 78 79 80 82 84 85 88 89 90 92 94 95 97 98 100
fatetur 49
forging 10 14 18 37 40 49 73 88
fooling 13 22 27 40 41 42 49 55 69 70
fruenda 49
frights 12 40 49 60
frigida 49
frigidi 53
frigged 44
freytag 55
faustus 49 82 88 98
futures 18 26 29 40 50 55 95
future. 41 71
futurum 49
faceuaz 53
footman 3 5 10 11 19 21 33 37 39 40 41 44 49 54 71 72 73 75 78 79 82
festoon 14 33 40 71 85
footmen 1 3 7 9 10 14 21 23 39 49 68 73 78 79 94
fleshly 9 10 23 26 37 41 49 54 88
faceted 39
fleshed 28 44
facesse 49
famueil 12
foveris 49
frontem 49
fronted 6 11 12 13 39 51 54 55
frontal 31 42 55
frontis 98
frowned 1 4 5 8 10 12 13 14 17 18 22 23 27 31 33 37 39 40 41 42 51 55 67 68 69 71 72 76 78 79 84 85 93 94 100
fifteen 1 2 3 4 5 6 7 8 9 10 11 12 13 14 17 18 19 20 21 23 26 27 28 30 32 33 34 35 37 38 39 40 41 42 44 46 47 48 49 50 51 53 55 56 59 60 65 66 67 68 69 70 71 72 73 74 75 76 77 78 79 80 81 82 83 84 85 88 90 93 94
footins 63
footing 6 7 9 10 11 12 13 14 15 16 21 26 30 37 38 39 41 42 43 44 47 48 49 56 57 61 65 68 71 72 76 77 78 79 80 81 82 83 84 85
funnels 12 48
frigate 6 12 40 52 60 77 79 81
facente 53
forge’s 40
facendo 53
flirted 5 10 16 30 39 40 42 58 71 85 94
flirtin 5
footway 78 83
fifties 15 40 41 51 67
fifthly 2 12 37 45 55
facella 53
fulness 12 20 26 27 32 49 56 65 68 69 71 72 76 79 80 81 85 88 89 94
footpad 77 78
furdest 71
faton’s 12
fayries 45
feefarm 55
flatcut 55
felicia 77
femmina 92
fontane 53
fontana 22 53 79
fontano 67
fellow. 40 41 45 71
fellows 1 3 4 6 9 11 12 13 14 16 17 18 20 21 22 23 26 27 28 30 31 32 33 34 37 38 39 40 41 42 44 46 49 51 54 55 57 60 65 68 69 70 71 72 73 74 76 77 78 79 80 81 82 84 85 88 89 90 92 93 94
fencing 12 14 28 39 40 49 51 53 60 65 69 71 77 78 79 94
folkses 83
flow’ry 69
flow’rs 49
forards 78
frettin 5 94
fraunce 53
flimnap 73
fretted 5 10 12 19 20 26 28 31 37 38 39 41 46 47 48 51 55 65 68 70 72 76 78 80 81 84 85 88
fretter 57
fluster 27 56 70
fictile 28
fo’ward 39
fiction 1 4 10 14 21 22 23 26 27 28 29 41 45 46 47 49 52 55 57 60 63 65 66 68 71 73 75 77 78 79 80 84 87 88 90 92 94 100
fretsaw 59
fishful 55
farival 18
forsake 4 9 10 26 28 36 38 39 40 42 45 49 56 60 65 72 73 77 79 80 88
fleeing 6 9 12 20 26 27 30 35 39 48 49 53 55 85 88 92
fisheth 26
fishers 9 26 28 40 45 48 74 90
forseen 45
faggots 54 55 77 100
fishery 40 41 53 77
fertile 12 19 22 26 28 34 39 41 43 45 47 49 51 52 65 66 68 69 71 72 74 77 79 80 81 84 90 92 97
foundry 10 41 55 69 100
ferting 91
founder 7 12 13 14 20 21 23 28 39 40 45 49 51 60 67 77 80 83 89 90 93 95
founded 7 9 11 12 14 15 19 21 22 26 27 28 29 34 37 39 40 41 43 44 45 47 49 51 53 54 55 56 60 65 67 68 71 72 73 74 77 78 79 80 81 83 84 88 89 90 92 94 97 98
flocked 7 10 12 13 18 22 26 32 35 39 41 45 46 49 51 69 70 71 76 77 79 83
fickle. 79
fatigue 4 6 7 10 11 12 16 18 19 22 26 30 32 34 37 38 39 41 43 44 47 48 49 53 55 60 65 68 69 71 72 74 76 77 78 79 81 82 83 84 90 94
fanatic 12 40 41 49 51 82
fatigat 49
falbala 12
forsook 7 9 10 14 27 39 49 60 65 68 69 70 79 81 85 88 94
foghorn 55 67
fauvent 12
founney 91
federal 1 2 3 4 5 6 7 8 9 10 11 12 13 14 15 16 17 18 19 20 21 22 23 24 25 26 27 28 29 30 31 32 33 34 35 36 37 38 39 40 41 42 43 44 45 46 47 48 49 50 51 52 53 54 55 56 57 58 59 60 61 63 64 65 66 67 68 69 70 71 72 73 74 75 76 77 78 79 80 81 82 83 84 85 86 87 88 89 90 91 92 93 94 95 96 97 98 99 100
fluking 40
fishier 6
faticha 53
farrier 12 43 76
fishily 14
flyaway 94
fishing 6 11 12 14 17 18 22 26 28 30 31 32 33 38 39 40 41 42 44 45 46 48 49 52 53 56 60 67 68 69 70 71 73 74 76 77 78 79 81 83 84 90 94
fagging 10 41 71
frechie 53
fontenc 63
fidgets 11 16 27 55 71 77 94
farings 40
fidgety 11 14 27 57 70 78 94
farinam 28
fixture 10 14 28 40 43 72 78 85
flukers 81
fetters 4 10 12 14 20 26 27 28 32 37 45 49 55 64 65 68 69 71 76 77 79 80 81 84 88 89 92 95 96
farrell 55
fleetly 94
folle’s 18
fabulis 98
fleeted 20 27 71
fleeter 14
findest 9 77 88
finders 77
findeth 26 45 88 97
fantasy 9 12 37 40 41 55 66 77 85 96 98
flannel 4 12 13 14 18 19 23 27 28 31 37 40 42 48 55 56 57 67 68 71 74 77 78 85 90 93 94
flushed 4 5 6 10 12 13 14 16 17 18 19 21 23 27 29 34 37 39 40 41 42 43 44 46 47 48 51 54 55 56 57 67 68 69 71 72 74 76 77 78 79 84 85 90 93 94
flushes 13 14 27 37 78
faciant 49
frisked 46 85 93
fieschi 12
frisian 20
faddist 55
famous. 71 80
flanked 10 12 18 29 34 40 42 43 51 65 71 73 85
fabvier 12 39
finding 1 3 4 5 6 7 9 10 11 12 13 14 16 17 18 19 21 22 23 26 27 28 29 30 31 32 33 34 35 37 38 39 40 41 42 43 44 45 46 47 48 49 50 51 53 55 56 57 58 60 61 65 66 67 68 69 70 71 72 73 74 75 76 77 78 79 80 81 82 83 84 85 88 90 91 92 93 94 95 97
felleth 26
fellers 12 26 27 28 68
faramon 9
fun’ral 49
favilla 49
falters 1 10 68 71 78
fraught 12 14 23 30 41 55 56 65 71 74 76 78 79 88 90 92 93
frauget 49
friston 77
fiesole 79
fractus 49
fecisse 49
felucca 79
felling 10 16 28 39 57 65 89
fomorum 49
fellies 12
foraged 13 18 26
fachtna 55
fencers 49 73 77
flotsam 55
flock’d 65
foraign 45
fretful 5 14 18 19 25 26 32 36 57 71 72 78 81 82 94
fleeces 22 40 65 73 80 84
foragin 5
friar’s 55 77
forrest 55
ferando 53
faria’s 79
fersatt 20
flicker 1 10 12 13 23 26 27 29 31 33 46 47 48 55 56 66 67 70
flicked 12 21 33 39 42 55 56 67 87
fustest 27
feareth 26 45 81 88
fearest 26 77 85
friable 12 49 79
fevrier 12
fawcett 55
fledged 5 14 22 44 51 77 84 85 88
fathers 2 4 5 7 12 14 16 17 18 20 22 23 26 27 28 30 32 33 34 35 39 40 41 42 43 44 45 49 50 51 53 55 56 60 65 68 71 72 73 76 77 78 79 80 81 82 83 84 85 88 89 91 92 93 94 97
father. 37 38 71 79 80
ferarum 28 49
forrard 70 72 78
forrads 27
fustian 10 12 55 65 68 77 78 84 98
fowlrun 55
fearful 4 6 8 9 10 11 12 13 14 16 17 19 20 22 23 24 26 27 30 31 32 33 35 37 39 40 41 44 46 48 49 50 51 52 54 55 56 60 65 68 69 71 72 74 75 76 77 78 79 80 81 84 85 88 90 93 94 98
furores 84
fearing 4 7 10 11 12 14 15 16 19 22 27 28 37 39 40 41 42 43 44 45 46 47 48 49 53 56 57 60 61 66 68 69 71 72 73 74 77 78 79 80 81 84 85 88 90 94 98 99 100
fella’s 67
fault’s 29
fitting 6 10 12 13 14 17 18 20 21 22 23 26 27 28 32 34 37 39 40 41 43 44 46 49 53 54 57 60 65 66 68 71 74 76 77 78 79 80 81 82 84 85 88 89 90 94 96
flanges 33
fonseca 77
fainter 6 11 12 17 19 30 33 39 40 46 47 51 52 55 65 69 71 74 76 78 80 84 85 90 95 100
faintly 1 3 5 6 10 11 12 13 14 17 18 21 27 28 29 30 31 33 34 36 37 39 40 41 42 45 46 47 48 49 51 55 56 57 58 65 67 68 69 71 76 78 79 80 84 85 88 93 94
fainted 4 9 12 13 16 17 21 23 25 27 31 34 37 41 42 43 44 46 47 49 54 55 56 59 65 67 68 69 70 71 72 74 77 78 79 81 82 90 99
firtree 55
fittest 20 28 45 49 51 55 60 68 85 88 94 97
fitteth 98
foggier 93
fratris 98
fratres 49 55
flemish 12 23 77 96
fleming 12 42 53 55 68
flandes 53
fayling 45
flandre 79
forioso 12
flush’d 65
fowlers 49
fiercer 9 13 18 27 30 40 44 46 48 49 51 65 68 72 76 79 80 84 85
filling 4 5 6 7 10 11 12 13 14 16 18 21 22 27 28 35 37 39 40 41 42 44 46 49 50 55 56 57 58 60 66 67 68 71 72 76 77 78 79 80 81 83 84 85 86 88 89 91 94 100
fillips 77
fillies 55 77
falsity 15 37 39 41 49 63 89
falsify 13 49 77 78 92
flammis 49
flammes 39
fomenta 49
flammae 49
flammam 49
flitted 6 10 12 21 22 23 27 28 30 34 39 40 41 46 47 51 69 74 78 84 90
flitter 45 70
fillest 88
filleth 45 81 88
fillets 12 65
feriunt 49
farrago 40 54
floated 1 4 5 6 10 12 16 17 18 20 22 23 26 27 28 31 35 37 38 39 40 41 42 43 47 48 49 51 52 55 56 60 61 65 66 67 69 70 71 73 74 76 78 79 84 89 90 93 94 98 100
falsest 9 26 77 92
falsely 9 11 12 28 36 39 40 41 45 49 53 55 63 65 69 71 73 74 76 77 80 84 88 90 92 95
fungoid 48
flectit 49
floater 20
flaming 5 8 10 11 12 13 14 18 20 21 22 26 30 33 39 40 41 43 45 47 48 49 51 55 57 60 65 67 69 72 76 77 78 79 83 85 94 98
flamina 49
flamine 49
floatin 27
frizzed 12
fameuse 39
falsche 63
frizzle 85 94
fameuil 12
fidelle 53
firkins 40 55
ferrule 28 40 43 55 94
flavors 79 85
fussily 37 39 55
fiascit 49
flavour 3 7 10 14 16 22 26 31 42 45 49 55 66 67 68 71 76 77 78 81 82 93
fussing 27 39 41 42 50 56 66 94
finland 20 39 41 46 55 100
feydeau 12
freshed 9
fresher 9 10 11 12 14 28 30 37 40 41 46 47 49 55 67 68 71 72 76 77 78
freshet 4 28 40
freshen 37 46 70 71 78 81 94
freshly 5 6 9 10 12 13 18 22 28 29 35 37 39 40 46 47 48 53 54 55 56 65 67 71 77 78 84 85 94
finches 14
flavien 79
fowling 28 60 72 79
flavius 12 49 79
fathoms 6 12 22 28 33 40 55 60 77 79 84 93
feigned 9 10 12 14 19 21 22 23 30 37 39 40 41 44 45 49 56 57 67 68 71 72 76 77 78 79 80 84 85 88
fosdick 27
fechter 94
fririon 12
frescos 84
fleurus 12
fairies 5 10 12 17 18 38 45 56 61 65 66 69 72 77 79 84 85 94
fervidi 49
fermosa 53
fuddled 20 40 55 69
flowers 1 3 4 5 6 7 8 9 10 12 13 14 16 17 18 21 22 23 24 25 26 27 28 29 30 33 35 36 37 38 39 40 41 42 44 45 46 47 49 50 51 53 55 56 59 60 61 62 64 65 66 67 68 69 70 71 72 73 74 75 76 77 78 79 84 85 88 90 93 94 96 100
flowery 4 6 10 12 22 27 28 40 52 55 56 65 69 71 74 77 82 90 93 94
floweth 26 51
frustra 49
fatty’d 42
freeing 4 29 39 49 72 78 79 81 83
frenchy 18 39 55 94
farland 20
farlane 12
fogarty 42 55
females 2 11 12 16 19 26 27 40 44 45 49 55 60 62 65 71 72 73 74 78 79 80 81 83 88 90 94
farceur 18
flowing 8 10 11 12 14 19 20 21 22 26 27 28 30 31 34 35 37 39 40 41 44 45 46 47 48 49 53 55 56 57 60 61 64 65 66 69 71 72 73 74 76 77 78 79 80 82 84 85 88 89 90 98
fairfax 10 16 49 75
funking 41 48
forlorn 10 11 12 13 14 16 17 19 24 27 28 30 35 38 40 49 51 55 57 65 67 69 70 71 72 73 76 77 78 79 81 85 92 94
fairest 9 11 16 17 20 23 26 27 28 32 37 38 40 44 49 51 55 65 68 73 74 77 80 83 84 88 90 98
fiancho 53
freefly 55
fattish 37 55
foxtail 12
freedom 4 5 6 7 8 10 11 12 13 14 15 16 18 19 21 23 26 27 28 29 32 33 34 36 37 39 40 41 42 43 44 46 47 49 51 53 54 55 56 57 59 60 61 63 64 65 66 67 68 69 70 71 73 74 76 77 78 79 80 81 82 83 85 86 88 89 90 92 94 95 96 97 99
fervour 10 16 26 35 37 44 46 55 60 68 71 72 74 76 77 78 80 81 89 90 93 96
figure. 54
figuras 49
figuren 63
figures 1 3 5 9 10 11 12 13 14 16 17 18 20 21 22 23 25 26 27 28 31 33 34 35 36 37 39 40 41 42 43 45 46 47 48 49 51 53 54 55 56 57 58 60 63 65 66 67 68 69 71 72 73 74 76 77 78 79 80 81 82 83 84 85 88 89 90 91 93 94 98
figured 10 12 13 16 18 21 23 27 29 39 40 45 48 53 55 56 65 67 68 71 79 81 88
fancyed 45
fancyhf 63
finger. 80 100
fattest 2 40 65 68
fattens 5 80
fluvial 55
fixedly 4 5 10 12 26 27 37 39 40 41 42 43 46 49 54 68 71 76 77 78 79 84 88 92 93 94
fingers 1 4 5 6 8 10 11 12 13 14 18 19 20 21 22 23 26 27 28 30 31 32 33 34 35 37 38 39 40 41 42 43 44 45 46 47 48 49 50 51 52 53 55 56 57 59 60 61 64 65 66 67 68 69 70 71 72 73 74 75 76 77 78 79 80 82 83 84 85 88 90 92 94 99
fingere 49
ferebat 80
fordern 63
fluvius 49
fordeal 9
frolics 51 56 94
figment 45 80
flumine 49
faginus 28
felon’s 4 79 84
falutin 55 96
flahrzn 50
fingida 77
fibrous 28 40 79
freeman 4 27 28 32 42 49 55 80 81 84 88 96 97
freemen 22 32 45 49 51 55 80 81 89 97
frocked 39
fuzzing 40
feeless 20
feelers 28 51 55 63 69 94
feeleth 26
feelest 26 40 49 77 85 92
fogacie 53
frankly 4 5 10 11 12 13 17 18 21 29 30 32 36 37 39 40 41 42 43 44 46 47 49 50 51 55 56 57 66 67 71 72 75 78 79 80 83 84 85 94
franker 10
feebler 12 14 27 28 33 37 40 65 76 80 84
feebled 9
fiammis 49
franlin 83
fondana 53
fondata 53
frothed 5 40 76 78 82
fairway 6 31 55
fruando 53
forcing 5 7 9 11 12 14 16 18 19 20 27 34 37 39 41 42 43 44 46 47 49 50 57 65 68 69 71 72 73 74 76 77 78 79 80 84 89 90
firenze 7
fremont 51
flapper 3 55 70 73
flapped 5 6 12 14 18 21 28 30 31 33 34 39 40 47 57 59 66 68 69 73 76 78
frangit 49
frangir 12
fraenis 49
fopling 55
folding 3 10 12 13 14 16 21 22 27 29 37 39 40 41 42 44 46 49 50 52 55 56 61 66 67 68 71 76 77 78 79 83 84 93 94
fortuna 49 53 73
fuchsia 56
fortune 2 4 6 7 8 9 10 11 12 13 14 15 16 18 19 20 21 22 23 26 27 28 29 30 31 32 34 35 36 37 38 39 40 41 42 43 44 45 46 49 50 51 52 53 54 55 56 60 61 65 66 68 69 70 71 72 73 74 75 76 77 78 79 80 81 82 83 84 85 89 90 91 92 93 94 95 98
fortuns 71
fortunx 49
ferment 10 39 41 51 55 60 77 78 94 97
fredric 87
forceth 26 88
forcest 26
forceps 21 55
frantic 4 10 12 13 14 19 20 21 23 26 27 29 37 39 40 41 44 46 47 48 49 51 55 56 65 67 69 71 72 74 75 76 77 78 79 81 84 85 88 90 94
fagajam 53
fitness 1 2 3 4 5 6 7 8 9 10 11 12 13 14 15 16 17 18 19 20 21 22 23 24 25 26 27 28 29 30 31 32 33 34 35 36 37 38 39 40 41 42 43 44 45 46 47 48 49 50 51 52 53 54 55 56 57 58 59 60 61 63 64 65 66 67 68 69 70 71 72 73 74 75 76 77 78 79 80 81 82 83 84 85 86 87 88 89 90 91 92 93 94 95 96 97 98 99 100
flyleaf 53 55 67
finxere 49
figuera 40
fondled 23 44 67 69 71
fondles 55 78
fairy’s 17 38 40 55 67 71
fervent 4 7 10 11 12 14 19 26 27 37 39 40 41 42 45 47 55 65 67 68 71 74 76 77 78 79 81 85 88 90 94
fimbria 49
franz’s 79
furrows 1 3 8 12 28 38 39 55 57 65 77 79 82 84 93
fairly. 38
fremunt 49
fruatur 49
fondest 12 16 20 26 27 39 49 50 55 72 73 75 78 79
fenward 20
fridays 12 28 55 56 77 78
figuier 12
fattore 79
falleth 9 26 39 45 81 98
fortius 49
fallere 49
fortior 49
forties 12 18 35 39 41 67 92
fagid’s 68
fortify 7 9 12 29 39 41 49 60 65 71 74 77 79 80 90 96
fetcher 72
fetches 16 19 40 70 72 78
fetched 6 9 10 11 12 14 16 22 26 27 28 31 34 37 38 39 40 45 48 49 51 53 55 57 60 65 66 68 69 70 71 72 76 77 78 79 80 82 85 88 93 99
focalia 49
feather 3 4 5 9 10 11 12 13 14 18 19 21 22 23 26 27 28 31 33 34 37 38 39 40 41 42 49 55 56 59 61 65 67 69 70 71 72 76 77 78 79 80 84 85 93 94
freddie 13
faciolo 53
funales 49
forteza 53
facinus 49
fallant 49
fallacy 39 45 65 71 77 80 84 89 95
fallait 12
facings 55 77
frosted 13 18 21 40 55 56 67 78
fruites 45
flagged 12 18 21 30 39 46 55 57 66 71 72 78 85
flagger 55
facilis 49 84
fulsome 26 43 55 73
facilem 49
fielden 58
furiosa 53
ferules 49
furious 1 3 4 5 6 9 10 12 13 14 20 22 23 26 27 28 29 31 33 34 37 38 39 40 41 42 43 44 45 46 48 49 50 51 52 53 54 55 56 60 65 67 68 69 71 72 73 74 75 76 77 78 79 80 84 88 90 92
furioso 49 65 77 98
furring 28
frances 5 55 72
fecking 55
france. 71
flayers 55
fanting 91
fantine 12
frictus 49
folders 85
foldeth 55
francs. 79
franche 12
francia 7 53 77
francis 7 12 20 21 23 31 39 45 49 51 53 55 67 71 77 78 79 83 98
fuegian 53
frank’s 16 21
faunman 55
frilled 39 71 78
furibus 49
fluctua 49
fluctus 49
flaying 22 39 49 69 72
fatally 5 6 12 17 20 21 26 28 39 40 49 74 76 81 90
firefly 64
fedosya 37 41
fortnut 71
faraway 6 18 20 29 39 55 56 94
firelit 10 48
flagons 9 27 43 55
fireman 12 27 31 55 71
firemen 12 21 28 68
fayette 79
flexion 40
fetlock 73 94
feminam 40 55
feature 4 10 11 12 13 14 16 18 19 21 22 26 27 28 29 30 32 34 37 39 40 41 44 46 47 48 49 54 55 56 63 65 68 69 71 72 73 74 76 77 78 79 80 81 84 85 89 90 92 93 94 96
frelock 73
follers 71
forbear 4 6 9 10 19 27 30 40 43 45 49 55 60 65 71 73 74 78 79 81 83 84 88 89 90 93 94
feasted 9 10 20 22 26 30 38 40 41 44 49 55 60 65 71 77 81 83 94 98
framing 10 18 39 49 51 56 66 72 80 89 97 98
farting 55
fanlike 23
filette 10
fallunt 49
farther 1 3 5 6 8 9 10 11 12 13 14 15 16 17 18 19 20 21 22 28 30 31 32 33 36 37 38 39 41 42 43 45 46 47 48 49 51 52 53 55 57 58 60 61 65 67 68 69 71 72 73 74 77 78 79 80 81 83 84 85 88 89 90 93 94 95 97 98 99
farthen 6
fancy’s 69
framers 88 97
firmely 45
flouted 80
firmest 11 12 27 40 49 60 65 74 77 78 90
freudig 51
forster 11 26
forbare 88
forbach 20
forbade 4 8 10 11 12 13 16 19 32 34 35 38 39 40 41 44 46 49 51 53 60 65 69 71 76 79 80 83 85 88 94 98
fiacres 12
flounce 14 33 55 56 65 71
foxrock 55
flutier 55
fluting 5
fancier 14 21 22 39 80
fancies 1 6 7 10 12 14 16 18 21 22 23 25 26 27 29 34 37 38 39 40 41 43 44 45 46 49 50 52 56 60 66 67 68 69 71 72 74 76 77 78 79 80 84 88 90 94 97 98
fancied 1 3 4 5 6 10 11 12 14 16 17 18 19 23 24 26 27 28 29 31 33 37 38 39 40 41 44 45 46 47 48 49 50 52 55 57 60 65 66 68 69 71 72 73 74 76 77 78 79 80 81 82 84 85 90 93 94
fagin’s 68
field’s 28 65
fchiaue 53
folly’s 19
fetch’d 65
forkful 55
fawners 14
flint’s 4 6 17 27 28
farblos 63
flutter 5 6 11 12 13 14 16 17 19 23 26 27 28 31 37 38 39 41 42 48 51 55 57 66 67 68 70 71 73 76 77 78 80 92 94 100
finnish 37 39 63 67
forbore 4 11 14 19 27 29 30 45 49 68 71 78 81 85
flybill 55
forking 40
fenders 14 67
follows 1 3 4 5 7 8 10 11 12 13 14 15 16 17 19 20 21 22 23 26 27 28 32 33 34 37 38 39 40 41 43 44 45 46 47 48 49 50 51 53 54 55 60 63 64 65 66 67 68 70 71 72 73 74 75 76 77 78 79 80 81 82 83 84 86 88 89 90 92 94 95 97 98
follow. 38
fadedly 78
forbids 4 15 18 32 33 39 40 45 46 49 65 72 73 78 80 89 92
farbige 63
follies 1 11 12 15 16 23 26 41 42 49 50 55 65 67 71 73 76 77 78 79 80 81 82 84 88 89 92 94
fampoux 12
fawning 6 14 22 37 41 42 49 55 71 72 73 76 82
falling 3 4 5 6 7 8 9 10 11 12 13 14 16 17 18 19 20 21 22 23 24 26 27 28 30 31 32 33 34 35 36 37 38 39 40 41 42 43 44 45 46 47 48 49 51 53 54 55 56 57 59 60 61 64 65 66 67 68 69 70 71 72 73 74 76 77 78 79 80 81 82 83 84 85 88 89 90 92 93 94 98 99
falcons 49 65
falconi 7
faciunt 49
fiaunce 9
finesse 16 39 43 51 55 76 79 84
flodden 56
fitment 77
frown’d 49 65
fuckers 44
filippo 7 23
finical 12 40 55
finibus 49
flopson 14
fateare 49
fregosa 49
filings 31 85 86
feceris 45
froward 9 45 49 77
folgier 83
foiling 1
fucking 44 55
fourths 12 27 39 40 49 51 53 55 69 71 73 76 78 79 80 82 89 92
farness 88
farnese 12
fourth. 71
fossano 49
flashes 6 10 12 14 20 23 26 27 28 29 36 37 39 40 48 49 55 56 57 60 65 66 70 71 73 74 76 78 79 84 85 88 90 92
flasher 55
flashed 3 4 5 6 10 12 13 14 17 21 22 23 26 27 29 30 32 37 38 39 40 41 42 44 46 47 48 51 55 56 57 58 66 67 68 69 71 72 74 76 77 78 79 84 85 90 93 94
filittj 53
fundunt 49
frondis 49
froeken 55
flopped 13 31 33 39 41 58 70
floppin 76
folgern 63
folgers 40
flasket 9
fareham 21
fanfani 7
farnaby 55
fulviam 49
fossils 12 40 47
fulvius 49
forfice 53
funding 91
faculty 10 12 13 18 23 26 27 28 29 31 32 37 39 41 45 46 49 51 55 56 57 65 68 71 72 73 74 76 77 78 79 80 84 85 88 89 90 91 92 95
faculta 49
finikin 77
footboy 71
foemina 49
footers 63
footed. 41
firhoff 39
forfend 9
forfeit 6 11 16 19 20 21 27 36 37 38 39 42 43 45 49 54 65 71 76 77 78 84 97
festing 22
festina 46
fluxion 55
festive 1 10 12 14 28 31 37 39 49 53 68 69 71 80 92 93 94
fithing 91
furlong 9 42 60 84
fumidus 49
fyactam 49
flogger 44 52
flogged 1 4 10 11 12 27 33 39 41 44 53 66 68 69 71 72 77 81
foaming 6 10 12 13 20 26 27 30 33 35 38 39 40 41 43 44 48 49 55 65 68 71 78 79 81 84
forenno 53
fundata 49
forward 1 4 5 6 7 8 9 10 11 12 13 14 15 16 17 18 19 20 21 22 23 25 26 27 28 29 30 31 32 33 34 35 36 37 38 39 40 41 42 43 44 45 46 47 48 49 50 51 52 53 54 55 56 57 58 59 60 61 65 66 67 68 69 70 71 72 73 74 75 76 77 78 79 80 82 83 84 85 86 87 88 89 90 91 92 93 94 95 96 97 98
flash’d 65
fraying 55 84
fugacem 49
faileth 9 45 88 99
fulmini 53
fulmine 49
fourder 91
fevered 10 12 29 41 68 71
forepaw 33
fornito 53
forniti 53
fornite 53
fornita 53
flynn’s 55
fornire 53
fructus 49
foameth 26
fibbing 37 41
foreign 2 5 6 7 10 12 13 14 15 18 21 22 23 26 27 28 31 35 37 38 39 40 41 42 43 44 45 46 48 49 50 51 55 56 57 62 65 66 67 68 69 71 72 73 74 76 77 78 79 80 83 84 85 86 88 89 90 92 93 94 96 97 98
foremen 13 39
foreman 4 13 21 31 32 39 41 42 46 55 71 76 78 86
filibeg 55
foreleg 39 55
focused 7 12 35 39 47
fabre’s 12
fatness 12 27 28 37 40 55 78 84 88 93 99
fambles 55
forever 4 5 6 7 8 11 12 13 14 16 17 18 20 21 27 28 29 30 31 32 33 35 36 39 43 51 52 53 54 56 58 61 65 66 67 68 69 70 76 79 83 84 85 91 94 99
fornova 49
feronia 65
forest. 38 77
forests 8 9 10 12 13 15 18 20 22 23 24 26 28 31 33 35 37 39 40 41 46 49 51 52 55 64 65 69 71 74 77 78 79 84 88 89 90 94
foresee 11 12 13 16 19 21 27 28 37 39 41 43 45 46 48 49 54 55 56 60 63 65 68 71 72 76 78 79 80 81 83 88 89 97
foresaw 4 11 12 14 16 19 21 22 27 31 37 39 41 43 44 49 55 57 60 68 71 74 76 77 79 80 81 82 83 88 90
fateful 10 13 23 26 30 31 35 37 39 41 46 51 56 65 69 85
flask’s 40
forerun 79
fluffed 33
fecenno 53
fourier 12 37 96
fregano 53
foretop 12 53 81
foretel 45 81
fourgon 49
flaring 12 13 14 19 21 23 33 34 37 39 42 43 47 55 68 76 78 84 93
fistful 18
farmers 2 10 12 13 14 27 28 34 35 40 43 45 46 48 49 51 52 55 56 61 66 68 70 73 77 78 79 83 91 93
falerni 49
further 1 2 3 4 5 6 7 8 9 10 11 12 13 14 15 16 17 18 19 20 21 22 23 24 25 26 27 28 29 30 31 32 33 34 35 36 37 38 39 40 41 42 43 44 45 46 47 48 49 50 51 52 53 54 55 56 57 58 59 60 61 63 64 65 66 67 68 69 70 71 72 73 74 75 76 77 78 79 80 81 82 83 84 85 86 87 88 89 90 91 92 93 94 95 96 97 98 99 100
furtivo 49
furtive 12 21 27 39 42 43 48 55 56 69 71 76
furtiva 49
formula 10 12 13 26 28 41 48 50 57 80 83 89 92
fatuous 22 26 42
foibles 19 39 40 51 68 94
flunkey 37 41
factory 10 12 13 21 27 28 32 34 39 48 51 53 55 70 78 86 94 96
factors 12 26 41 43 55 80 86 92
floored 13 27 70 71 78
flailed 40
feeders 40
feedeth 26 39 45 49 88
feedest 88
friend. 65 71 80
fromage 12 55
friends 1 2 3 4 5 6 7 8 9 10 11 12 13 14 15 16 17 18 19 20 21 22 23 25 26 27 28 29 30 31 32 33 34 35 37 38 39 40 41 42 43 44 45 46 47 48 49 50 51 52 53 54 55 56 57 58 59 60 61 65 66 67 68 69 70 71 72 73 74 75 76 77 78 79 80 81 82 83 84 85 87 88 89 90 91 92 93 94 95 97 98 99 100
fuerunt 28 49
fardens 14 76
fringed 6 10 21 23 27 28 30 31 40 42 49 55 56 69 74 76 79 84 85 90 92 94
fardels 70
fringes 27 33 47 55 72 77 91
fisting 4 66
fluency 1 10 12 27 32 49 65 83
feeding 2 5 10 13 14 16 17 19 22 23 27 28 29 32 33 34 37 38 39 40 41 45 46 47 48 49 50 52 55 57 59 60 65 68 70 71 72 73 77 79 80 81 84 85 86 88 92 94 97
fatuity 12 25 37 57 71
fromont 44
fashion 1 3 5 6 9 10 11 12 13 14 15 16 17 18 19 20 21 22 23 26 27 28 29 30 33 34 37 39 40 41 42 43 44 45 46 47 48 49 50 52 53 54 55 56 59 60 61 64 66 67 68 69 70 71 72 73 74 75 76 77 78 79 80 81 82 84 85 88 89 90 92 94 96 97
fulcrum 3 17 44 46 55
factito 88
faction 7 12 40 45 49 55 57 73 77 78 79 80 82 97
funchal 10
f.a.b.p 55
fiennes 44
faisait 10 41
fuerit. 49
fuerint 49 77
family. 14 21 71
familey 91
famille 22
forearm 6 12 21 43 55
fugiens 49 79
fenya’s 41
febrile 12 44
fragile 10 12 23 26 27 28 34 36 42 47 49 51 64 71 72 78 79 84 85 92
fragili 49
fulcire 49
formeth 45
formest 88
fernand 53 79
freezes 12 13 28 41 58
fanwise 39
fagbutt 55
fullest 7 11 12 15 16 19 20 26 28 37 40 41 43 44 49 51 60 65 68 69 77 78 79 80 81 84 89 92 94
fullers 40
fanny’s 4 19
feeling 1 3 4 5 6 7 10 11 12 13 14 15 16 17 18 19 21 22 23 25 26 27 28 29 30 31 32 33 34 35 36 37 38 39 40 41 42 43 44 45 46 47 48 49 50 51 54 55 56 57 58 59 60 61 63 65 66 67 68 69 70 71 72 73 74 75 76 77 78 79 80 81 83 84 85 87 88 89 90 91 92 93 94 95 97 100
finglas 55
fuerant 49
fordham 21
formats 1 2 3 4 5 6 7 8 9 10 11 12 13 14 15 16 17 18 19 20 21 22 23 24 25 26 27 28 29 30 31 32 33 34 35 36 37 38 39 40 41 42 43 44 45 46 47 48 49 50 51 52 53 54 55 56 57 58 59 60 61 63 64 65 66 67 68 69 70 71 72 73 74 75 76 77 78 79 80 81 82 83 84 85 86 87 88 89 90 91 92 93 94 95 96 97 98 99 100
formall 45
formale 63
fomitch 37 41
foxtrot 67
fulling 77
flight. 71
ferenti 55
furbish 10 94
fiend’s 40 72 74 85
fording 49
flighty 1 6 14 37 49 54 55 56 69 70 71 72 77 78 85 92
flights 5 12 18 26 27 28 29 37 40 41 49 53 55 56 57 61 65 68 71 72 76 77 78 79 88 90 94
fissure 10 12 40 43 55 79 84
fanning 3 18 32 33 39 40 42 55 68 70 71 94 100
feely’s 27
foisted 13 55 76
feuilly 12
fingunt 49
feuille 10
formosa 2 40 49 66
flipped 40 51 67 70
flipper 31 33
forming 10 11 12 13 14 15 16 19 21 27 28 29 30 36 37 39 40 41 42 45 46 47 48 49 50 51 52 53 55 63 65 68 71 72 73 76 77 78 79 80 83 84 85 88 89 92 94
formine 53
fiocina 53
fordone 9 55
farming 10 12 13 16 18 27 28 39 43 51 55 68 71 72 91 94
flooded 5 12 20 23 26 30 37 39 40 43 46 48 55 57 60 66 92
factual 67
frien’s 30
factter 91
