gi’n 27
gaea 8
gada 53
gaga 35
gage 55
gaff 40 55
gael 55
gaia 22
gail 12
gain 2 4 5 6 7 10 11 12 13 14 15 16 19 20 21 22 23 26 27 28 29 30 31 32 34 37 38 39 40 41 43 44 45 46 49 50 51 52 53 54 55 58 59 64 65 66 68 69 71 72 73 74 76 77 78 79 80 81 82 83 84 85 86 88 89 90 92 93 94 95 96 97 98 99 100
gags 23 78
gait 1 10 12 13 14 17 18 31 33 37 39 40 41 42 49 55 57 65 68 69 71 72 73 74 77 84 85 90 92 93
game 1 3 4 6 9 10 11 12 13 14 15 16 17 18 19 21 22 23 26 27 28 29 30 31 33 34 35 36 37 38 39 40 41 42 43 44 45 46 47 48 49 50 52 53 55 59 60 65 66 67 68 70 71 72 74 76 77 78 79 80 81 82 83 84 88 90 91 92 93 94
gamp 55 94
gals 4 27 46 69 70
gama 53
gale 10 12 13 21 22 28 32 33 38 40 46 48 49 55 57 60 65 71 73 74 77 78 79 81 84 85 90 91 93 94
gall 6 10 17 40 49 55 65 68 72 73 74 77 79 81 83 88 90
galo 53
gala 12 16 27 28 46 66 77 92
gaol 13 21 46 76 77 81 82
gant 62 98
ganz 37 63
gand 12 79
gane 91
gang 4 12 13 14 15 16 21 27 28 31 37 38 40 42 44 46 49 52 55 60 63 66 68 69 70 71 72 77 80 81 85
gann 55
gans 12
gamy 40
gaps 12 28 35 41 42 46 47 48 56 57 65 68 71 72 78 80 86 93
gape 10 19 23 26 29 31 37 40 49 65 66 68 69 71 77 78 94 98
gasp 5 6 10 13 14 29 30 31 33 37 39 40 41 43 46 49 50 55 56 57 60 69 70 71 72 78 84 92 94
gast 26
gary 98
gase 39
gash 13 21 22 27 31 39 40 44 46 49 57 68 71 79 84
garn 50 55
garo 33 53
gars 70
gart 9
gara 55
garb 4 10 12 13 18 20 26 28 32 41 46 49 53 55 66 68 71 72 74 75 76 77 78 79 85 88 90 92
garc 53 77
gard 46 79
gare 12 39
gaul 9 12 49 50 71 76 77
gaux 12
gatz 67
gaud 52 55 79
gaue 98
gato 12 53
gate 1 4 5 6 7 8 9 10 11 12 13 14 16 18 19 21 22 23 25 26 27 28 29 31 32 33 34 35 36 37 38 39 40 41 42 43 44 46 48 49 51 52 55 56 57 58 60 61 62 64 65 66 67 68 69 71 72 73 76 77 78 79 80 82 84 88 89 90 93 94 100
gati 53
gawm 46
gawa 66
gay. 71
gavr 39
gave 1 3 4 5 6 7 8 9 10 11 12 13 14 15 16 17 18 19 20 21 22 23 24 26 27 28 29 30 31 32 33 34 35 36 37 38 39 40 41 42 43 44 45 46 47 48 49 50 51 52 53 54 55 56 57 58 59 60 61 64 65 66 67 68 69 70 71 72 73 74 75 76 77 78 79 80 81 82 83 84 85 87 88 89 90 91 92 93 94 96 97 98 99 100
gaya 26
gaye 12
gaza 49
gaze 1 4 5 10 11 12 13 14 16 17 18 19 20 21 23 26 27 28 29 30 31 32 34 35 37 38 39 40 41 42 44 45 48 49 52 54 55 56 57 61 64 65 68 69 70 71 72 73 74 76 77 78 79 80 84 85 88 90 92 93 98
gebe 63
geat 20
gean 22 65
gear 9 12 20 21 22 26 30 44 46 48 55 77 80 81 85 86
gefr 20
gees 91
geht 63
gelo 49 53 65
gelt 91
gelu 49
gelb 63
geld 49 55 77 82
gell 49
gekn 63
geon 65
gens 49 63
gent 43 46 55 62 70 71 98
genu 49
gend 63
gene 53
gems 10 18 20 21 27 28 39 49 53 56 61 65 69 77 79 84 85
gess 91
gest 9 63
gert 55
gesc 20
get. 38
germ 5 10 12 13 23 26 28 47 65 77 79 80 84 85 92
gero 49
gerb 12
gets 4 5 6 7 10 11 12 13 14 16 17 18 21 22 23 25 26 27 28 31 33 34 35 36 37 38 39 40 41 42 44 45 46 47 48 49 50 51 53 55 56 57 58 59 60 61 63 67 68 69 70 71 72 73 75 76 77 78 79 80 81 84 85 89 92 93 94 95 97
geta 49
ghos 70
gibs 4
gibt 63
gibe 7 21 22 39 74 77 85 90
giar 53
gian 20 23
gide 49
gico 53
gift 5 7 8 9 10 11 12 13 14 15 17 18 19 20 21 22 26 27 28 29 31 32 33 35 37 38 39 40 41 42 44 45 46 47 49 50 51 53 54 55 56 61 62 64 65 66 67 68 70 71 72 73 74 77 78 79 80 81 82 83 85 88 89 90 92 94 98
gifs 94
gies 72
gier 65
gigs 6 19 28 32 93
gime 12 18 51 89
gill 6 28 40 53 81 83
gilp 20
gilt 6 9 10 12 21 23 28 29 31 36 39 40 41 42 49 53 55 56 63 67 68 77 79 91
gild 10 22 26 27 49 55 65 85
gins 4 39 51 67
gina 12 39 65
gine 91
gion 39 53 65
girt 6 9 10 21 22 39 41 42 43 49 65 72 73 77 80 84
gird 13 14 22 28 39 49 56 65 77
girl 1 2 3 4 5 7 10 11 12 13 14 16 17 18 19 21 22 23 24 25 26 27 28 29 31 32 34 35 36 37 38 39 40 41 42 43 44 46 48 49 50 51 52 53 54 55 56 57 59 61 62 65 66 67 68 69 70 71 72 73 74 75 76 77 78 79 80 81 82 83 84 85 87 88 90 92 93 94 99 100
girn 72
giun 53
gits 51 69 70 94
gitt 70 91
gist 39 41 55
give 1 2 3 4 5 6 7 8 9 10 11 12 13 14 15 16 17 18 19 20 21 22 23 24 25 26 27 28 29 30 31 32 33 34 35 36 37 38 39 40 41 42 43 44 45 46 47 48 49 50 51 52 53 54 55 56 57 58 59 60 61 62 63 64 65 66 67 68 69 70 71 72 73 74 75 76 77 78 79 80 81 82 83 84 85 86 87 88 89 90 91 92 93 94 95 96 97 98 99 100
glau 63
glaz 83
glac 18
glad 1 2 3 4 5 6 8 9 10 11 12 13 14 15 16 17 18 19 20 21 22 23 24 25 26 27 28 29 30 31 32 33 34 35 36 37 38 39 40 41 42 43 44 45 46 47 48 49 50 51 53 54 55 56 57 58 59 60 61 65 66 67 68 69 70 71 72 73 74 75 76 77 78 79 80 81 82 83 84 85 88 90 91 92 93 94 97 98 99 100
glee 6 10 13 16 17 20 24 28 37 38 39 40 41 43 46 54 55 57 65 68 71 72 77 78 84 93 100
glei 63
glen 9 10 11 28 34 40 52 55 72
glia 53
glib 55 76 78 79 92 97
glie 53
glim 6 40 68
glow 1 4 5 6 8 10 11 12 13 14 16 18 19 21 24 26 27 28 29 31 35 37 39 40 41 42 43 44 46 47 48 51 52 54 55 56 57 61 65 66 67 68 69 70 71 72 74 76 77 78 79 84 85 88 90 93 94
glqq 63
glue 13 28 40 42 49 55 57 61 62 88
glum 12 27 39 41 55
glut 12 49 65 68 74 90 98
gnat 12 26 32 38 49 55
gnaw 12 23 27 28 35 38 40 49 55 60 70 77 78 79
gnio 53
gnod 20
gnon 12
god. 39 41 79
goby 55
goal 6 7 8 12 13 26 28 35 37 39 40 41 48 51 55 57 64 65 69 72 77 79 80 81 92 94 98
goan 72
goat 6 8 12 13 22 26 27 28 31 35 38 39 40 43 45 49 53 55 60 65 77 78 79 92
goad 13 14 26 33 55 77 88
gods 8 10 12 13 15 18 20 22 23 24 26 28 33 34 35 39 40 41 44 45 49 51 55 60 64 65 66 71 73 74 77 78 79 80 82 88 89 90 92 94
goff 12 55
goer 20 26 33 42 66
goes 1 3 4 5 6 7 10 11 12 13 14 15 16 17 18 19 20 21 22 23 24 25 26 27 28 29 30 31 32 33 34 36 37 38 39 40 41 42 43 44 45 46 48 49 50 51 52 53 54 55 56 57 58 59 60 61 62 63 64 65 66 67 68 69 70 71 72 73 75 76 77 78 79 80 81 82 83 84 85 88 89 91 92 93 94 95 96 97 100
gois 53
goim 55
goin 5 13 18 27 34 40 46 48 57 67 70 71 76 94
goma 53
gold 1 4 5 6 7 8 9 10 12 13 14 15 16 17 18 19 20 21 22 23 24 26 27 28 29 30 31 32 33 34 35 36 37 38 39 40 41 42 43 44 45 46 47 48 49 50 51 52 53 54 55 56 57 59 60 61 64 65 66 67 68 69 70 71 72 73 74 75 76 77 78 79 80 81 82 83 84 85 88 90 91 92 93 94 97 98 100
golf 13 48 50 55 62 66 67
golo 53
gola 53
good 1 2 3 4 5 6 7 8 9 10 11 12 13 14 15 16 17 18 19 20 21 22 23 24 25 26 27 28 29 30 31 32 33 34 35 36 37 38 39 40 41 42 43 44 45 46 47 48 49 50 51 52 53 54 55 56 57 58 59 60 61 62 63 64 65 66 67 68 69 70 71 72 73 74 75 76 77 78 79 80 81 82 83 84 85 86 87 88 89 90 91 92 93 94 95 97 98 99 100
gong 4 21 28 33 53 55 66 78 79
gone 1 2 3 4 5 6 7 8 9 10 11 12 13 14 15 16 17 18 19 20 21 22 23 24 25 26 27 28 29 30 31 32 33 34 35 36 37 38 39 40 41 42 43 44 45 46 47 48 49 50 51 52 53 54 55 56 57 58 59 60 61 64 65 66 67 68 69 70 71 72 73 74 75 76 77 78 79 80 81 82 83 84 85 86 87 88 89 90 91 92 93 94 95 96 97 98 99 100
goms 91
goog 62
goot 13 39 94
gosa 55
gosh 28
got. 71 77
gorm 71
gort 55
gory 10 20 32 39 65 69 76
gore 4 9 10 14 20 22 32 33 38 40 41 49 65 68 76 84
gorg 80
goud 91
goue 91
gott 13 37 39 41 46 55 63 94
gosp 39
goss 91
gost 91
gown 1 5 9 10 11 12 14 16 17 18 19 21 23 27 28 37 38 39 40 41 43 44 46 48 49 50 55 56 61 65 66 67 68 70 71 72 76 77 78 79 82 83 85 92 93 94 100
goun 66
gous 91
gout 14 16 19 40 41 46 48 49 55 60 71 73 78 83
goza 53
gray 4 5 6 12 13 18 20 23 27 28 29 30 33 35 39 41 42 49 51 52 55 56 57 58 61 65 66 69 70 73 79 81 84 85 91 94 98
graf 55
gram 20 77 92
gran 4 31 49 53 91
gras 12 21 36 40
grat 72 91
grab 4 13 14 20 27 31 35 40 46 55 56 69 70
grac 98
grad 63
gren 12
grew 1 3 4 5 6 7 8 9 10 11 12 13 14 16 17 18 19 20 21 22 23 24 26 27 28 29 30 31 32 33 34 35 37 38 39 40 41 42 43 44 45 46 47 48 49 51 52 53 54 55 56 57 58 60 61 65 66 67 68 69 71 72 73 74 76 77 78 79 81 82 83 84 85 88 89 90 91 92 93 94 97 98 99 100
grey 1 3 6 8 10 14 16 17 19 21 22 23 24 26 28 31 34 37 38 40 42 43 44 46 47 48 49 50 54 55 57 59 60 65 66 67 68 70 71 72 74 75 76 77 78 80 82 83 84 90 92 93 100
gree 9 91
greg 45 52 87 90
grin 3 5 6 12 13 14 21 27 29 30 31 34 37 39 40 41 42 43 46 55 58 59 68 71 72 73 74 76 77 78 79 85 90 91 94
grip 6 9 10 12 13 14 17 20 21 22 26 30 31 34 37 39 40 43 44 46 47 48 50 55 68 69 71 72 76 77 78
gris 12
grit 14 21 27 30 46 56 57 69 70
grid 55
grig 55 78
grim 4 6 9 10 12 13 14 17 20 21 26 27 29 32 33 34 38 39 40 41 43 46 48 49 51 55 56 57 65 68 69 71 72 76 77 78 79 80 81 84 85 90 94
grot 55
grow 1 2 3 4 5 6 7 8 10 11 12 13 14 15 16 17 18 20 21 22 23 24 26 27 28 30 31 32 33 35 36 37 38 39 40 41 42 44 45 46 47 48 49 51 52 53 54 55 56 60 64 65 66 67 68 69 70 71 72 73 74 76 77 78 79 80 81 82 83 84 85 86 88 89 90 92 94 95 97 98 99
grog 4 6 14 40 42 46 55 71 93
gros 12 18 39 40 49 55 79
grqq 63
grub 12 26 28 30 40 55 68 69 70 78 83
gruz 39
grum 49 83
grup 46
guay 53
guai 39
guam 53
gude 71 78
guez 53
guet 79
guip 53
guis 12 49
guid 55
gulp 5 13 17 21 31 38 39 40 41 42 53 54 55 57 67 68 71 78 79
guly 55
gula 12 49
gulf 4 6 10 11 12 13 14 18 22 26 27 28 37 39 40 41 46 47 48 49 50 51 53 55 56 60 61 65 68 71 76 77 78 79 81 84 85 88 92
gull 12 14 22 23 28 33 40 43 49 55 56 79 94 98
gun. 72
guns 6 10 12 14 15 23 27 28 31 33 34 39 40 45 46 47 48 49 51 53 55 58 60 67 69 70 71 72 73 76 77 78 79 81 83 94 98 99
gunn 6 55 70
gums 9 12 13 23 33 40 42 46 49 53 55 68 73 78 81
guma 20
gurt 10
gurd 91
guts 9 13 55 67 73 77 83 99
gute 63
gush 10 12 14 21 26 40 44 49 55 59 65 66 69 72 74 78 79 84 85 90 93 94 98
gust 5 10 12 17 27 29 30 34 39 41 42 47 48 54 55 65 67 68 70 71 79 83 84 94
guys 70 79
gylp 20
gyld 20
gyrn 20
