gyges 65 79 80
gygae 65
gyped 67
gyrae 22
gypsy 14 39 41 46 50 56 94
ghapi 53
gyved 55
ghent 12 40
gywne 70
ghoul 10 12 55 72
ghost 1 4 5 6 9 10 12 13 14 18 21 22 26 27 29 30 31 33 34 38 39 40 41 42 43 45 46 47 48 49 50 51 52 54 55 56 65 66 67 68 69 70 71 72 73 76 77 78 79 80 81 83 84 85 88 90 91 92 93 94 95 98
gzhat 39
gibed 66
gibes 22 41 51
giant 5 6 9 10 12 13 14 18 20 21 26 27 28 30 33 34 37 38 40 41 43 46 48 49 52 53 55 61 64 65 67 68 69 71 73 74 76 77 78 79 80 84 85 88 90 93 94 96 100
gialo 53
giale 65
giato 53
giare 53
gidur 33
gin’s 39
giddy 3 6 10 12 14 18 19 26 27 33 37 39 40 41 44 47 49 55 65 69 71 72 77 78 79 84 93
gifts 4 6 7 8 9 10 12 14 16 18 20 22 26 27 28 31 32 35 37 38 39 40 41 43 44 45 46 48 49 51 53 55 56 64 65 69 70 71 72 76 77 78 79 80 81 83 84 85 88 92 94 98
gift. 79
grado 53
graea 65
grade 12 13 30 32 39 42 51 55 56 62 68 79 84 92 93
gradi 53
gradj 53
grabs 20 21 55
graca 53
grace 1 4 6 7 8 9 10 11 12 13 14 16 18 19 20 21 22 23 26 27 28 29 32 34 35 37 38 39 40 41 42 44 45 46 49 50 51 53 55 60 65 66 67 68 69 70 71 72 73 74 76 77 78 79 80 81 82 83 84 85 88 90 92 93 94 98 99
gigas 53
gient 91
graue 98
grata 49
grate 5 6 10 14 19 21 26 27 28 42 43 47 49 50 54 55 56 68 71 72 73 74 76 77 78 79 90 91 93 100
grato 49 53
gratz 1
grase 12
grasp 1 4 6 10 11 12 13 14 17 18 20 21 23 24 26 27 28 29 30 32 34 35 37 39 40 41 42 43 44 46 47 48 49 51 54 55 56 57 59 65 67 68 69 71 72 73 74 76 77 78 79 80 83 84 85 88 89 90 92 93 94 95 97
grass 1 3 4 5 6 9 10 12 13 14 17 18 19 21 22 23 24 26 27 28 29 30 31 33 34 35 37 38 39 40 41 42 43 44 46 47 48 49 51 52 53 55 56 58 60 61 62 64 65 66 67 68 69 70 71 72 73 74 76 77 78 79 81 83 84 85 88 90 91 93 94 97 100
grape 4 12 14 23 25 26 28 30 33 47 49 52 69 71 76 79 84
graps 91
grand 1 3 4 5 6 10 11 12 13 14 15 16 17 18 19 20 21 23 26 27 28 29 31 32 34 37 38 39 40 41 42 44 46 48 49 50 51 53 55 56 57 59 60 61 65 66 67 69 70 71 72 73 74 75 76 77 78 79 80 81 82 83 84 85 89 90 91 92 94 97 100
grane 91
grano 44 46 84
grant 2 3 4 6 7 8 9 10 12 13 14 16 20 22 27 35 37 38 39 40 41 44 45 46 47 49 51 53 54 55 56 58 59 60 61 65 66 71 72 73 74 76 77 78 79 80 81 82 83 84 85 88 90 91 92 94 97 98
grame 9
grams 86
grail 9 67 77
grain 6 10 11 12 13 14 21 22 26 27 28 29 31 32 33 34 37 38 39 40 41 44 45 49 51 53 55 58 60 61 65 67 68 69 70 71 72 73 76 77 78 79 80 83 84 85 86 92 94 95
gigni 49
graft 12 13 49 55
grafi 53
graze 9 12 22 24 27 33 34 40 55 65 72 73 77 79
grays 12 42 56 57 79
grave 1 2 3 4 5 6 7 9 10 11 12 13 14 16 18 19 20 21 22 23 24 26 27 28 29 31 32 33 34 37 38 39 40 41 42 43 44 45 46 47 49 50 51 52 54 55 56 57 60 64 65 66 67 68 69 70 71 72 73 74 75 76 77 78 79 80 81 82 83 84 85 88 89 90 91 93 94 96 98
gravi 49
gravy 3 4 14 27 52 53 55 71 78 93
greif 46 82
grein 20
grego 40 53
grege 53
gregg 48
greek 10 12 14 22 23 26 27 28 37 39 40 41 42 44 45 46 47 49 50 51 53 55 56 63 65 66 67 70 71 72 73 74 76 77 79 80 82 83 84 88 89 90 92 94 95
green 1 3 4 5 6 7 8 9 10 11 12 13 14 17 18 19 21 22 23 24 25 26 27 28 29 30 31 33 35 37 38 39 40 41 42 43 45 46 47 48 49 50 51 52 53 54 55 56 58 60 61 63 64 65 66 67 68 69 70 71 72 73 74 75 76 77 78 79 82 83 84 85 86 88 90 91 92 93 94 95 98 99 100
greer 51
grees 46
greet 8 9 10 13 17 20 21 22 26 28 34 37 39 41 42 46 51 55 65 66 68 71 72 79 80 85 88 93 94 98
greed 6 7 9 13 17 26 31 34 35 51 54 55 64 71
greci 49
greco 67
grece 49 65
greal 9
great 1 2 3 4 5 6 7 8 9 10 11 12 13 14 15 16 17 18 19 20 21 22 23 25 26 27 28 29 30 31 32 33 34 35 36 37 38 39 40 41 42 43 44 45 46 47 48 49 50 51 52 53 54 55 56 57 58 59 60 61 62 63 64 65 66 67 68 69 70 71 72 73 74 75 76 77 78 79 80 81 82 83 84 85 86 88 89 90 91 92 93 94 95 96 97 98 99 100
gread 63
gime. 12
gimme 69 70
gilds 55 65 77
gilda 67
giles 32 68 80 84
greys 10 48 57 71
greus 91
grete 38 59
grenz 63
gilty 91
gilly 100
gills 12 17 40 55 70 77 93
gridi 53
gridn 39
grido 53
grief 1 3 4 9 10 11 12 13 14 16 19 20 21 22 23 24 26 27 28 29 30 31 32 33 34 35 36 37 38 39 40 41 42 43 44 45 46 47 49 51 53 55 56 60 64 65 66 67 68 69 70 71 72 73 74 75 76 77 78 79 80 81 82 84 85 87 88 89 90 92 93 94 98 99
grice 21
gride 48
gioie 53
gioan 53
grits 56
grisi 79
grist 28 49 55 76
grips 12 26 43 50 55 77 78
giovi 44
gripe 10 40 49 55 65 85
grins 3 5 12 41 50 55 65 93
grion 20
giove 98
grims 46
grimy 10 14 17 18 23 31 34 37 41 42 48 55 68 76 78 94
grind 4 12 13 21 22 26 27 28 29 41 47 50 51 55 56 60 68 71 72 76 77 79 83 93 94
grime 18 21 37
grimm 38 55 61
grill 8 22 55
grike 55
grieg 18
grier 55
gines 77
ginov 53
ginko 66
gad’s 55 67
gipsy 10 16 21 43 46 57 71 72 77 78
girly 55
girls 1 2 3 4 5 10 11 12 13 14 16 17 18 19 21 22 23 24 26 27 28 29 32 35 37 38 39 40 41 42 44 46 48 49 50 51 52 53 55 56 57 59 61 65 66 67 68 69 70 71 72 73 75 76 77 78 79 82 83 88 92 93 94
girl. 71
girin 12
girds 22 40 51 65 77
gisch 63
girth 17 28 39 40 77
groom 12 13 19 21 23 27 29 33 38 39 40 43 49 55 71 73 78 79 93 94
grope 6 10 13 26 30 40 42 49 51 55 71 84 93
gront 91
groin 39 40 49 55 65
groed 91
groci 53
groan 4 6 10 12 14 17 21 22 23 24 27 29 31 37 39 40 41 43 45 46 49 51 52 55 56 58 61 65 66 67 68 69 70 71 72 73 74 75 76 78 79 81 84 85 88 90 94
groat 2 39 88
givin 5 27 51 70 94
giver 7 10 12 15 16 20 22 26 40 45 49 55 64 74 77 80 88 90 94
gives 5 6 7 8 9 10 11 12 13 14 15 16 18 19 20 21 22 23 24 26 27 28 29 32 33 34 35 36 37 38 39 40 41 43 44 45 46 47 49 50 51 53 54 55 56 57 60 61 63 64 65 66 67 68 69 70 71 72 73 74 75 76 77 78 79 80 81 82 83 84 85 86 87 88 89 90 91 92 93 94 95 97 98 99 100
given 1 2 3 4 5 6 7 8 9 10 11 12 13 14 15 16 17 18 19 20 21 22 23 24 25 26 27 28 29 30 31 32 33 34 35 36 37 38 39 40 41 42 43 44 45 46 47 48 49 50 51 52 53 54 55 56 57 58 59 60 61 62 63 64 65 66 67 68 69 70 71 72 73 74 75 76 77 78 79 80 81 82 83 84 85 86 87 88 89 90 91 92 93 94 95 96 97 98 99 100
give. 10
groya 53
grows 4 5 10 12 13 16 17 18 19 22 23 24 27 28 30 31 33 34 37 38 39 40 41 44 46 48 49 50 51 53 54 55 56 58 63 64 65 66 68 71 72 73 75 77 78 79 80 81 82 83 84 89 91 92 93 96 100
growl 3 6 12 14 22 24 26 27 28 30 33 40 46 54 55 57 61 66 68 71 78 93
grown 1 2 3 4 5 6 8 9 10 11 12 13 14 15 16 17 18 19 21 22 23 26 27 28 29 30 31 33 34 35 36 37 38 39 40 41 42 43 44 45 46 47 48 49 50 51 52 54 55 56 57 58 60 61 65 67 68 69 71 72 73 74 76 77 78 79 80 81 82 83 84 85 88 89 90 92 93 94 95 97 98
grove 1 6 10 11 12 14 16 18 21 22 24 27 28 31 34 35 38 39 40 42 44 49 50 51 52 55 56 60 64 65 71 76 77 79 81 91 93 94 98 100
groue 91
groun 70
group 1 2 3 4 5 6 7 8 9 10 11 12 13 14 15 16 17 18 19 20 21 22 23 24 25 26 27 28 29 30 31 32 33 34 35 36 37 38 39 40 41 42 43 44 45 46 47 48 49 50 51 52 53 54 55 56 57 58 59 60 61 63 64 65 66 67 68 69 70 71 72 73 74 75 76 77 78 79 80 81 82 83 84 85 86 87 88 89 90 91 92 93 94 95 96 97 98 99 100
gross 1 2 3 4 5 6 7 8 9 10 11 12 13 14 15 16 17 18 19 20 21 22 23 24 25 26 27 28 29 30 31 32 33 34 35 36 37 38 39 40 41 42 43 44 45 46 47 48 49 50 51 52 53 54 55 56 57 58 59 60 61 63 64 65 66 67 68 69 70 71 72 73 74 75 76 77 78 79 80 81 82 83 84 85 86 87 88 89 90 91 92 93 94 95 96 97 98 99 100
grote 65 80 89
grose 29 91
gittn 70
gal’s 4 18 27 66 68
grund 63
grunt 3 5 14 26 27 31 33 39 40 41 47 55 56 57 68 76 78 84 98
gabia 53
gabie 53
grtvg 20
gabby 55
gaban 77
gruff 4 10 12 14 21 27 39 40 42 55 59 67 68 71 72 74 76 78 84 90 93 94 100
gruel 10 16 28 39 55 68 72 83 93 94
gabri 79
grubs 1 14 56 77
gabon 12
gable 12 23 40 46 48 54 55 56 68 69 71 72 78 84 85
gaeta 7 77 82
gaddo 7
gadso 68
gagny 12
gahan 55
gryce 10
gaffs 40
gains 4 9 12 14 16 28 29 38 39 40 41 43 49 53 65 73 77 79 80 82 83 86 88 89 92 93 99
gaine 45
gaily 1 5 10 11 13 16 17 18 19 26 29 37 38 39 40 42 46 48 49 50 51 54 55 56 57 68 69 71 72 76 77 78 82 84 93 94
gails 12
gain. 21 41 77
galls 33 40 77
gally 45 49 53
galle 55
galla 49
galis 9
gales 6 10 12 13 19 21 27 28 33 40 57 65 74 81 88 90
galen 49 65 98
galba 49
gale. 79
gamut 76
gangs 13 14 27 33 34 39 40 51 70 72 86
ganis 9
galte 53
galop 79
gamme 23
gamma 80
gamin 12
games 3 5 7 9 10 12 13 14 16 17 18 22 26 28 30 33 35 39 41 42 44 45 48 49 55 56 65 67 71 76 77 78 80 83 88 89 92 93 94 100
gamey 55
gamed 9 14
gamba 53
gambe 53
game. 41
gaped 9 11 12 18 21 29 31 39 40 55 58 69 82
gapas 53
gapin 5
gapes 78 80
ganze 39 63
ganta 53
gansy 55
ganst 91
gaols 76 77
garde 9 49 79
garba 53
garat 12
garci 77
garbs 30 39
garth 46 55 65
garry 55
gates 5 6 7 9 10 11 12 13 14 16 19 21 22 23 24 25 26 27 29 32 33 37 38 39 40 41 42 43 44 45 46 47 48 49 51 52 55 56 57 60 61 64 65 68 70 71 72 73 74 76 77 78 79 80 81 84 85 88 90 93 98 100
gated 28
gatch 12
gatti 53
gases 40 46 48 55 78
gassy 55
gasps 20 29 34 37 39 40 41 46 50 55 70 71 78
gavin 55
gavel 13 55
gavan 42
gaunt 10 12 13 18 21 23 28 30 34 39 40 42 43 44 46 47 48 49 51 52 54 55 56 57 61 65 68 71 72 74 76 77 78 84 90
gauls 12 31 49
gaugy 68
gauge 6 13 28 31 32 34 39 51 55 67 69 81
gaudy 11 13 18 23 26 27 37 42 47 49 51 55 65 66 67 68 69 70 77 78 79 84
gauzy 10 31 39 78 94
gauze 5 12 18 23 27 39 41 44 51 55 57 61 72 76 77 79 84 100
gauri 53
gayer 6 11 27 40 71 82 94
gawky 37 55 69
gawds 55
gayly 12 14 18 27 41 69 79 85 94
gazer 10 38 40 80
gazes 10 12 13 18 27 40 41 55 64 74 77 78 90 92
gazed 1 4 5 10 12 13 14 17 18 20 21 22 23 26 27 28 29 34 35 37 38 39 40 41 42 43 44 46 48 51 54 55 56 57 61 65 66 67 68 69 70 71 72 73 74 77 78 79 80 84 85 90 93 100
gazae 49
g.a.r 13
glade 1 6 12 13 17 21 39 40 44 55 64 65 77 79
glaci 12
glads 65
glad. 31 71
glare 1 6 10 12 13 14 18 21 22 23 27 29 31 32 40 42 43 46 47 48 49 52 55 57 61 65 66 67 68 69 70 71 72 75 76 78 79 80 84 85 94
glass 1 3 4 5 6 7 8 10 11 12 13 14 16 17 18 19 21 23 26 27 28 29 31 33 34 35 36 37 38 39 40 41 42 43 44 46 47 48 49 50 51 52 53 54 55 56 57 59 60 61 62 65 66 67 68 69 70 71 72 73 75 76 77 78 79 81 82 83 84 85 86 88 90 91 93 94 98 99 100
gland 12 44 55 79
glans 44
glaze 78
glens 40 55 56 72 74 77 90
gleig 40
glees 28 55 72
gleet 55
gleam 1 4 5 6 8 10 12 13 14 17 18 20 21 22 23 26 27 28 31 34 37 39 40 41 43 46 47 48 51 52 56 57 65 67 68 69 71 72 76 77 78 79 84 85 88
glean 10 46 49 55 65 68
glebe 19 65
gualu 53
guava 71
guast 49
guard 3 4 5 6 7 8 9 10 11 12 13 14 16 17 18 19 20 21 22 23 24 26 27 28 29 30 31 32 33 34 35 37 38 39 40 41 42 43 44 45 46 48 49 51 53 55 57 58 60 61 64 65 67 68 69 70 71 72 73 76 77 78 79 80 81 82 83 84 85 89 91 92 93 94 95 97 98
guano 12
gling 20
glint 6 18 21 31 34 39 55
gun’l 79
gun’s 12 39
glied 63
glich 63
glide 1 4 10 12 13 18 22 27 28 31 39 40 43 44 49 51 54 57 65 67 70 71 74 78 79 88 90
guess 1 3 4 5 6 8 10 11 12 13 14 16 17 18 19 21 22 23 25 26 27 28 29 31 33 34 36 37 38 39 40 41 42 43 44 46 47 48 49 53 54 55 56 57 58 60 61 65 66 67 68 70 71 72 73 74 76 77 78 79 80 81 84 85 87 88 90 91 92 93 94 98
guest 1 6 9 10 11 12 13 14 16 18 19 20 22 23 26 28 35 37 38 39 41 42 43 44 46 49 51 54 55 56 59 62 64 65 66 67 68 71 72 73 74 75 76 77 78 79 83 84 85 90 92 94
guera 53
guery 53
guenn 12
gueux 12
gugia 53
gugie 53
guffy 78
guiza 53
guize 53
guise 9 10 12 20 28 39 40 41 42 49 51 55 68 74 77 79 83 85 90 92 94
glows 12 26 28 40 41 49 51 55 65 78 85 88 92
glove 6 9 10 11 12 13 14 18 20 21 23 27 38 39 42 44 55 63 67 71 76 77 78 79 84 85 92 94
guion 34
gloss 10 12 14 21 29 30 33 40 41 43 49 55 56 76 77 78 79 94 98
guilt 3 8 10 11 12 14 15 16 19 21 22 26 27 28 29 34 35 37 39 40 41 43 45 46 49 51 54 60 65 66 68 69 71 73 74 76 77 78 79 80 81 84 85 88 89 90 94 97 98
gloub 91
gloat 1 39 41 85
globo 53
globe 3 9 10 12 13 14 15 21 23 26 28 32 37 39 40 45 46 48 53 55 65 71 73 74 77 78 79 80 81 82 83 84 90 93 95 96 98
guild 22 80 96
guile 9 18 22 26 28 39 44 68 69 74 77 81 84 90
guilp 72
glory 1 4 6 7 8 10 11 12 13 14 15 16 18 20 22 26 27 28 31 32 35 37 39 40 41 42 44 45 46 49 51 55 56 61 64 65 66 67 68 69 70 71 72 73 74 76 77 78 79 80 81 82 84 85 88 89 90 91 92 93 94 99
glori 28
gloom 1 5 10 11 12 14 16 17 18 19 20 21 22 23 26 27 29 31 32 38 39 40 41 42 43 44 46 50 51 52 54 55 57 61 65 67 68 69 71 72 74 76 77 78 79 81 84 85 90 92 93 94
guift 45
guidi 7
guido 7 40 49 55 79
guida 53
guide 1 4 6 7 10 11 12 13 14 15 16 17 18 19 20 21 22 23 26 27 28 34 36 38 39 40 41 43 44 45 46 49 51 53 55 60 61 64 65 67 68 69 71 72 73 74 75 76 77 78 79 80 81 82 83 84 85 88 89 90 92 94 95 97 98 99
glodd 14
gulax 12
gulps 14 17 37 55
gulls 8 17 22 33 49 53 55 56 67 79 94
gully 6 39 69 70
gulfs 12 40 55 65 78 79
gulfy 65
gules 49 55 70 79 85
gulch 17
gunny 28
gunga 33
gumbo 4
gummy 55 66 86
guppy 78
glued 12 26 39 40 44 49 55 57 61 66 93
gluey 55
gluts 49 55 65
gurls 55
gurdy 12
gurry 40
glynn 42 55
gusto 27 39 44 46 54 55 72
gusts 5 10 12 13 14 22 29 47 48 49 57 60 65 67 71 76 79 85
gusty 10 18 23 47 72 78 84 85
guyon 12 92
guyot 12
guzla 79
gmund 20
gel’s 50
gen’l 27
geats 20
geary 55
gears 67 86
geben 39 63
geese 6 9 12 13 14 21 22 26 28 38 40 41 42 49 52 53 55 65 70 71 73 77 78 83 93 94
geeta 28
gnade 63
geist 41
gehen 63
gnaws 12 39 41 43 56
gnats 12 26 30 47 76 78 94
gnarl 72
gnash 12 49 55 65 72 92
gwace 39
gemma 49
gende 20 63
genes 45
genau 63
genam 20
genae 49
gelid 49 55
georg 49 65 95
gnier 12
gents 46 55 66
gente 53
genus 28 40 45 49 53 55 65 79
genug 39
genov 53
genoa 7 12 26 39 44 49 55 77 79 81 94
genil 77
genii 10 12 21 68 71 79 84 92 93
genio 84
genie 61 71 78 79 92
genga 12
geogr 53
gweat 39
germs 7 10 12 13 17 18 28 31 36 39 40 48 55 65 71 80
gerit 49
geris 49
geray 91
gestr 20
gestu 49
gesso 7
getan 63
gerty 55
gerus 49
gesch 63
gwine 4 27 51 69
gnome 10 27 55
getup 55
gwief 39
gwown 39
god’s 1 4 6 9 10 11 12 13 14 18 19 21 22 23 25 26 27 28 29 31 32 34 37 38 39 40 41 42 43 44 48 49 51 53 54 55 56 59 60 64 65 66 67 68 69 71 72 74 76 77 79 84 85
goast 91
goaty 77
goats 6 12 17 22 26 27 32 33 38 39 40 49 53 55 60 65 67 73 77 78 79 80 81 94
goat. 38
gwyne 70
gwynn 55 70
goals 1 2 3 4 5 6 7 8 9 10 11 12 13 14 15 16 17 18 19 20 21 22 23 24 25 26 27 28 29 30 31 32 33 34 35 36 37 38 39 40 41 42 43 44 45 46 47 48 49 50 51 52 53 54 55 56 57 58 59 60 61 63 64 65 66 67 68 69 70 71 72 73 74 75 76 77 78 79 80 81 82 83 84 85 86 87 88 89 90 91 92 93 94 95 96 97 98 99 100
goads 13 14 55 78 80 88
godby 19
gods. 41
godly 26 27 35 40 45 51 55 80 81 83 85 88 98
godno 43
goffe 28
goest 7 9 26 33 40 77 88
goerz 55
goeth 9 12 26 39 45 48 78 88
goes. 38 51
goers 26 71 76
gohei 66
gohst 91
gogol 37 41 92
going 1 3 4 5 6 7 8 9 10 11 12 13 14 15 16 17 18 19 20 21 22 23 24 25 26 27 28 29 30 31 32 33 34 35 36 37 38 39 40 41 42 43 44 45 46 47 48 49 50 51 52 53 54 55 56 57 58 59 60 61 62 63 65 66 67 68 69 70 71 72 73 74 75 76 77 78 79 80 81 82 83 84 85 87 88 89 90 91 92 93 94 95 96 97 98 99 100
goire 12
golly 55
golia 53
golfo 53
golds 23
gomez 53 55 77
gomes 45 53
gomen 66
gold. 10 18 71
gonov 39
gonne 55
gonio 53
gonie 53
gooid 72
goody 12 28 29 66 69 70 92
goods 2 5 9 12 13 14 15 17 18 22 23 26 27 28 30 31 32 34 37 38 39 40 41 42 45 46 48 49 51 53 55 56 57 60 62 68 71 72 73 76 77 78 79 80 81 82 83 85 86 88 89 91 92 94 95 96 97 98
good. 12 14 21 26 69 71 79 80 84 100
gongs 13 33 42 53
gondo 53
gonde 82
goney 40
goner 55 69 70
gone. 6 21 38 41 71 79
goose 3 4 12 13 16 21 22 25 26 27 28 30 37 38 39 40 41 42 49 51 53 55 56 58 69 70 71 72 73 76 77 78 81 85 93 94 100
goori 71
goold 72
gorse 5 43 48 55
gorry 28
gorre 9
goroo 71
gorfo 53
gorge 10 12 24 28 30 32 33 34 39 40 46 55 71 77 79 84 91
gorda 49
gorey 55
gores 40 55
gored 12 13 40 65
gotza 46
gouty 12 40 49 55 78 85
gouts 34 46 55
goute 91
goust 91
gourd 12 31 53 70 77 79 81
gould 55
gouin 42
gough 55
gouge 40 72
gosts 91
goths 7 48 49 77 80
gowin 50
gower 75
gowan 97
gowns 11 12 17 18 19 24 27 37 39 40 52 55 61 67 70 71 77 78 79 94
gowne 98
gownd 4 78
gown. 38
govem 97
goyal 43
gozzo 49
gozzi 12
