ha 1 4 5 9 10 14 16 18 21 24 26 27 31 32 33 34 37 38 39 40 41 42 43 46 48 49 50 53 55 56 57 58 60 66 68 70 71 72 76 77 78 79 82 84 85 93 94 98
he 1 2 3 4 5 6 7 8 9 10 11 12 13 14 15 16 17 18 19 20 21 22 23 24 25 26 27 28 29 30 31 32 33 34 35 36 37 38 39 40 41 42 43 44 45 46 47 48 49 50 51 52 53 54 55 56 57 58 59 60 61 63 64 65 66 67 68 69 70 71 72 73 74 75 76 77 78 79 80 81 82 83 84 85 86 87 88 89 90 91 92 93 94 95 96 97 98 99 100
hi 6 12 13 27 30 33 37 38 39 41 44 49 53 55 69 70 76 78
hl 39 63
hm 3 33 36 37 39 41 42 53 54 55 67 70
hn 20
ho 6 9 12 13 17 19 27 30 33 37 38 39 40 42 45 46 50 53 55 58 62 63 66 68 71 72 76 77 78 79 84 93 94 98
hr 20 55 63
hu 12 26 49 55 77
hw 20
hy 55 63 79
