h’m 31 33 37 41
h.g 50
h.j 54
h.s 81
h.w 20
h2o 55
ha. 56
hab 4 27
had 1 3 4 5 6 7 8 9 10 11 12 13 14 15 16 17 18 19 20 21 22 23 24 25 26 27 28 29 30 31 32 33 34 35 36 37 38 39 40 41 42 43 44 45 46 47 48 49 50 51 52 53 54 55 56 57 58 59 60 61 63 64 65 66 67 68 69 70 71 72 73 74 75 76 77 78 79 80 81 82 83 84 85 86 87 88 89 90 91 92 93 94 95 96 97 98 99 100
hac 49 97
haf 13 94
hae 71 72
hah 14 27 33 40 55 68 71 76 78
hag 4 10 27 37 40 55 68 72 78 85 98
hai 33 53 55
hal 12 30
hak 55
han 55 70
ham 4 5 6 10 11 12 13 19 27 32 38 39 40 41 42 48 49 50 52 55 66 68 69 70 71 72 77 78 79 82
hap 9 12 20 40 46 48 49 55 63 71 81 85 88
har 27 40 91 94
hat 1 3 4 5 6 7 10 11 12 13 14 16 17 18 19 21 23 27 28 29 31 32 33 34 36 37 38 39 40 41 42 43 45 46 48 49 50 51 52 53 54 55 56 57 59 60 61 62 63 66 67 68 69 70 71 72 73 75 76 77 78 79 81 83 85 91 93 94 99 100
has 1 2 3 4 5 6 7 8 9 10 11 12 13 14 15 16 17 18 19 20 21 22 23 24 25 26 27 28 29 30 31 32 33 34 35 36 37 38 39 40 41 42 43 44 45 46 47 48 49 50 51 52 53 54 55 56 57 58 59 60 61 62 63 64 65 66 67 68 69 70 71 72 73 74 75 76 77 78 79 80 81 82 83 84 85 86 87 88 89 90 91 92 93 94 95 96 97 98 99 100
hau 53
haw 27 30 50 55 70
hay 10 12 13 14 16 21 27 28 31 32 33 37 38 39 40 41 42 45 46 48 49 51 52 55 56 68 71 72 73 74 76 77 78 79 83 88 90 94 98
he. 38 71
hcl 46
heb 45
hed 50 53 55 72
hee 40 45 55
heh 21 33
hei 66
hel 45 61 66 70
hek 55
hen 12 13 26 28 37 38 39 40 41 45 49 55 56 58 61 63 66 67 68 77 79 84 94 97
hem 10 12 14 18 27 37 39 40 41 53 55 68 71 76 78 79 82 84 94
her 1 2 3 4 5 6 7 8 9 10 11 12 13 14 15 16 17 18 19 20 21 22 23 24 25 26 27 28 29 30 31 32 33 34 35 36 37 38 39 40 41 42 43 44 45 46 47 48 49 50 51 52 53 54 55 56 57 58 59 60 61 63 64 65 66 67 68 69 70 71 72 73 74 75 76 77 78 79 80 81 82 83 84 85 87 88 89 90 91 92 93 94 97 98 99 100
hes 53 55 73 80 94
hev 27 72 94
heu 49 72
hew 9 10 12 17 38 39 60 64 65 76 77
hey 1 12 13 14 17 18 22 27 30 37 39 40 41 55 56 62 66 67 68 69 70 71 72 76 77 78 84 93 94 98
hid 1 3 4 5 6 8 9 10 12 13 14 16 17 20 21 22 23 24 26 27 28 30 32 33 34 37 38 39 40 41 42 43 44 45 46 47 48 49 52 53 54 55 56 57 58 60 61 65 66 68 69 70 71 72 73 74 76 77 78 79 81 82 83 84 85 88 90 91 93 94 98
hic 12 13 28 45 49 84
hie 9 20 22 24 26 38 40 49 55 65 91
hig 55
hil 61
hik 55
hin 63
him 1 2 3 4 5 6 7 8 9 10 11 12 13 14 15 16 17 18 19 20 21 22 23 24 25 26 27 28 29 30 31 32 33 34 35 36 37 38 39 40 41 42 43 44 45 46 47 48 49 50 51 52 53 54 55 56 57 58 59 60 61 63 64 65 66 67 68 69 70 71 72 73 74 75 76 77 78 79 80 81 82 83 84 85 86 87 88 89 90 91 92 93 94 95 96 97 98 99 100
hip 6 12 13 22 30 31 40 42 43 44 49 55 56 65 67 71 78 79
hio 27
hit 3 4 6 7 9 10 12 13 14 16 17 19 21 22 23 26 27 28 31 33 34 35 36 37 38 39 40 41 42 43 44 46 48 49 50 53 55 56 59 60 61 62 63 66 67 68 69 70 71 72 73 76 77 78 79 80 81 82 83 84 85 92 94 98 100
his 1 2 3 4 5 6 7 8 9 10 11 12 13 14 15 16 17 18 19 20 21 22 23 24 25 26 27 28 29 30 31 32 33 34 35 36 37 38 39 40 41 42 43 44 45 46 47 48 49 50 51 52 53 54 55 56 57 58 59 60 61 62 63 64 65 66 67 68 69 70 71 72 73 74 75 76 77 78 79 80 81 82 83 84 85 86 87 88 89 90 91 92 93 94 95 96 97 98 99 100
hiw 91
hle 51
hlt 63
hob 10 14 38 40 42 55 68 71 72 76 78 93 94
hoa 66
hod 12 60 94
hoc 7 12 45 49 55 77 97
hof 37
hoe 5 12 18 27 28 32 33 38 40 51 55 66
hoh 12 42 55
hog 9 12 13 28 33 44 49 50 53 55 67 70 81 83 98 99
hoi 53 55
hol 12 61
hok 55
hon 4 19 27 28 44 46 55 62 71 75 81
hom 12 28 65
hop 5 12 16 19 25 28 38 39 40 41 42 50 55 56 58 69 70 71 73 79 83 91 94
hoo 28 40 50 55 84
hor 49 55 68 71
hot 1 2 3 4 5 6 7 8 9 10 11 12 13 14 16 17 18 19 20 21 22 23 26 27 28 29 30 31 32 33 34 35 36 37 38 39 40 41 42 43 44 45 46 47 48 49 50 51 52 53 54 55 56 57 59 60 61 62 65 66 67 68 69 70 71 72 73 74 76 77 78 79 80 81 82 83 84 85 86 88 90 91 92 93 94 95 98 99 100
hos 12 49
hou 12 53
how 1 2 3 4 5 6 7 8 9 10 11 12 13 14 15 16 17 18 19 20 21 22 23 24 25 26 27 28 29 30 31 32 33 34 35 36 37 38 39 40 41 42 43 44 45 46 47 48 49 50 51 52 53 54 55 56 57 58 59 60 61 62 63 64 65 66 67 68 69 70 71 72 73 74 75 76 77 78 79 80 81 82 83 84 85 86 87 88 89 90 91 92 93 94 95 96 97 98 99 100
hoy 39 55 81 100
hra 20
hre 63
hrt 51 63
hsh 33
hst 39
hte 20
hub 12 55 70
huc 49 98
hue 4 5 9 10 12 13 14 16 19 22 27 28 40 42 43 44 46 48 49 54 55 56 65 66 67 68 70 72 73 74 76 78 79 80 84 85 90 94
huh 67
hug 4 11 12 14 22 25 26 32 33 35 37 38 40 41 44 46 49 55 69 70 71 72 73 78 80 93 94
hui 53
huk 55
hun 20 46
hum 10 12 13 14 16 18 19 21 24 27 28 30 33 34 39 40 41 42 43 47 48 51 52 54 55 56 66 67 69 70 71 76 78 79 84 94
hup 13 14 46
hur 39 56 91
hut 4 12 14 17 18 22 28 31 32 33 35 38 39 41 43 48 49 51 60 65 66 70 74 76 77 78 79 80 81 83 90 93
huy 53
hyg 55
