ha’s 40
he’s 3 4 5 6 10 12 13 14 17 18 21 23 25 27 28 29 30 31 33 34 35 37 38 39 40 41 42 43 47 48 49 50 51 54 55 56 59 61 67 68 69 71 72 75 76 77 79 84
he’d 3 5 6 13 14 18 21 24 27 34 37 39 40 41 42 50 52 55 56 59 67 68 69 71 72 76 77 79
hi’s 68
habe 49 63
haag 67
hadi 53
hack 4 11 13 17 22 27 28 37 38 39 49 55 63 68 77 79
had. 71
hafa 20
haec 49 97 98
hadn 46 57 58 70 78 93 94
haha 55
hags 12 28 40 68 85
haft 6 53 55
hafu 20
haja 55
hair 1 3 4 5 6 7 8 9 10 11 12 13 14 16 17 18 19 20 21 22 23 24 25 26 27 28 29 30 31 32 33 34 35 36 37 38 39 40 41 42 43 44 46 47 48 49 50 51 52 53 54 55 56 57 59 60 61 62 64 65 66 67 68 69 70 71 72 73 74 75 76 77 78 79 80 81 82 83 84 85 86 88 90 91 92 93 94 95 99 100
haie 12
hail 6 7 12 13 14 20 22 26 27 31 32 33 37 39 40 41 42 46 47 48 49 51 54 55 57 60 65 66 68 69 70 71 73 74 76 77 78 79 80 81 83 88 90 92 93 94 99 100
haim 14 53
hain 70
hale 9 14 26 43 53 55 57 71 72 83 84 85 88 94
half 1 2 3 4 5 6 7 8 9 10 11 12 13 14 15 16 17 18 19 20 21 22 23 25 26 27 28 29 30 31 32 33 34 35 36 37 38 39 40 41 42 43 44 46 47 48 49 50 51 52 53 54 55 56 57 58 59 60 61 62 63 64 65 66 67 68 69 70 71 72 73 74 75 76 77 78 79 80 81 82 83 84 85 86 88 89 90 91 92 93 94 95 96 97 98 99 100
hall 1 3 4 5 6 8 9 10 11 12 13 14 16 18 19 20 21 23 25 27 28 29 32 33 34 36 37 38 39 40 41 42 43 44 46 47 48 49 50 51 52 53 54 55 56 57 59 61 62 65 66 67 68 70 71 72 73 74 76 77 78 79 81 82 83 84 85 87 90 91 93 94 98 100
halo 12 14 17 27 28 31 39 42 55 66 74 76 78 85 90 94 96
halp 9 55
hake 55
ham. 71
hang 1 5 6 9 10 11 12 13 14 16 18 19 20 21 22 23 26 27 28 29 30 31 33 34 35 36 37 38 39 40 41 42 44 45 46 48 49 51 52 53 55 56 57 59 60 62 63 65 66 68 69 70 71 72 73 75 76 77 78 79 84 85 88 91 92 94 97 99
hank 55 70
hano 53
hans 4 30 38 46 51 52 53 55 83 92 94 100
hant 91
hana 66
hanc 12 49
hand 1 3 4 5 6 7 8 9 10 11 12 13 14 15 16 17 18 19 20 21 22 23 24 25 26 27 28 29 30 31 32 33 34 35 36 37 38 39 40 41 42 43 44 45 46 47 48 49 50 51 52 53 54 55 56 57 58 59 60 61 62 63 64 65 66 67 68 69 70 71 72 73 74 75 76 77 78 79 80 81 82 83 84 85 86 87 88 89 90 91 92 93 94 95 96 97 98 99 100
hame 53
hami 53
hamm 6
hamo 53
hams 13 40 44 49 55 66 67 69 73 78 83
halt 6 12 13 14 22 26 30 33 34 37 39 40 41 43 44 46 49 55 59 66 67 68 70 72 77 78 79 80 81 92
hama 20 66
haps 49
hany 14
hari 53
hark 6 14 26 27 28 33 38 39 40 43 46 51 54 55 60 65 68 69 70 71 72 76 77 78 79 84 88 92 93 94 98
harm 1 3 4 5 6 7 9 10 11 12 13 14 16 17 18 19 20 21 22 23 24 26 27 28 30 31 32 33 34 35 36 37 38 39 40 41 42 43 44 45 46 48 49 50 51 53 54 55 56 58 59 60 61 65 66 67 68 69 70 71 72 73 74 76 77 78 79 80 81 82 85 88 89 90 93 94 95 97
harp 9 10 11 12 14 16 19 20 26 27 28 39 40 41 42 44 45 49 55 64 65 66 69 70 71 73 77 78 80 84 85 91 93 94 98 100
hars 27
hart 1 2 3 4 5 6 7 8 9 10 11 12 13 14 15 16 17 18 19 20 21 22 23 24 25 26 27 28 29 30 31 32 33 34 35 36 37 38 39 40 41 42 43 44 45 46 47 48 49 50 51 52 53 54 55 56 57 58 59 60 61 63 64 65 66 67 68 69 70 71 72 73 74 75 76 77 78 79 80 81 82 83 84 85 86 87 88 89 90 91 92 93 94 95 96 97 98 99 100
hara 81
hard 1 3 4 5 6 7 8 9 10 11 12 13 14 16 17 18 19 20 21 22 23 25 26 27 28 29 30 31 32 33 34 35 36 37 38 39 40 41 42 43 44 45 46 47 48 49 50 51 52 53 54 55 56 57 58 59 60 61 62 64 65 66 67 68 69 70 71 72 73 74 75 76 77 78 79 80 81 82 83 84 85 86 88 89 90 91 92 93 94 95 96 97 98 99 100
hare 3 12 14 21 23 28 37 38 39 40 41 49 55 60 65 70 71 74 76 77 88 90 91 97
has. 38
hats 4 10 12 13 14 17 18 21 23 27 30 31 36 37 39 40 42 46 48 50 51 53 55 56 59 60 61 66 67 68 70 71 76 78 79 81 83 85 91 93 94 99
hate 1 3 4 5 7 9 10 11 12 13 14 15 16 17 18 19 20 21 22 23 25 26 27 28 29 31 32 33 35 37 38 39 40 41 44 45 46 48 49 50 51 53 54 55 56 57 58 60 65 66 67 68 69 71 72 73 74 75 76 77 78 79 80 81 82 83 84 85 87 88 90 92 94 99 100
hath 2 9 13 15 20 22 24 26 27 28 33 37 38 39 40 41 43 45 49 51 53 55 60 65 69 73 77 81 83 84 85 88 91 92 94 97 98 99 100
hasn 46 57 58 70 78 93 94
hasp 21 27 55 84
hast 7 9 12 15 20 22 23 26 27 28 33 37 38 39 40 41 44 45 49 51 55 60 65 74 76 77 79 80 82 83 84 85 88 90 92 93 97 98 99
hash 6 22 37 55 67 70 77 91 94
havr 12
have 1 2 3 4 5 6 7 8 9 10 11 12 13 14 15 16 17 18 19 20 21 22 23 24 25 26 27 28 29 30 31 32 33 34 35 36 37 38 39 40 41 42 43 44 45 46 47 48 49 50 51 52 53 54 55 56 57 58 59 60 61 62 63 64 65 66 67 68 69 70 71 72 73 74 75 76 77 78 79 80 81 82 83 84 85 86 87 88 89 90 91 92 93 94 95 96 97 98 99 100
haul 6 13 18 28 31 33 39 40 47 49 51 53 60 65 68 69 70 73 77 79 81
haus 51
haut 9 12
haud 49 55
haue 53 98
haug 80
haxo 12
haws 10
hawk 6 9 21 22 23 28 33 34 38 39 40 42 47 49 51 58 60 77 78
hazy 5 6 13 19 26 28 34 40 43 47 48 60 67 72 73 78
haze 5 6 10 12 14 21 27 28 31 34 39 40 42 43 47 48 55 57 67 71 77 85
hays 69
haya 66
hayd 79
haye 11 12 55 91
hayo 66
hm’m 31
ho’s 40
heat 4 6 9 10 12 13 14 16 18 19 20 22 23 24 26 27 28 30 31 32 33 35 37 38 39 40 41 42 44 45 46 47 48 49 50 51 53 55 56 57 58 60 61 64 65 67 68 69 70 71 72 73 74 76 77 78 79 80 81 82 84 85 86 88 89 90 93 94 95 97 99
head 1 2 3 4 5 6 7 8 9 10 11 12 13 14 15 16 17 18 19 20 21 22 23 24 25 26 27 28 29 30 31 32 33 34 35 36 37 38 39 40 41 42 43 44 45 46 47 48 49 50 51 52 53 54 55 56 57 58 59 60 61 62 63 64 65 66 67 68 69 70 71 72 73 74 75 76 77 78 79 80 81 82 83 84 85 86 88 89 90 91 92 93 94 95 96 97 98 99 100
heah 39 51 55 70
heal 4 7 9 10 11 12 13 14 16 20 22 26 27 35 39 41 45 46 49 65 71 74 77 78 80 85 88 90 94 99
heap 3 5 6 9 10 12 13 14 16 17 20 21 22 23 27 28 31 33 34 36 37 38 39 40 41 43 44 46 47 48 49 50 51 55 56 60 61 65 66 67 68 69 70 71 72 73 76 77 78 79 80 82 83 85 93 94 97 98 100
hear 1 2 3 4 5 6 7 8 9 10 11 12 13 14 15 16 17 18 19 20 21 22 23 24 25 26 27 28 29 30 31 32 33 34 35 36 37 38 39 40 41 42 43 44 45 46 47 48 49 50 51 52 53 54 55 56 57 58 59 60 61 62 63 64 65 66 67 68 69 70 71 72 73 74 75 76 77 78 79 80 81 82 83 84 85 86 87 88 89 90 91 92 93 94 95 96 97 98 99 100
hebe 22 28 53 65 79 94
hebi 53
heel 4 6 10 12 13 14 17 18 21 22 23 26 27 28 32 33 38 39 40 41 43 46 47 48 50 52 53 54 55 56 57 60 61 65 66 68 69 70 71 77 78 79 83 84 94 98
heem 30
heep 71
heer 52 71
heed 4 6 8 9 12 13 14 18 21 22 26 27 30 35 36 38 39 40 42 45 46 48 49 53 55 56 58 65 66 68 71 72 74 76 77 78 79 80 81 85 88 90 93 100
hegg 71
heft 20 27
heim 13
heir 4 7 8 9 10 12 13 14 16 19 20 22 26 28 38 39 40 41 43 44 45 46 47 49 51 54 55 56 60 65 71 72 73 77 78 79 80 84 91 93 94 97
heit 63
held 1 3 4 5 6 7 8 9 10 11 12 13 14 15 16 17 18 19 20 21 22 23 26 27 28 29 30 31 32 33 34 35 37 38 39 40 41 42 43 44 45 46 47 48 49 50 51 52 53 54 55 56 57 58 59 60 61 63 64 65 66 67 68 69 70 71 72 73 74 76 77 78 79 80 81 82 83 84 85 88 89 90 91 93 94 95 97 98 99 100
hell 1 4 7 9 10 12 13 20 22 23 24 26 27 28 30 32 35 37 39 40 41 42 43 44 45 46 48 49 51 53 54 55 57 59 65 66 67 68 69 70 72 74 76 77 79 80 81 82 83 84 88 89 90 91 92 98 99
helm 6 9 20 22 26 28 29 31 40 45 46 49 55 60 64 65 73 77 79 80 81 83 91 92 94
hend 72
hemp 12 15 27 28 40 41 53 73 77 79 99
hems 16 40 42
help 1 2 3 4 5 6 7 8 9 10 11 12 13 14 15 16 17 18 19 20 21 22 23 24 25 26 27 28 29 30 31 32 33 34 35 36 37 38 39 40 41 42 43 44 45 46 47 48 49 50 51 52 53 54 55 56 57 58 59 60 61 62 63 64 65 66 67 68 69 70 71 72 73 74 75 76 77 78 79 80 81 82 83 84 85 86 87 88 89 90 91 92 93 94 95 96 97 98 99 100
hely 55
her. 1 5 10 11 14 16 22 37 38 39 41 44 71 76 77 79 80
hens 12 19 26 27 28 31 34 41 44 49 55 56 58 77 82 94
here 1 3 4 5 6 7 8 9 10 11 12 13 14 15 16 17 18 19 20 21 22 23 24 25 26 27 28 29 30 31 32 33 34 35 36 37 38 39 40 41 42 43 44 45 46 47 48 49 50 51 52 53 54 55 56 57 58 59 60 61 62 63 64 65 66 67 68 69 70 71 72 73 74 75 76 77 78 79 80 81 82 83 84 85 87 88 89 90 91 92 93 94 95 96 97 98 99 100
heri 49
hern 27 63 70
hero 6 7 10 12 13 14 16 19 20 22 23 26 27 28 33 38 39 40 41 42 46 49 50 52 55 57 65 66 68 69 70 71 72 74 77 78 79 80 81 82 84 89 90 92 94
herr 13 39 40 46 55 63
hers 1 3 4 5 9 10 11 12 13 14 16 17 18 19 21 22 23 27 28 29 31 35 37 39 41 42 43 44 45 46 47 49 50 51 55 56 57 58 65 66 67 68 69 70 71 72 73 74 76 77 78 79 80 83 84 85 88 89 90 94 99
hera 49
herb 4 9 12 14 22 26 28 33 39 41 46 49 53 55 65 74 77 79 80 85 88 90
herd 9 10 12 13 15 21 22 26 28 30 33 34 35 38 39 40 41 49 55 60 65 68 72 73 74 76 77 80 84 85 90 92 93 97
hete 9
hest 55 98
herz 55
heva 55
hewn 9 10 12 22 28 39 51 55 65 71 73 79 82 85
hews 10 12 49 55 77
heyr 45
heya 33
hhhn 55
hhnm 73
hick 38 67 70
hied 9 10 20 22 44 55
hier 53 63 91
hies 40
hide 3 4 5 6 8 9 11 12 13 14 17 18 20 21 22 23 24 26 27 28 29 30 31 32 33 35 36 37 38 39 40 41 42 43 44 45 46 47 48 49 54 55 56 57 58 59 60 64 65 66 67 68 69 70 71 72 73 74 76 77 78 79 81 85 88 90 92 93 94 98 100
high 1 3 4 5 6 7 8 9 10 11 12 13 14 15 16 17 18 19 20 21 22 23 24 25 26 27 28 29 30 31 32 33 34 35 36 37 38 39 40 41 42 43 44 45 46 47 48 49 50 51 52 53 54 55 56 57 58 59 60 61 64 65 66 67 68 69 70 71 72 73 74 75 76 77 78 79 80 81 82 83 84 85 86 88 89 90 91 92 93 94 95 96 97 98 99 100
hige 20
him. 6 12 14 18 22 31 37 38 40 41 44 71 72 74 76 77 79 80
hike 30
hinc 49
hind 2 10 12 14 16 22 26 27 30 31 33 34 38 39 40 41 49 55 58 60 65 68 69 70 71 73 77 78 79 83 85
hill 5 6 7 9 10 11 12 13 14 15 16 17 18 19 20 21 22 23 24 26 27 28 30 31 32 33 34 35 37 38 39 40 42 43 44 45 46 47 48 49 50 51 52 53 54 55 56 57 58 60 61 64 65 66 67 68 69 70 71 72 73 74 76 77 78 79 80 81 82 84 85 90 91 92 94 98 99 100
hilt 6 9 12 20 22 39 44 46 47 49 52 55 65 69 73 76 77 79 82 100
hint 3 5 6 10 11 12 13 14 16 19 21 22 26 27 28 29 30 31 35 36 37 39 40 41 44 46 47 48 49 50 51 55 56 57 60 61 65 66 67 68 69 70 71 72 73 76 77 78 79 80 81 84 85 88 92 93 94
hira 33 65
hire 4 10 11 12 13 26 27 28 31 32 42 45 49 50 55 56 57 66 67 70 71 73 74 76 77 78 79 80 81 83 90 94
hiri 53
hit. 38
his. 80
hipp 66
hips 5 10 12 30 35 37 39 42 44 55 67 70 71 72 76 78 87
hith 14
hito 66
hiss 3 6 10 12 21 22 33 39 40 43 46 48 49 59 65 84 92 94
hist 27 40 43 48 49 53 55 65 68 69 78 85
hish 40
hisn 53 55
hive 12 22 28 31 33 34 39 42 48 49 65 69 70 72 77 79 80
hiut 62
hits 27 33 36 39 40 49 77 78 80 94 98
hler 63
hlen 51 63
hlte 63
hmmm 55
hmph 33
hnea 73
hnen 63
hnhn 55
hnte 63
hnuy 73
hoar 6 9 10 12 20 22 24 39 40 65 71 88 93 99
hoax 21 47 55 79
hoce 20
hoch 39 55
hock 23 55
hobo 13
hoes 32 38 66 70 81
hoed 28
hogs 13 22 28 40 49 51 55 60 69 70 73 88
hogu 12
hogg 91
hogi 53
hogo 55
hofs 39
hoid 65
hoii 53
hoij 53
hoik 55
hoho 55
hoky 40 55
hola 55
hold 1 2 3 4 5 6 7 8 9 10 11 12 13 14 15 16 17 18 19 20 21 22 23 24 25 26 27 28 29 30 31 32 33 34 35 36 37 38 39 40 41 42 43 44 45 46 47 48 49 50 51 52 53 54 55 56 57 58 59 60 61 62 63 64 65 66 67 68 69 70 71 72 73 74 75 76 77 78 79 80 81 82 83 84 85 86 87 88 89 90 91 92 93 94 95 96 97 98 99 100
hone 40
homj 53
homo 12 26 45 49 53 55 92 98
holy 4 5 7 8 9 10 12 14 18 20 22 23 24 26 27 28 29 31 32 33 34 35 37 39 40 41 42 43 44 45 46 49 53 55 56 60 64 65 66 69 70 73 74 76 77 78 79 80 81 82 83 84 85 88 90 91 92 94 96 98 99
homa 15
home 1 2 3 4 5 6 7 8 9 10 11 12 13 14 15 16 17 18 19 20 21 22 23 24 25 26 27 28 29 30 31 32 33 34 35 36 37 38 39 40 41 42 43 44 45 46 47 48 49 50 51 52 53 54 55 56 57 58 59 60 61 62 64 65 66 67 68 69 70 71 72 73 74 75 76 77 78 79 80 81 82 83 84 85 88 89 90 91 92 93 94 95 96 97 98 99 100
hole 3 4 5 6 8 9 12 13 14 17 21 22 23 27 28 29 30 31 32 33 34 37 38 39 40 41 43 44 45 46 48 49 50 51 53 55 58 60 61 66 68 69 70 71 72 73 76 77 78 79 80 81 83 84 85 86 90 92 93 94 96 100
holi 53 69
holl 53 91
holm 10 20 100
holp 9
holt 20 69 70 83
hope 1 2 3 4 5 6 7 8 9 10 11 12 13 14 15 16 17 18 19 20 21 22 23 24 25 26 27 28 29 30 31 32 33 34 35 36 37 38 39 40 41 42 43 44 45 46 47 48 49 50 51 52 53 54 55 56 57 58 59 60 61 63 64 65 66 67 68 69 70 71 72 73 74 75 76 77 78 79 80 81 82 83 84 85 86 87 88 89 90 91 92 93 94 95 96 97 98 99 100
hook 12 14 17 21 22 26 27 28 31 32 33 34 37 38 39 40 49 52 53 55 60 64 68 69 70 72 73 76 77 78 80 83 87 88 94 97
hool 91
hoop 17 40 53 55 57 69 70 71 73 78 93
hoot 12 14 33 34 40 55 83
hood 1 4 5 6 12 16 18 21 23 27 33 37 38 39 41 46 48 49 55 56 69 77 78 93 94 99 100
hoof 5 10 13 27 37 39 40 48 55 62 68 71 73 84
hong 62 78
honk 28
hora 49 53 98
hord 20
hore 53
hopk 55
hops 5 55 60 71 77
hoss 13 27 69 70
host 1 5 9 10 12 13 14 15 16 20 21 22 23 26 27 28 31 35 37 38 39 40 41 42 43 44 45 46 47 48 49 51 52 54 55 63 64 65 66 67 68 71 72 74 76 77 78 79 80 81 83 84 85 88 90 91 94 95 98
hose 10 12 13 23 26 40 51 55 77 94
hot. 12
horn 4 6 9 10 12 14 20 22 23 24 26 27 28 31 32 33 34 37 38 39 40 41 42 46 49 51 53 55 60 62 65 66 67 68 70 71 76 77 78 79 81 83 84 85 91 93 94
horo 53
hors 20 39 49 67 79 91
hove 40 69 70 81 94
houn 70
hour 1 3 4 5 6 8 9 10 11 12 13 14 16 17 18 19 20 21 22 23 24 25 26 27 28 29 30 31 32 33 34 35 36 37 38 39 40 41 42 43 44 45 46 47 48 49 50 51 52 53 54 55 56 57 58 59 60 61 64 65 66 67 68 69 70 71 72 73 74 75 76 77 78 79 80 81 82 83 84 85 87 88 90 92 93 94 95 96 98 99
hous 91
hout 14 46
houe 53 91
houk 91
how. 38
hows 16 92
howe 81
howl 1 10 12 13 20 21 24 26 27 28 29 30 31 33 38 39 40 41 43 46 48 53 58 60 65 68 69 70 71 72 73 74 77 78 80 84 90 99
hown 14
hray 55
hren 63
hrim 55
hrte 63
hrss 55
html 15 22 23 34 50 68 74
http 6 9 22 24 27 29 30 33 34 52 53 56 57 58 63 64 66 71 78 82 83 84 86 88 89 90 91 92 95 97 98 99
huah 33
huck 69 70
hubs 12 13 39
hues 10 13 20 28 40 54 55 56 68 71 73 78 79 84
hued 12 20 26 40 55 56 84 85
hugo 12 43 55 92 94
hugs 20 28 37 49 70 71 79 94
huge 5 6 7 9 10 12 13 18 20 21 22 23 26 27 28 29 30 33 35 37 38 39 40 41 42 43 44 46 47 48 49 50 51 52 53 55 56 57 60 61 62 63 65 66 67 68 71 72 73 74 76 77 78 79 80 82 84 85 88 90 98 100
hugh 18 21 28 32 49 55 81 83 100
hufa 55
huff 40 49 69 77 94
huit 12 55
huic 49 97
hukm 33
hump 23 26 38 40 46 53 55 68 70 85 94
hums 55 78
hume 42 55 83 89 92 95
hull 6 12 17 27 31 35 40 46 47 53 60 70 71 73 80 83 84
hulk 6 14 31 57 78
huon 49
hunt 1 4 5 6 9 10 12 13 14 17 19 21 22 26 27 28 31 33 38 39 40 41 42 43 46 48 49 51 53 55 56 57 58 60 64 68 69 70 71 73 74 77 78 79 80 81 85 90 92 94
huns 23 46 48
hund 70
hunc 49 97
hung 1 3 4 5 6 7 8 9 10 12 13 14 16 17 18 19 20 21 22 23 26 27 28 29 30 31 33 34 35 37 38 39 40 41 42 43 44 46 47 48 49 50 51 52 53 54 55 56 57 58 59 60 61 65 66 67 68 69 70 71 72 73 74 76 77 78 79 80 81 82 84 85 88 90 91 93 94 98 99 100
hunk 14 41 55 68 70
hush 3 5 10 12 13 14 16 17 18 19 21 22 23 24 26 27 28 29 31 32 33 36 37 38 39 40 41 42 43 46 47 51 52 55 57 61 65 66 67 68 69 71 72 76 77 78 79 85 94 98
husk 10 47 49 53 60 77 89 99
huss 12
hurl 10 12 20 22 26 40 43 55 65 68 72 77 79 84
hurt 1 3 4 5 6 7 9 10 11 12 13 14 15 16 17 18 19 20 21 22 23 25 26 27 28 29 30 31 32 33 34 35 37 38 39 40 41 42 43 44 45 46 48 49 50 51 54 55 56 57 58 59 60 61 62 65 67 68 69 70 71 72 73 74 75 76 77 78 79 80 81 83 88 89 90 91 94 97 98 99 100
huuh 55
huts 4 5 12 27 28 31 33 39 41 43 51 56 66 68 73 74 76 77 78 81 90
hval 40
hwal 40
hwit 83
hyar 13
hyde 13 14 21 28 44 46 48 50 54 68 71 78 94
hygd 20
hymn 1 4 8 10 12 13 22 23 26 27 28 32 34 39 40 41 51 55 65 66 69 70 71 78 80 88 94
hyle 65
hypo 40
hyro 69
h’lo 55
h’sh 33
