hoping 2 3 4 5 7 10 11 12 13 14 15 16 17 18 19 21 22 26 27 28 32 33 37 39 40 41 42 44 46 49 52 53 54 55 56 58 59 60 66 67 68 69 70 71 72 73 74 76 77 78 79 80 81 83 85 88 90 92 94 99
hermit 9 10 12 20 23 28 35 37 39 40 41 49 55 64 69 71 72 77 84
heisse 63
heisst 63
herman 35 40 55 73
hermes 22 23 55 65
hermel 9
heires 45
hopkin 81
head’s 3 24 39 40 41
hopeth 45
hopes. 56 74
hyemes 49
hoped. 79
hereto 53
heresy 7 12 26 41 46 49 54 55 56 73 76 88 89 93
herein 9 28 40 44 45 49 51 55 63 76 80 81 84 85 88 94 97
hereon 88
hereof 40 45 55 81 82 83 88
hereat 88
hereby 9 13 40 41 43 45 49 55 77 78 81 83 85 88 97 99
hyenas 46 55
hasn’t 3 4 5 6 12 13 14 17 18 23 27 31 35 36 37 39 40 41 42 48 55 56 67 68 69 71 72 77
heinel 38
huffed 21 55
herbas 49
herawd 9
heraus 63
hogged 70
herald 3 4 9 10 13 21 22 26 28 42 45 49 53 55 56 65 68 78 80 81 91 92
heigho 27 55
height 1 3 4 5 6 7 9 10 11 12 13 14 16 17 18 19 20 21 22 25 26 27 28 29 30 32 33 34 35 37 38 39 40 41 42 43 44 45 46 48 49 51 52 53 55 56 57 60 63 64 65 67 68 69 71 72 73 74 76 77 78 79 80 81 82 83 84 85 88 90 91 92 94 98
heracl 80
heir’s 49
heir’d 65
hero’s 27 39 41 65 77
herded 10 13 33 40 65 67
here56 65
hercle 12
harvey 23 55 70
heifer 12 22 49 55 65 77
hugh’s 32
herzog 12 55
habeto 49
habete 49
haberi 49
habere 49
hspace 62 63
habebo 49
habeas 55 81
habeat 40 49
habeam 49
habent 49
habena 49
habell 14
heav’n 65
hircus 49
heap’d 65
headed 4 6 10 11 12 13 14 16 18 19 20 21 22 24 26 27 28 30 31 32 33 34 35 37 39 40 41 43 46 48 49 51 52 53 55 56 57 58 60 61 66 67 68 69 70 71 72 76 77 78 79 80 81 84 85 90 92 94 98
header 40 63
hervor 10
hasped 72
hervis 9
haste. 38
hasted 10 27 65
hasten 4 8 10 11 12 13 16 20 22 26 27 28 37 38 39 41 44 46 49 51 64 65 66 72 73 74 77 79 81 84 85 86 88 90
hastes 65
habana 12
hastie 54
hastam 49
hastas 49
hassam 49
hassan 49 77
hassen 79
had’ve 42
hake’s 40
heal’d 65
hersel 5 55
herren 46
herrin 46
herons 28 40
heroes 10 12 13 17 20 22 23 26 28 33 39 40 41 42 45 49 50 55 65 69 70 71 73 74 77 79 80 81 82 89 90 94 97
herods 45
heroic 10 12 13 20 21 27 28 30 37 38 39 40 41 44 46 49 53 55 56 65 66 68 69 71 74 77 79 80 82 85 89 90 94
heroid 49
hlunnh 73
hernia 49
hernan 53
hermus 49 65 80
hopped 5 10 20 34 38 40 48 55 61 69 70 71 73 78 94 100
hopper 4 13 32 70
hnlich 63
harm’s 33 40 41 55 68 71 76
harass 10 12 20 28 29 41 71 72 76 77 79 80 83 86 88 97
hair’d 65
hair’s 5 6 14 31 39 41 48 65 71 77
hipped 44 71
hardly 1 3 4 5 6 10 11 12 13 14 16 17 18 19 20 21 22 23 25 26 27 28 30 31 32 33 34 35 36 37 38 39 40 41 42 43 44 45 46 47 48 49 50 51 54 55 56 57 58 59 60 61 63 65 66 67 68 69 70 71 72 73 74 75 76 77 78 79 80 82 83 84 85 89 90 92 93 94 95 97 99 100
hooing 70
hardar 91
harden 10 13 23 26 27 37 44 45 49 55 60 68 70 73 74 81 85 86 89 90 94 98
harder 1 5 6 9 10 12 13 14 15 18 20 22 26 27 28 29 30 32 33 34 35 37 39 40 41 42 44 45 46 49 51 53 54 56 58 59 60 61 66 67 68 69 71 73 74 77 78 79 80 84 85 86 88 90 91 92 94 100
hardes 49
harbor 4 18 27 28 40 52 53 56 70 79 83 85 94
haidar 53
hain’t 6 34 40 69
hiphip 55
hoodoo 18
hoodle 78
hooded 8 12 23 33 40 42 55 77 93
hail’d 65
higman 81
hook’s 17
hoffer 14
hydden 53
hare’s 39 40 49 60 77 79
hydati 65
humunu 53
highty 94
highly 1 2 4 5 7 10 11 12 13 14 15 16 18 19 20 21 22 23 26 27 29 30 32 35 36 37 39 40 41 42 43 44 45 47 48 49 50 51 52 53 54 55 59 65 66 67 68 71 72 73 74 75 76 77 78 79 80 81 83 84 85 86 88 89 90 91 92 93 94 95 97 98
higher 4 5 6 7 8 9 10 11 12 13 14 16 17 18 19 21 22 23 25 26 27 28 29 30 31 32 33 34 35 36 37 38 39 40 41 42 43 44 45 46 47 48 49 51 53 55 56 57 60 61 63 64 65 66 67 68 69 70 71 72 73 74 75 76 77 78 79 80 83 84 85 86 88 89 90 92 93 94 95 96 97 99 100
hoof’d 65
hoof’s 39
here’s 5 6 11 12 13 14 16 17 18 21 27 28 33 34 37 39 40 41 42 44 48 49 50 55 56 60 66 67 68 69 71 72 76 77 79
harrys 94
harrow 14 21 48 50 56 60 70 71 94
harris 19 21 27 32 40 46 51 55 56
herd’s 26
hunted 4 6 7 12 13 14 15 18 19 21 23 26 27 28 30 32 33 34 36 37 39 40 46 48 49 51 54 55 56 57 58 64 65 67 69 70 74 76 77 78 79 81 90
hunter 4 6 12 14 18 21 26 27 28 30 33 34 35 38 39 40 41 43 46 49 53 55 58 64 65 68 72 78 79 83 84 94
huntin 4 5 46
haruko 66
hoxton 23 48 50
huevos 55
hartey 91
hope’s 34
hooted 14 18 26 33 56 78
harney 70
hoosac 51
harmon 13 56 57
harman 55
harmed 10 12 20 35 38 39 40 46 49 59 61 72 77 80 88
harmer 20
harmes 45
harped 9 55 72
harper 9 13 28 69 70
haroun 55 79 84
harold 40 65 78 90
hooped 10 39 40 53 60 73 77 92
hooper 55 69
hunker 42
hart’s 9 43
hungry 3 4 5 6 7 8 10 12 13 14 16 17 18 21 22 23 24 26 27 28 30 31 32 33 37 38 39 40 41 42 44 46 47 48 49 51 52 55 56 57 58 59 60 61 64 65 66 67 68 69 70 71 72 73 74 75 76 77 78 79 80 81 82 83 85 88 90 93 94 95 98 99 100
hoorer 28
hoorah 71
harlot 10 23 26 37 40 41 55 80
hooray 5 55 70 76
hymnes 45
haired 1 6 10 12 13 18 20 21 22 27 30 31 33 34 37 38 39 40 41 42 43 44 46 47 48 51 54 55 56 65 66 67 68 69 71 72 73 76 77 78 93 94 100
harlay 79
harlem 84
harley 9 12 19 21 23 29
harlet 12
harkov 37 41
harked 30 46
harkee 55
harker 46
hunt’s 27
hoopsa 55
hoopla 55
hoxets 91
hydras 12
hailed 6 9 10 12 13 14 17 20 21 22 23 30 32 33 34 39 40 43 46 48 55 56 57 64 68 69 70 71 72 73 74 76 77 79 81 84 90 94
hailer 55
hooked 4 13 14 17 23 28 31 37 39 40 41 42 49 55 58 67 69 73 77 78 79 80 94
hooker 70 97
hookey 69 70 71
hookah 3
hydros 55
huelva 53
harem. 34
hydrus 40
harems 34 40
harp’s 65
hunger 4 5 8 9 10 12 13 14 15 22 23 24 26 27 28 30 31 32 33 34 35 37 38 39 40 41 42 45 46 47 48 49 51 53 55 59 60 64 65 68 69 71 72 73 74 76 77 78 79 80 81 82 88 89 90 92 94 95 99 100
hardon 55
hippos 31
haines 15 23 50 55 68 74
hainau 55
haukes 53
halpin 42
horse. 38
horror 1 6 8 10 11 12 13 14 15 16 17 19 20 21 23 25 26 27 29 30 31 32 33 34 35 36 37 38 39 40 41 43 44 46 47 48 49 52 54 55 56 57 60 61 65 66 68 69 71 72 73 74 75 76 77 78 79 80 81 82 83 84 85 88 89 90 92 93 94
horrid 2 4 5 6 11 12 13 16 17 19 20 21 22 23 25 27 28 29 31 32 33 36 37 38 39 40 41 44 46 49 54 55 56 60 65 66 68 69 72 74 75 77 78 79 80 81 82 83 84 85 90 91 94
halsed 9
horrai 53
hauled 6 10 13 14 20 28 30 31 33 37 40 41 44 46 49 53 55 56 57 60 66 68 70 71 73 76 77 81 82 83
hyppes 53
haught 55
hissed 6 12 13 17 22 23 33 38 39 40 41 48 49 59 67 68 77 79 81 82 84
hisses 23 41 55 65 77 80
hissel 5
hetman 46
halloa 14 22 27 40 43 54 68 71 76 78 93
halloo 4 6 27 32 34 40 52 60 80 93
hallow 42 83 88 92
hallam 49 65 77
halled 51
halles 12
hauere 53
haueua 53
hauemo 53
horns. 84
horned 10 12 13 20 23 27 28 31 34 40 55 77 92
hornes 45 98
horner 21 40 92
hornet 38 65 70
haloed 10
hoists 12
hissss 55
hyphen 12 34
hacque 53
hacqua 53
halius 22 65
halios 22
horhot 55
hordes 13 39 46 51 55
hacked 12 21 27 34 40 48 49 55 60 69 70 76 77 79 92
hising 55
hoihoi 53
hebrus 65
hebron 97
hebrew 10 12 13 14 21 23 26 27 39 40 45 46 55 70 76 77 80 82 84 85 88 98
hackle 55
helish 70
helios 22
helice 65
hither 6 9 10 11 12 13 15 16 17 19 20 22 24 26 27 28 29 38 39 40 41 45 46 47 48 49 51 53 55 60 65 68 69 71 72 73 76 77 78 79 80 82 84 85 88 92 93 94 98
hadley 48 83 99
hamete 77
hadjis 23
helena 12 28 39 40 49 53 71 79 98
heleon 65
help’s 13
help’d 65
him.39 65
him.23 12
him.17 22
helder 79
him119 22
hell’s 13 24 30 40 41 55 65 68 77
hausta 49
haustu 49
hauuta 53
hauuto 53
hadn’t 3 5 6 10 12 13 14 17 18 21 23 27 29 31 33 34 35 36 37 39 41 42 43 47 50 51 55 56 59 66 67 68 69 71 72 75 76
helm’d 65
hautes 12
hortus 12
haunts 8 10 12 13 16 17 20 22 23 26 28 34 37 40 43 46 49 52 55 56 60 65 68 69 71 72 77 78 79 84 85 94
hettie 47
haunch 11 34 55 65 71
halted 10 12 13 18 26 30 32 34 35 37 38 39 40 42 43 44 46 47 48 49 55 56 65 68 69 71 72 77 79 80 81 83
halten 63
halter 12 15 27 29 31 32 40 41 49 52 53 55 60 68 70 77 78 79 89
horsed 9 44 55 66
horsey 21 55
horses 1 4 5 6 7 8 9 10 11 12 13 14 16 18 19 20 21 22 23 26 27 28 30 32 33 34 37 38 39 40 41 42 43 45 46 47 48 49 51 52 53 55 56 57 60 61 63 65 66 67 68 69 70 71 72 73 74 76 77 78 79 80 81 82 83 88 90 91 92 93 94 97 98 99
halved 41 88 95
halves 10 14 17 19 22 26 28 34 39 41 42 44 49 55 61 65 67 77 78 80 93 94 95
hirtin 51
hirtle 99
hirsch 55
hesper 65 84
hating 1 10 11 12 16 17 19 20 27 35 39 45 49 51 55 69 80 83
hugmen 20
habuit 49 97
heaves 49 55 65 70 71 78 85
heaved 9 10 12 17 20 22 23 26 28 33 34 37 39 40 41 44 46 48 54 55 60 65 68 69 71 72 73 76 77 78 79 84 85 94 100
heaver 68
heaven 1 4 5 6 9 10 11 12 13 14 15 16 17 18 19 20 21 22 23 24 26 27 28 29 30 31 32 33 34 36 37 38 39 40 41 42 43 44 45 46 48 49 50 51 52 53 54 55 56 59 60 64 65 66 68 69 70 71 72 74 75 76 77 78 79 80 81 82 83 84 85 88 89 90 91 92 93 94 95 97 98 99
hesiod 22 45 49 65 80
heauen 53
hugged 4 12 13 14 17 21 23 27 29 31 33 37 38 39 40 41 44 49 55 56 59 60 61 66 68 69 70 71 72 78 93 94
hatest 9 39
hateth 9 26
hughes 16 32 53 55 81
haters 20 40 80
hughie 55
hearer 10 19 28 39 45 55 59 65 73 74 77 79 80 88 90 94
hearin 5 27
hugely 22 29 40 41 47 56 66
heard. 71
hugest 20 40 48 77
heself 27
hesdin 12
heater 78
heated 6 9 12 14 16 18 20 21 23 26 33 38 39 40 41 42 44 46 48 49 55 56 68 71 73 76 78 79 81 82 84 88 92 93 94
heatho 20
heaths 12 74 77 78 90
hugo’s 41 66
hearne 81
heart. 23 38 41 66 71
hearty 1 2 4 5 6 10 11 12 13 14 15 16 17 19 20 21 22 26 27 28 34 38 39 40 42 43 45 46 49 50 51 52 54 55 56 60 61 65 66 68 70 71 72 73 77 78 79 84 85 93 94
hearth 3 5 6 8 10 11 12 13 14 18 20 22 23 27 28 29 32 33 38 40 42 43 46 49 50 52 53 54 55 56 57 60 68 69 71 72 76 77 78 79 93 94
hearts 3 4 6 8 9 10 12 13 14 15 16 17 18 19 20 21 22 23 26 27 28 30 31 32 34 35 37 38 39 40 41 42 43 44 45 46 48 49 51 52 53 55 56 57 58 60 61 64 65 68 69 70 71 72 74 76 77 78 79 80 81 82 83 84 85 88 89 90 92 93 94 97 98 99 100
hearse 10 12 13 24 27 38 40 49 55 67 68 69 71 76 78 79 82 84 93
hearst 26
hate’s 40
health 1 4 5 6 7 9 10 11 12 13 14 16 17 18 19 21 22 24 26 27 28 29 30 31 32 34 35 37 38 39 40 41 42 43 44 45 46 47 48 49 50 51 53 55 56 57 60 62 65 66 67 68 69 71 72 73 74 75 76 77 78 79 80 81 82 83 84 85 88 89 90 91 92 93 94 97 98 99 100
healer 22 41 51 55 76 80
healey 42
healed 9 10 12 13 16 20 22 26 27 30 35 38 39 40 41 42 43 45 46 47 55 59 65 69 71 74 77 79 82 88 90 94 99
heaped 4 12 13 14 21 22 30 37 38 40 41 42 43 47 48 49 50 52 55 56 66 67 68 69 71 72 78 79 85 88 93
hiring 4 10 14 15 27 28 32 41 45 51 72 76 78 79 82 83
habits 1 4 10 11 12 13 14 15 16 18 19 21 23 26 27 28 29 30 33 34 35 37 39 40 41 42 43 44 45 47 48 49 50 51 54 55 56 57 65 68 71 72 73 74 76 77 78 79 80 83 84 85 88 89 90 91 92 94 95
habito 53
habiti 97
habite 12
habita 49 53
hiss’d 65
hiatus 10 12 27
halben 63
horace 12 13 21 27 49 55 65 67 71 77 79 82 92
hygeia 28
hattie 94
hatton 78
hatted 10 50 67
hatter 3 37 55
hatten 55
half’s 76
hatpin 55
hack’d 65
hebero 53
hatred 4 5 7 8 10 11 12 13 14 15 16 17 20 22 23 25 26 27 28 30 32 33 34 35 37 39 41 42 43 45 49 51 54 55 56 65 66 68 71 72 73 74 76 77 79 80 82 84 85 88 89 90 92 93 94 95 96 97
hugues 53
hester 32 55 85
heep’s 71
hyades 28
heeded 10 12 13 17 20 22 26 40 44 48 53 57 58 68 71 74 77 80 88 90 93
hyaena 33
hiding 4 5 6 10 12 13 14 17 18 19 22 23 25 26 27 30 32 36 37 38 39 40 41 43 44 45 46 47 48 49 50 51 55 56 57 58 66 68 69 70 71 73 74 76 77 78 79 90 92 94
heer’s 71
hawser 6 22 40 46 60 81
hansom 21 23 34 43 46 48 54 94
hanson 13
hansel 38
hidest 26 88
hideth 26
hotter 16 28 44 47 48 55 67 70 71 86
hole’s 14
hushes 10 27 29 58
hushed 10 11 14 17 18 23 27 28 29 32 36 37 39 40 41 42 43 44 48 51 55 56 61 67 68 71 73 74 76 78 84 85 88 90 92 93
hannah 10 16 27 70 81 94
hannel 70
hanner 70
hotman 12
hawked 12 39 55 91
hawker 6 14 55
hawkes 98
hidden 4 5 6 7 8 10 12 13 14 17 18 20 21 22 23 25 26 27 29 30 31 33 34 35 37 38 39 40 41 43 44 45 46 47 48 49 50 51 53 55 56 57 58 59 61 64 65 66 67 68 69 71 72 74 76 77 78 79 80 81 84 85 88 90 92 93 94 96 97 98
hotoke 66
hyrmin 65
hanker 55 70 77
hawdon 78
hempen 14 17 37 39 40 41 73 77
haesit 49
hanlon 55
haeret 49
hewing 26 28 32 38 45 55 60 77
houghs 55
hour’s 4 5 6 10 11 12 13 14 16 18 19 21 27 28 34 36 38 39 41 42 44 48 49 54 55 68 71 72 73 74 76 79 85
holpen 9
henker 39
holion 53
holily 46 88
holies 39 40 55 88 92
holier 8 26 40 41 66 72 81
holmes 21 34 43 55 81 83
holmas 20
himsel 5
holloa 40 71 77 79
hollow 1 3 5 6 8 10 12 13 14 17 19 21 22 23 24 26 27 28 31 33 37 38 39 40 41 43 44 46 47 48 49 51 52 53 55 56 57 60 65 66 67 68 69 70 71 72 73 76 77 78 79 80 81 84 85 93 94 98 100
hollis 69
holler 13 55 68 69 70
holles 55
holle. 38
houero 53
hewers 10 51
heeren 65
himmel 13 46
heels. 43
heeled 48 55 70 77 78 79 94
hockey 55 94
hubert 67
how’ll 69
heenan 55
how’ve 67
hubble 14
hence. 80
hubbub 12 13 20 21 26 39 41 49 50 52 55 69 72 77
heehaw 55
holdup 13
hussar 12 39 41 83
hussey 40 44
holdin 27 46
holder 1 2 3 4 5 6 7 8 9 10 11 12 13 14 15 16 17 18 19 20 21 22 23 24 25 26 27 28 29 30 31 32 33 34 35 36 37 38 39 40 41 42 43 44 45 46 47 48 49 50 51 52 53 54 55 56 57 58 59 60 61 63 64 65 66 67 68 69 70 71 72 73 74 75 76 77 78 79 80 81 82 83 84 85 86 87 88 89 90 91 92 93 94 95 96 97 98 99 100
holden 9 14 20 27 45 55 76 88
hendon 68
hender 69
hustle 13 33 56 70 78 94
henchy 42
hilary 9 49 76
hill’s 38
hosses 27 70 71
hurons 17
hurley 55
hurler 40
hurled 4 9 12 13 17 18 20 21 22 27 28 29 30 34 40 43 46 49 51 53 55 68 69 72 77 81 84 85 96 99
hobble 5 6 27 28 73 77
hobbes 12 22 45 49 65 92
havock 45
hostia 49
hostis 49
hostel 39 77
hostem 49
hostes 49
hiccup 12 49
hamper 40 41 60 71 86 94
having 1 2 3 4 5 6 7 10 11 12 13 14 15 16 17 18 19 20 21 22 23 25 26 27 28 29 30 31 32 33 34 35 36 37 38 39 40 41 42 43 44 45 46 47 48 49 50 51 52 53 54 55 56 57 58 59 60 61 63 64 65 66 67 68 69 70 71 72 73 74 75 76 77 78 79 80 81 82 83 84 85 86 88 89 90 91 92 93 94 95 96 97 98 99 100
heures 10
hospes 49
hospal 55
hamlet 6 10 12 14 19 23 27 28 37 40 41 43 46 51 53 55 65 70 71 74 77 79 82 90 92 93 94
hamlin 4
havent 55
havens 28 40 49 71
helpin 27 70
helter 13 39 40 68 94
hamnet 55
hosmer 21 28
hammal 12
hammam 55
hurdle 41 55 76
hammer 1 5 6 12 13 14 17 18 20 22 23 24 26 27 28 31 33 34 39 40 41 44 46 48 52 55 60 61 65 68 70 71 72 76 77 78 79 84 85 86 92 93 94
hammes 98
hectic 7 18 23 27 37 44 47 49 55 84
havana 79
hurl’d 65
huzzah 55 68 69
huzzar 12
huzzas 73 81
helmer 36
helmet 7 9 12 20 22 23 31 37 38 39 40 42 49 53 55 57 65 72 73 77 78 79 80 85 88
hoarse 3 4 5 6 10 12 13 14 16 21 23 24 26 27 28 30 33 34 36 37 38 39 42 46 48 49 51 54 55 56 65 68 69 71 72 73 74 76 77 78 79 90 92 94
helmas 20
hellum 69
hoards 10 12 20 41 55
hellas 22 65 80
heller 63
helper 4 10 13 21 30 33 35 41 45 46 77 78 80 85 88
helped 3 4 5 6 9 10 12 13 14 16 18 20 21 22 23 26 27 28 29 30 31 32 33 34 35 36 37 38 39 40 41 42 43 44 46 47 48 49 51 52 55 56 57 59 60 61 66 67 68 69 70 71 72 73 74 76 77 78 79 80 81 82 83 88 90 92 93 94 96 97 99
hosier 12 68 73
host’s 22 26 34 39 49 55 77 79
helots 49 80 89
hamida 77
hecuba 12 49 65
hely’s 55
hector 9 10 12 22 28 49 65 72 77 80
haelio 65
hawk’s 8 23 36 39 40 53 68
hotels 4 11 12 13 21 27 34 40 42 43 44 49 51 55 67 78 86 94
hotel. 43 71
hroden 20
hilton 48 51 55
hans’s 30
hilted 14 20 40 44
hobson 70
hangul 62
hangin 13 27
hawaii 51
hemmed 10 12 14 22 27 32 34 37 39 40 41 46 48 51 68 71 72 76 78 79 84 85 94 99
hanged 6 9 12 13 14 18 21 22 27 29 31 32 37 38 39 41 47 49 51 53 55 56 60 66 68 70 71 72 73 76 77 78 79 81 82 85 89 94 98 99
hanger 6 17 19 60 73 78 81 82
haemon 65
hush’d 65
handle 1 5 6 9 10 12 13 14 16 18 19 20 21 22 23 26 27 28 29 30 31 33 35 37 39 40 42 44 45 46 47 48 49 50 51 52 55 56 57 59 60 61 65 66 67 68 69 70 71 72 73 74 76 77 78 79 80 81 83 85 86 90 92 93 94
hevdey 91
hands. 41 71
handed 3 4 5 6 7 9 10 11 12 13 14 15 16 17 18 19 21 22 23 26 27 28 30 31 32 33 34 35 37 38 39 40 41 42 43 44 46 48 49 51 52 53 54 55 56 60 61 64 65 66 67 68 69 70 71 72 73 74 76 77 78 79 80 81 84 89 90 91 92 93 94 96
handel 14 55 78
hander 17 71
handes 53
hoboes 13
heming 20
hotbed 55
hurted 9 55
hilled 9
hurtle 9
hiller 12
hurrah 10 12 17 25 27 33 37 38 39 40 41 48 55 56 68 69 71 79 93 94
hurray 55
hobedi 53
hickry 70
hurroo 55
hand’s 26 27 39 40 42 50 55 77 85
hurry. 71
hickey 32 55
hursts 11
hang’d 45
hang’s 65
hemm’d 65
hedges 3 5 6 10 12 14 16 18 21 25 26 43 45 47 48 49 55 68 71 74 78 79 90 94 97
hedged 5 12 30 43 46 68 88
huddle 12 22 41 68 83
honden 53
hoeing 12 22 27 28 32 51 66
hegira 79
honest 1 2 3 4 6 7 9 10 11 12 13 14 15 16 17 19 21 22 26 27 28 29 31 32 34 35 37 38 39 40 41 42 43 45 46 49 50 51 52 54 55 56 58 60 61 64 65 66 67 68 69 70 71 72 73 74 76 77 78 79 80 81 82 83 84 85 88 89 90 91 92 93 94 97 98 100
haysom 81
honain 65
hyle’s 65
hladen 20
happy. 37 71 79 100
happed 9 46 55
happen 1 3 4 5 6 7 9 10 11 12 13 14 15 16 17 18 19 20 21 22 23 26 27 28 31 33 34 35 36 37 38 39 40 41 42 43 44 45 46 47 48 49 50 51 53 54 55 56 57 58 59 60 61 63 65 66 67 68 69 70 71 72 73 74 75 76 77 78 79 80 81 82 83 84 85 88 90 92 93 94 95 97 98 100
haying 28 57
humor. 5
humors 27 85
humour 6 10 11 14 16 17 19 21 22 26 35 36 37 42 43 44 46 47 48 49 55 60 65 68 71 72 73 74 76 77 78 80 81 82 83 90 92 93 97
hazily 18 48
hazing 6
humped 5 23 27 40 42 48 70
humpty 55
hoff’s 41
hyde’s 54 55 65
hummel 94
hummed 10 12 18 27 28 37 39 40 54 55 56 66 71 76 78 93
hudson 12 21 30 40 51 52 66 84
hummin 5 70
hazels 72
honour 3 6 7 9 10 11 14 15 16 17 19 21 22 23 26 31 34 36 37 38 39 42 43 44 45 46 49 54 55 59 60 64 65 66 67 68 71 72 73 74 75 76 77 78 80 81 82 83 88 89 90 91 92 93 95 96 97 98 100
honors 12 15 20 28 39 40 41 45 50 51 56 79 83 84 85 94
heppin 70
honor. 39 41
honore 49 76 97
humili 12 49
howled 3 12 13 14 26 27 30 31 33 37 40 41 46 55 61 66 68 69 70 72 73 79 84 94
hyllus 65
ha’n’t 27
howers 53
howell 9 81
honked 30
honker 58
howdys 51
humect 49
honner 91
hazard 7 12 14 16 19 22 23 26 32 39 40 41 44 45 46 49 54 55 59 60 65 68 71 72 73 74 76 77 80 81 83 84 90 97
humble 2 3 4 7 8 10 11 12 13 14 15 16 17 19 21 23 24 26 27 28 31 32 33 37 39 40 41 42 43 45 46 49 50 51 55 57 60 62 64 65 66 68 69 70 71 73 75 76 77 78 79 80 81 82 83 84 88 89 90 91 92 94 98
humbly 2 3 6 9 10 12 14 17 22 28 32 33 37 39 40 41 42 45 46 49 50 51 55 56 59 60 62 66 68 71 73 76 77 78 79 80 81 82 90 94 98 99
humbug 6 10 14 23 27 31 39 40 47 50 61 66 70 71 93 94 100
howard 27 28 51 55 67
hlatex 62
howdah 33 40 55
heyday 41 51 55 71 78 80
humane 2 4 6 7 12 16 22 27 28 32 37 39 40 41 45 49 55 68 74 76 78 79 80 81 82 88 89 90 92
humani 49
humana 49 53 55
humano 49
humann 12 79
humans 5 8 12 17 30 35 46 49 55 69 70
honing 40 55
honied 88
humber 9 60
hiways 91
homage 7 9 10 12 13 14 15 26 28 29 32 37 39 40 41 42 44 49 51 55 60 65 69 71 76 77 78 79 80 82 84 89 93 97
hutted 83
hodges 16 55 69 81
hingar 97
hinges 10 12 14 20 21 28 33 38 39 40 44 46 49 51 53 54 55 61 65 68 70 72 73 74 76 77 78 79 84 90 93
hodius 65
hombre 12 55
huck’s 69
hutson 81
hinbad 55
houten 52
hinaus 63
hodden 55
hindoo 28 40 71 89
hinder 4 6 7 9 10 12 19 20 23 25 27 28 30 32 37 38 39 40 41 44 45 46 48 49 56 59 60 72 73 77 78 79 81 82 83 88 89 95 97 99
haoris 66
houppe 5
hour43 65
housel 55
housed 10 14 27 28 40 42 44 45 47 54 55 59 60 68 71 77 78 80 81 86
houses 1 2 3 4 5 6 7 8 10 11 12 13 14 15 16 17 18 19 20 21 22 23 25 26 27 28 29 31 32 33 34 35 37 38 39 40 41 42 43 44 45 46 47 48 49 50 51 52 53 54 55 56 57 61 64 65 66 67 68 69 70 71 72 73 74 75 76 77 78 79 80 81 82 83 84 85 88 89 90 93 94 95 98 99 100
house. 21 22 38 42 71 77 79 80 100
hourra 39
hours. 41 71
hourly 4 5 10 15 16 26 27 28 40 41 46 53 55 71 75 78 79 81 84 96
houris 12 18
hafted 49
henrys 10 32 82
heeyah 33
henrik 36
hounds 4 5 9 12 13 20 22 23 28 32 34 38 39 41 42 43 49 55 65 70 71 77 78 80 82 91 92 94 99
hullah 33
hulled 62 69
hulloa 27 37
heorot 20
hinter 63
hinted 10 11 12 13 14 19 21 23 26 31 36 37 39 40 41 43 44 56 57 60 66 67 68 69 71 73 76 78 80 81 83 84 85 92 93 94 99
hommes 39
hybrid 10 12 26 28 92
hoving 9 55
homonh 53
homims 49
hominj 53
homini 49 53
homing 55 57
homine 49 53
hominy 28
homily 10 14 55 71 72 94
hinnon 45
hoveth 9
hovers 12 40 65 68 74 78 85 90 92 98
hovels 12 31 39 68 74 78 90 94
hierin 63
homers 28 65
homely 5 10 12 14 16 17 18 21 27 29 39 42 43 49 51 55 56 66 68 69 70 71 72 77 78 80 83 84 85 94
hull’s 40
hiesse 63
haggle 49 78 86
hodman 12
hiesos 55
hierzu 63
hierro 53
