imbittered 69
ironmonger 71 83
infatuated 1 9 10 26 29 40 43 44 50 55 56 69 72 80
infatuates 49
impulsions 49
innkeepers 39 44 79
impervious 13 18 28 55 65 71 74 79 90
itymonaeus 65
ignorantem 97
intenditur 49
insistence 12 23 26 29 37 39 41 42 51 55 95
instalment 37 76
inadequacy 10 28 39 47 72
ignorantin 12
ignorantia 49
ignorantly 12 40 45 49 74 78 83 89 90
insertions 55
inadequate 10 11 12 13 16 21 26 27 39 42 43 47 49 51 53 55 57 63 71 72 74 79 80 85 90 92 95
inventions 8 12 13 14 26 28 44 45 49 55 67 73 78 79 80 81 83 84 89 95
insolences 23 49 77
itinerario 53
ivanovitch 37 41
inculcated 4 40 45 55 65 83 89 96
inculcates 49 78 80 89
ignipotent 65
infringing 12 89
intruments 85
identified 12 13 14 18 21 28 39 40 46 48 51 53 55 67 68 71 76 78 80 84 85 89
identifies 53 65 78 79 80 92
inveighing 1 49 77
iphicrates 49
infringers 39
insinuatur 49
inkwhiched 78
insinuates 40 49 80
insinuated 1 12 17 26 40 41 44 49 55 71 78 83 84 92
illstarred 55
israelitic 55
israelites 40 45 51 81 97
incubation 12
inwindress 26
increasing 1 2 3 4 5 6 7 8 9 10 11 12 13 14 15 16 17 18 19 20 21 22 23 24 25 26 27 28 29 30 31 32 33 34 35 36 37 38 39 40 41 42 43 44 45 46 47 48 49 50 51 52 53 54 55 56 57 58 59 60 61 63 64 65 66 67 68 69 70 71 72 73 74 75 76 77 78 79 80 81 82 83 84 85 86 87 88 89 90 91 92 93 94 95 96 97 98 99 100
impostumes 88
interprets 10 45 53
interprete 53
innuendoes 12 40 72
imprudence 11 12 16 19 21 27 36 44 49 57 71 74 77 78 79 90 92
immodestly 12 26 49
increaseth 9
inferiorly 55
ignominies 7
infernally 34 40 72
idolatrous 10 15 23 40 45 46 73
impostures 45 49 55 65
indiscreet 11 12 13 27 30 40 41 43 49 67 78 79 80 83 92
infraction 12 76 79 89
insolently 10 12 14 17 37 41 49 51 65 79 88
interlaced 12 44 71
interlaces 12
insulators 86
indulgence 1 4 5 7 10 11 12 13 14 16 18 19 26 27 35 37 39 41 44 46 49 51 52 54 55 65 71 72 73 74 77 78 79 80 81 83 89 90 92 94
irritation 1 10 11 12 16 18 19 26 27 29 31 37 39 41 44 50 55 59 68 69 71 72 77 84 85 92 94
inkshining 55
implicitly 10 16 17 18 20 39 41 43 44 46 49 56 68 71 76 78 79 84 85 89 92
interments 84
inarguably 67
idolatrise 49
immigrated 96
impatience 5 6 10 11 12 13 14 16 18 19 21 29 30 31 33 34 35 37 38 39 40 41 43 44 45 48 49 50 51 54 55 65 68 69 71 72 73 74 76 77 78 79 80 81 84 88 90 92 94 99
irreverent 27 28 41 47 49 51 56 68 85 96
immigrants 13 34 48 51 65 66
interstice 12 46 55
intriguant 84
irritating 10 12 14 17 23 25 30 31 37 39 41 49 55 66 68 72 92 94 100
infantries 7
intentness 12 30 39 41 72 85
inspirited 39 65 74 90
irritateth 26
inferior’s 12
incomplete 1 2 3 4 5 6 7 8 9 10 11 12 13 14 15 16 17 18 19 20 21 22 23 24 25 26 27 28 29 30 31 32 33 34 35 36 37 38 39 40 41 42 43 44 45 46 47 48 49 50 51 52 53 54 55 56 57 58 59 60 61 63 64 65 66 67 68 69 70 71 72 73 74 75 76 77 78 79 80 81 82 83 84 85 86 87 88 89 90 91 92 93 94 95 96 97 98 99 100
involviert 63
ignatyevna 41
ingratiate 6 39 42 67 73
impression 1 4 7 10 11 12 13 14 16 17 18 19 21 22 23 26 27 28 29 31 32 34 37 39 40 41 42 43 44 45 46 47 48 49 50 51 54 55 56 57 59 60 61 65 66 67 68 69 71 72 73 74 75 76 77 78 79 80 81 83 84 85 88 89 90 92 93 94 95 100
indigoblue 55
impressive 10 11 12 14 18 21 27 28 29 31 32 34 37 39 40 41 50 55 57 62 66 67 68 69 71 74 76 77 78 79 84 85 90 94
impressing 10 11 12 13 14 15 18 39 43 44 68 71 76 77 84 88 89
injections 21
infantilic 55
improperly 16 17 19 28 32 39 44 45 49 55 79 85 88 89
implements 13 14 28 34 40 44 49 55 68 71 72 73 74 76 77 78 79 80 81 83 90
iuventutem 55
impersonal 12 13 20 21 26 28 29 40 42 48 55 67 78 80 92 95
invalidate 12 97
intriguing 14 15 31 37 39 67 84
interstate 13
incarnated 40 55 84 92
incarnates 12
irresolute 6 7 10 12 14 16 18 19 26 27 36 39 40 41 43 48 49 51 55 60 68 71 74 76 78 79 90
insentient 55
indictment 12 26 50 55 76 79 80 96
intreating 65
ineligible 10 19 50
indentured 55 57
indentures 14 68 83 88
indistinct 12 14 16 19 26 27 28 31 37 39 42 44 47 48 52 55 57 65 68 71 74 76 77 78 79 80 84 85 90 96
immoralist 26
immorality 12 13 23 42 50 51 55 80 83 89 92
infinitude 10 65 84 88
indecently 12 49 55 83
integrated 26
incapacity 10 14 29 39 45 48 49 72 78 79 89 92 96
invitement 45
imbushment 12
importence 91
ineptitude 37 79
indicators 44 47 55
invalidity 1 2 3 4 5 6 7 8 9 10 11 12 13 14 15 16 17 18 19 20 21 22 23 24 25 26 27 28 29 30 31 32 33 34 35 36 37 38 39 40 41 42 43 44 45 46 47 48 49 50 51 52 53 54 55 56 57 58 59 60 61 63 64 65 66 67 68 69 70 71 72 73 74 75 76 77 78 79 80 81 82 83 84 85 86 87 88 89 90 91 92 93 94 95 96 97 98 99 100
invalidish 41
invalidism 80
informally 39 41
inhibitory 55
intimidate 11 12 39 41 77 82
itsudekita 66
infinitive 45
infinities 12
introspect 21
impalement 77 79
infectious 1 6 12 14 16 37 39 49 65 77 85 94
incendiary 12 13 39 49 86
infinitely 7 11 12 14 15 16 17 19 21 23 27 28 30 34 35 37 39 40 41 44 45 46 47 48 49 50 51 55 56 57 60 63 65 67 71 72 73 74 75 76 78 79 80 81 82 84 85 88 89 90 93 94 95 97
indwelling 84
inhibiting 45
inhibition 55
informatum 49
intellegit 49
improbitas 49
implanting 39 80 88
inoculated 26 41 49 51 55
intellects 7 14 16 23 28 32 40 41 48 49 55 73 77 84 89 92
impositura 49
injustices 72 73 77
injustice. 71
incidental 1 2 3 4 5 6 7 8 9 10 11 12 13 14 15 16 17 18 19 20 21 22 23 24 25 26 27 28 29 30 31 32 33 34 35 36 37 38 39 40 41 42 43 44 45 46 47 48 49 50 51 52 53 54 55 56 57 58 59 60 61 63 64 65 66 67 68 69 70 71 72 73 74 75 76 77 78 79 80 81 82 83 84 85 86 87 88 89 90 91 92 93 94 95 96 97 98 99 100
impregnate 65
infelicity 7
infelicius 49
ilyinishna 41
imperatore 53
inhumanity 7 11 27 32 49 60 72 73 81 82
interfused 85
intruder’s 12
imminently 72
instrument 6 10 11 12 13 14 16 17 18 19 21 26 27 28 31 32 39 40 41 42 43 44 45 49 50 51 52 53 54 55 57 59 60 64 65 66 68 71 72 73 74 76 77 78 79 80 81 82 83 85 86 89 90 92 94 95 96 97
imperative 10 12 14 18 20 27 29 30 37 39 40 41 44 45 46 49 51 55 70 76 77 79 85 89 92
interweave 40 49 80
invitingly 14 39 40 71 94
improbable 2 10 11 12 14 21 23 31 39 40 41 48 50 53 55 60 63 65 68 71 73 74 75 76 78 79 81 83 84 85 90 92 95 97
improbably 1 85
imposition 15 22 45 49 71 77 80 81 83 89
impanelled 78
interludes 51 77 92
instructor 10 27 28 39 44 49 60 66 71 73 74 77 78 79 80 81 83 88 89 90
invincible 12 22 31 32 39 40 41 49 55 60 68 74 77 79 80 90 92
invincibly 49
inexpertly 14
imbellitar 49
impassible 12 49
incisively 41 57
intelletto 92
ironmaster 78
incumbency 85
incognitis 49
instructed 4 5 11 12 14 18 27 28 31 32 35 39 41 44 45 46 49 52 53 55 60 68 71 72 73 74 76 77 78 79 80 81 82 83 84 85 88 89 90 92 97
instructin 27
incaluisse 49
irremeable 65
insecurely 86
individual 1 2 3 4 5 6 7 8 9 10 11 12 13 14 15 16 17 18 19 20 21 22 23 24 25 26 27 28 29 30 31 32 33 34 35 36 37 38 39 40 41 42 43 44 45 46 47 48 49 50 51 52 53 54 55 56 57 58 59 60 61 63 64 65 66 67 68 69 70 71 72 73 74 75 76 77 78 79 80 81 82 83 84 85 86 87 88 89 90 91 92 93 94 95 96 97 98 99 100
irrigation 22 55 70
intangible 12 18 26 28 39 40 57 66 69 71 76 85 92
infrequent 30 37 43 48 55 57 85 89
intentions 4 7 10 11 12 13 14 16 18 19 20 21 23 27 28 30 36 37 39 40 41 43 44 45 46 49 50 53 55 57 59 65 67 68 71 72 73 74 76 77 78 79 80 81 83 84 90 92 93 94
inclemency 74 77 90
irradiates 12
irradiated 56 74 78 89 90
innovating 49
innovation 10 15 39 41 49 52 56 73 80
impalpable 10 12 31 39 40 42 46 49 72 78 79 84 85
invenerunt 12
intervallo 49
innovators 7 51 80
impurities 11 26 40 76 80 86
irrestible 94
irrational 10 16 19 26 37 39 40 41 45 49 55 60 72 73 78 80 88 89
inefficacy 14 79
inheritrix 49
interduces 68
intuitions 17 21 40 63 85 92
inveterate 9 14 15 20 23 28 37 40 41 49 50 52 69 71 72 76 78 79 80 94
inflexions 72
impossible 1 2 3 4 6 7 9 10 11 12 13 14 15 16 17 18 19 21 22 23 26 27 28 29 30 31 32 33 34 35 36 37 38 39 40 41 42 43 44 45 46 47 48 49 50 51 53 54 55 56 57 58 59 60 63 65 67 68 69 71 72 73 74 75 76 77 78 79 80 81 82 83 84 85 86 89 90 92 93 94 95 96 97 100
impossibly 55 80 85
inveteracy 40 76
ideologues 92
indulging. 41
illibenter 49
inoequalem 98
ingolstadt 74 90
indirectly 1 2 3 4 5 6 7 8 9 10 11 12 13 14 15 16 17 18 19 20 21 22 23 24 25 26 27 28 29 30 31 32 33 34 35 36 37 38 39 40 41 42 43 44 45 46 47 48 49 50 51 52 53 54 55 56 57 58 59 60 61 63 64 65 66 67 68 69 70 71 72 73 74 75 76 77 78 79 80 81 82 83 84 85 86 87 88 89 90 91 92 93 94 95 96 97 98 99 100
inelegance 16 42
itanmaraca 53
inducuntur 49
intermezzo 55
influenced 7 10 11 12 13 14 16 19 23 34 37 38 39 40 41 51 55 68 71 74 77 78 79 80 81 84 85 88 89 90 92 94
influences 1 4 7 13 14 18 23 27 28 37 39 40 41 42 44 46 48 49 51 55 56 65 68 73 78 79 80 84 85 88 89 90 92 94
innateness 92
indagatrix 83
imploranti 49
irishwoman 13 78
insecurity 4 10 17 26 32 47 48 55
incitation 49
imployment 45
interiorly 84
internally 4 12 15 19 26 28 34 44 47 56 72 76 78 79 84 89 92
interchang 83
inviolable 27 28 39 45 49 65 71 73 79 80 82 85
inviolably 49 53
invertedly 40
iconoclast 12 26
intonation 10 12 27 37 39 41 42 46 47 55 65 69 79 84 94
inchanters 45
illuminism 39
inductions 29 49
immemorial 12 13 27 37 40 41 43 47 48 76 77 79 82 85 92 96
inverecund 55
infundendo 45
implicates 21 79
implicated 4 12 21 23 40 41 78 79 85 89
insanities 77
irrelevant 14 29 37 39 41 43 63 67 68 77 85 86 89 95
ideologist 12
inperatore 53
inheriting 5 11 16 19 37 77 78
inflexibly 11 27 34 40 56 65 79
inflexible 10 12 14 26 27 28 32 34 40 49 51 52 55 65 68 71 77 78 79 82 85 97
infallibly 6 12 29 40 41 45 46 49 54 55 65 68 73 74 76 79 80 89 90
infallible 10 12 14 34 37 39 40 41 42 44 45 49 65 68 69 71 73 74 76 78 79 80 81 82 84 89 90 94 95
incredible 1 4 6 10 11 12 13 14 16 21 23 27 28 29 31 36 37 39 40 41 43 45 46 47 48 49 55 57 59 60 65 68 69 71 72 73 74 77 78 79 81 83 84 88 89 90 92 93
incredibly 17 18 28 29 37 39 40 41 47 48 54 55 88
illuminare 55
illuminati 39
illuminate 12 40 44 69 74 88 90
indigenous 27 28 40 84 92 96
inspiciunt 49
imbecility 10 12 14 21 31 37 39 40 49 71 73 77 78 85 92
inanimated 45 65
inheritors 46 64
impeaching 76
imbecillic 55
imprinting 68 79
interviews 4 9 12 14 17 19 22 27 37 41 44 49 76 78 79
influenc’d 49
insolvable 10
imbecilles 49
impoverish 13 15 97
immaculate 12 13 26 34 39 40 41 43 55 59 71 74 76 77 78 90 94
immaculati 55
imprison’d 65
insipidity 11 12 19 84
insinuetur 49
inimitably 21
inimitable 16 34 39 49 51 55 65 73 84 92
insinueter 49
idealistic 55 92
incroyable 12
impellitur 49
incendente 49
incautious 7 37 41
imperiling 18
inamoratos 49
incurables 55
imaginibus 49
invocation 35 40 45 55 71 89
illiterate 11 12 16 19 28 39 41 42 49 51 73 74 83 90
illiterati 49
ingeniosus 49
immediatly 45
iphianassa 65
inficiatur 49
idealising 42
ingentibus 49
interestin 27
interested 1 4 5 6 10 11 12 13 14 15 16 17 18 19 20 21 23 26 27 28 29 30 31 32 33 34 35 37 39 40 41 42 43 44 45 46 47 48 49 50 51 53 55 56 57 61 65 66 67 68 69 70 71 72 74 75 76 77 78 79 80 81 83 84 85 89 90 92 94
instillata 49
innumerali 49
intestated 55
ingenioque 49
imprisoned 4 7 10 12 14 21 26 27 28 30 39 43 44 45 46 48 49 51 53 61 68 71 72 73 76 77 78 79 81 82 84 85 89 92 95
irishman’s 28 55
inglorious 15 20 40 55 65 66 74 84 90
instilleth 77
instillest 88
inconstant 7 19 45 49 55 71 74 78 79 90 97
illiteracy 13 51
interrupts 12 13 17 22 26 49 68 78 80
insatiated 92
interrupta 49
investment 10 12 14 18 21 28 40 42 48 51 67 70 71 79 84 85 89 94
infuriated 17 20 22 37 39 40 41 48 53 68 79 80 94
inveigling 55 71
incomincio 65
inhabiters 20
iphimedeia 22
insistance 37
insensibly 12 14 16 18 21 27 28 40 44 46 47 49 54 57 60 68 69 71 78 79 80 81 88 94 97
insensible 4 10 11 12 13 14 15 16 19 26 27 28 30 31 32 40 41 43 44 45 47 48 49 55 56 65 68 71 72 74 76 77 78 79 80 84 90 91 97
indisposed 1 10 11 16 18 19 49 71 73 77 78 79
insurgents 7 12 40
imbricated 12 28
inhabitant 10 12 13 15 28 40 45 71 72 74 78 79 80 85 88 90
ingredimur 49
imaginings 4 27 39 43 46 48 51 56 59 64 76 80
immaterial 12 16 35 40 43 45 47 49 54 71 75 78 79 84 85
inflicting 7 12 16 19 27 37 41 44 45 52 65 68 72 76 77 79 84 85
infliction 4 11 27 31 40 44 45 55 71 74 77 79 85 89 90
indocility 49
intermixed 14 28 40 74 84 85 90
intoxicate 12 44 56 81
inveiglers 71
inflicteth 26 45
inhabiting 19 53 60 65 71 78
intoxicant 13 18 53
imputation 7 10 29 40 68 71 73 76 77 78 81
ivanovna’s 37 41
imposthume 49
insatiably 26 35 44 71 92
insatiable 10 22 26 31 37 41 44 45 49 55 57 65 71 73 74 77 80 88 90 92
insciusque 49
inhalation 12
ingredient 10 28 38 41 54 65 69 77 82 83 85 89 92
intestinal 12 55 57 84
indiwidual 71
inebriates 55
inebriated 55 88
inequality 12 16 26 37 40 41 45 46 49 51 55 71 77 80 83 94 97
intestines 12 40 49 53 55 79
indolently 39 40 41 68
inflection 12 42 56 57 88
itenmaraca 53
intrusions 21 72
imbrodered 98
immunities 54 73 76 89
indiligent 49
importance 1 2 4 6 7 10 11 12 13 14 15 16 18 19 21 22 23 26 27 28 29 31 32 34 35 37 39 40 41 43 44 45 46 49 50 51 52 53 54 55 56 57 60 63 65 68 69 71 73 74 75 76 77 78 79 80 81 83 84 85 89 90 92 93 94 95 100
incentives 49 51 77 80 92
immersions 42
impassable 4 8 10 11 12 16 21 32 39 43 48 60 72 73 74 76 79 89 90 99
intent.168 65
indonesian 63
instilment 85
insurances 40 96
innocences 12
increments 55 80
ifthen.sty 63
irregulars 39
incuneated 55
intendment 45
insociable 45 49
impenitent 40 81
implacable 10 11 12 20 21 31 42 44 46 49 55 65 71 76 78 79
implacably 76 78
instilling 28 65 68
inevitably 7 10 11 12 13 14 16 19 28 29 30 37 39 40 41 47 48 49 51 55 56 60 67 68 71 73 76 77 78 79 80 81 83 84 85 88 92 97
inevitable 2 4 10 11 12 13 14 16 17 18 19 20 23 26 27 28 29 30 32 35 37 39 40 41 44 45 47 48 49 50 51 55 56 57 65 67 69 71 74 76 77 78 79 80 83 84 85 88 89 90 92 94 95 96
interwoven 10 18 27 28 39 65 73 77 80
incitement 19 29 37 39 49 72 73 74 89 90
infamously 19
irruptions 12 81
incunabula 49
innamorato 77
italicised 63 89
ironically 6 12 37 39 41 42 49 50 57 69 78 80
interferin 5 27
interferes 15 28 40 75 77 78 85 89 95
interfered 6 7 12 13 14 16 28 29 30 32 37 39 41 43 44 55 68 69 71 74 75 77 78 79 80 81 83 84 89 90 92 94
indignatio 12
intrepidus 49
indignatus 49
imperilled 7 12 14 21 40 77
inherently 54
italicized 92
innocentes 49
intrepidly 12 20 40
innocently 1 11 12 14 16 26 27 39 40 41 44 45 49 60 65 66 67 68 71 77 78 79 81 82 83 92 94
iscariot’s 55
improvises 12
improvised 10 12 26 31 39 42 51 77 84
incursions 39 49 50 65
imposingly 40 92
instigator 16 37 39 41 79 89
indicateth 26
immortals. 80
immortalia 49
immortally 39 71 85 88
illaudable 19
immortales 49
intervenes 10 12 98
intervened 4 7 10 12 14 22 37 39 40 41 42 43 44 48 55 57 60 74 78 84 90 97
inceptions 55
interdicts 12 49
instituere 49
incestuous 44 49 80
iniquitous 4 11 12 73 77
improvable 28 71
immaturely 26 49
interposed 1 4 10 12 13 14 15 16 17 19 21 27 32 37 39 40 41 44 49 55 65 67 68 71 72 73 76 77 78 79 80 81 84 85 88 97
interposes 71 78 79 80
incapables 71
inundating 12
inundation 10 12 49 65 69 73 76 81
immovable. 71
immolation 41 49 71 72 84
immolating 12
invitation 1 3 4 10 11 12 13 14 16 17 18 19 22 27 28 29 35 37 39 41 42 43 44 45 49 50 52 54 55 56 65 66 67 68 71 72 73 74 77 78 79 80 82 83 89 90 94
inquietude 19 46 49 74 79 82 85 90
indication 4 7 12 17 19 21 22 27 39 40 41 43 55 63 65 66 68 71 73 76 77 78 79 84 85 89 92
indicating 1 2 3 4 5 6 7 8 9 10 11 12 13 14 15 16 17 18 19 20 21 22 23 24 25 26 27 28 29 30 31 32 33 34 35 36 37 38 39 40 41 42 43 44 45 46 47 48 49 50 51 52 53 54 55 56 57 58 59 60 61 63 64 65 66 67 68 69 70 71 72 73 74 75 76 77 78 79 80 81 82 83 84 85 86 87 88 89 90 91 92 93 94 95 96 97 98 99 100
indicative 10 12 14 28 39 46 47 56 72 78 79 84 85
iracundias 49
interpos’d 65
impolitely 5 39
iniquities 12 23 39 45 80 81 88
intertwist 49
illustrous 49
indecision 4 11 12 14 16 18 19 37 39 41 42 69 71 74 76 78 79 83 84 90
invectives 11 15 26 27 45 68 71 79
indecisive 39
invokingly 40
inaugurate 26 55
integument 28 40 48
intimately 11 12 16 18 19 23 29 36 39 41 43 48 49 55 60 68 71 72 75 79 83 84 85 88 92
inspectors 10 12 13 55 77 79 85
intercepts 89
impediment 10 16 19 34 44 45 48 49 54 55 73 74 77 78 80 84 85 89 90
intimation 10 11 14 16 17 18 27 28 32 34 40 42 47 48 49 67 68 71 72 77 78 79 80 83 93
intimating 10 39 44 49 68 72 78 79 80 83
initiative 7 12 31 39 44 47 51 67 79 86 89 92 96
initiation 31 37 39 44 49 55 57 69 71 79 80 88 89
initiating 44 88
impromptus 84
industries 12 13 42 51 55 96 100
industrial 12 13 47 51 55 71 79 80 86 89 92 96
invaluable 6 10 11 16 19 21 22 23 32 34 37 39 40 43 51 52 55 68 75 79 80 85 92
immoveable 45 49 68 84
inspection 4 6 10 11 12 13 14 16 19 21 27 32 33 39 40 41 43 44 48 49 55 57 63 68 69 71 72 75 76 77 78 79 84 85 86 91 93
inferences 11 21 40 43 44 45 57 77 80 84 92 95
inspecting 12 14 18 28 34 39 40 41 68 71 72 74 76 78 80 86 88 90
interempto 97
interceded 22 39 77 79
intercedes 93
infidelity 12 18 37 39 41 44 45 49 65 79 82 88 89
inquisitor 12 41 82
invariable 11 12 16 19 21 27 39 40 41 42 44 49 68 72 77 79 80 84
invariably 1 4 7 10 11 12 13 14 19 21 22 23 27 28 31 32 34 37 39 40 41 42 44 48 55 59 67 68 69 71 72 75 76 77 78 79 84 85 92
inaptitude 14 49 78
incivility 4 6 10 11 19 49 77 99
ingemiscit 55
instigated 10 19 53 73 74 77 80 90
indecorous 12 19 37 39 40 75 77 94
incoherent 1 12 13 14 21 29 30 32 34 37 39 41 44 45 46 67 68 71 72 74 77 78 79 84 85 90 93 94 95 96
irelandear 55
indefinite 10 11 12 14 16 27 28 30 39 40 41 43 45 47 49 51 55 65 66 67 71 72 78 79 80 84 95
indigested 49 60 88
inducement 2 4 7 10 11 15 16 19 27 28 31 44 49 65 68 71 76 77 78 79 80 81 89 92 97
immoderate 27 37 45 49 60 71 73 74 88 90
importunus 49
importunes 10 49
importuned 10 11 12 30 44 49 72 77
insulating 86
insulation 84 86
inactivity 12 39 44 47 48 65 77 78 85
imaginaire 12
involution 55 80
imperiosus 49
interregno 97
identities 54 55
indelicacy 11 16 19 85
interclusi 49
incommoded 14 16 19 44 60 74 78 79 82 90
incommodet 97
incommodes 49
indelicate 4 11 16 32 37 41 42 55 57 78 82
inordinate 7 23 26 40 42 44 49 54 71 79 84 88 91
imitations 11 12 27 49 51 55 69 71 76 78 80
immobility 10 12 31 39 42 45 49 57 79
isabella’s 16 40 72
inimically 39
impudently 19 32 37 39 41 45 73 79 88 91
iterabimus 49
ivanitch’s 37
impotentia 49
impotently 17 40 41
intolerant 12 43 71 80 85 89 92
irreligion 49
initiatory 44 49 71 72 88
imaginable 6 10 11 12 19 28 44 45 46 49 59 60 65 68 71 72 73 77 78 79 81 82 83 96 99
inaccuracy 1 10 80 84
intermarry 79
inaccurate 1 2 3 4 5 6 7 8 9 10 11 12 13 14 15 16 17 18 19 20 21 22 23 24 25 26 27 28 29 30 31 32 33 34 35 36 37 38 39 40 41 42 43 44 45 46 47 48 49 50 51 52 53 54 55 56 57 58 59 60 61 63 64 65 66 67 68 69 70 71 72 73 74 75 76 77 78 79 80 81 82 83 84 85 86 87 88 89 90 91 92 93 94 95 96 97 98 99 100
iridescent 23 55 89 92
igurandoli 53
institutio 49
instituted 11 12 21 27 40 43 45 49 53 55 65 73 77 80 83 84 85 88 97
institutes 39 65
ineinander 63
inanitions 80
introduces 12 16 20 26 27 37 45 49 50 60 63 68 71 77 78 79 80 83 92 97
introduced 1 2 3 4 7 9 10 11 12 13 14 15 16 17 18 19 20 21 22 23 26 27 28 34 36 37 39 40 41 42 43 44 45 46 49 51 52 53 55 56 60 62 63 65 66 67 68 69 71 72 73 74 75 77 78 79 80 82 83 84 85 86 88 89 90 94 96 97
inartistic 23 37 42
ignorances 12
instancing 49
inhumation 84
instances. 80
intrusting 49
injunction 1 11 12 13 14 16 19 21 26 34 39 41 49 55 57 65 68 71 72 74 76 77 78 79 90
initialled 55
immaturity 85
intransitu 49
intrench’d 65
insignibus 49
interloper 10 26 72 85
infunditur 45
illustrate 7 14 21 27 32 39 40 46 49 55 56 65 74 77 79 80 86 89 90 93
illustrato 20
imaginary. 71
insolvency 10
imaginatio 49
installing 10 12 18
inexorably 12 13 29 43 71 77 92
inexorable 10 12 13 21 26 27 29 30 31 34 36 39 40 44 45 49 56 57 65 71 74 76 77 78 79 90 92 93 94
