i’d 3 4 5 6 10 12 13 14 18 19 21 27 29 33 34 35 37 39 40 41 42 43 47 50 55 56 59 61 66 67 68 69 71 72 75 76 77
i’b 68
i’m 1 3 4 5 6 10 11 12 13 14 17 18 19 21 25 26 27 29 30 33 34 35 36 37 38 39 40 41 42 43 47 48 49 50 51 54 55 56 59 61 65 66 67 68 69 71 72 75 76 77 79
i’s 4 27 69 72
i.e 7 9 10 15 20 22 26 37 40 41 49 51 53 55 62 63 65 79 80 82 86 88 95 96 97 98 99
ian 40
iar 55
ibi 49 98
ibn 53
ice 10 12 13 14 16 18 19 20 21 23 26 27 28 29 30 35 36 37 38 39 40 41 42 43 44 46 47 49 51 53 54 55 56 57 58 62 66 67 68 69 70 71 72 73 74 76 77 78 79 81 84 86 88 90 92 93 94 99 100
ici 12 39 41
ich 10 26 37 39 41 55 63
ico 53
ics 63
icy 1 4 10 12 13 20 23 26 27 28 29 32 36 37 40 41 46 49 54 55 56 57 69 72 74 75 78 79 84 90 92 93 96
ida 22 53 65 80
ide 55 65
ies 76
ifs 40 58
igh 46
ign 39
igs 55
ihn 63
ihm 63
ihr 20 63
iii 1 3 4 5 7 9 10 12 13 14 16 17 18 19 20 21 22 23 26 27 29 30 31 32 34 36 37 39 40 41 44 45 46 47 48 49 50 51 53 55 56 57 58 59 60 61 65 67 68 69 70 71 72 73 75 76 77 78 79 80 81 82 83 84 85 88 89 90 92 93 95 96 97
iis 49
ike 13 70
ila 12
ild 55
ile 6 40 79
ill 1 3 4 5 6 7 9 10 11 12 13 14 15 16 17 18 19 20 21 22 23 26 27 28 29 30 31 32 33 34 35 36 37 38 39 40 41 42 43 44 45 46 47 48 49 50 51 52 53 54 55 56 57 58 59 60 65 66 67 68 69 71 72 73 74 75 76 77 78 79 80 81 82 83 84 85 88 89 90 92 93 94 97 98 99 100
in. 34 38 39 41 71 74 77
ilk 13 55
ily 39
ima 53 63
ime 53 91
imi 53
imj 53
imo 49 53
imp 4 10 12 14 38 40 55 68 71 72 73 78 79 84 85 94
ina 45 53 67
ind 9 55 99
inc 63 82
inf 12 14 63
ing 1 6 10 12 16 39 44 49 62 63 78 79
ini 53
ink 3 5 6 10 12 14 17 21 26 27 28 29 32 33 34 40 41 42 43 46 47 48 49 55 56 60 66 69 70 71 72 73 76 77 78 79 83 85 91 94
inn 1 5 6 10 11 12 14 16 19 21 23 26 27 28 29 35 38 39 40 41 43 44 46 48 49 54 55 57 62 64 68 71 72 73 74 76 77 78 79 81 82 83 90 98 100
ino 22 53 65
int 70
ins 13 14 37 53 63 77
inw 91
ioe 53
ion 49 80
ios 65
iou 37
iot 62
ips 49
is. 22 38 41 71 79
ira 12 49
ire 9 10 18 40 49 53 55 65 68 81
it. 1 5 6 12 21 22 34 37 38 39 40 41 42 44 49 65 67 68 71 72 76 77 79 100
irk 55
iro 53
irr 49
irs 1 2 3 4 5 6 7 8 9 10 11 12 13 14 15 16 17 18 19 20 21 22 23 24 25 26 27 28 29 30 31 32 33 34 35 36 37 38 39 40 41 42 43 44 45 46 47 48 49 50 51 52 53 54 55 56 57 58 59 60 61 63 64 65 66 67 68 69 70 71 72 73 74 75 76 77 78 79 80 81 82 83 84 85 86 87 88 89 90 91 92 93 94 95 96 97 98 99 100
isa 21 45
ise 55 92
ism 39
iso 63 78
isn 46 57 58 78 93 94
iss 39 94
ist 12 39 63 94
isz 13
ita 49 53 55 97 98
itd 55
ith 14
ito 53 64
itt 6
its 1 2 3 4 5 6 7 8 9 10 11 12 13 14 15 16 17 18 19 20 21 22 23 24 25 26 27 28 29 30 31 32 33 34 35 36 37 38 39 40 41 42 43 44 45 46 47 48 49 50 51 52 53 54 55 56 57 58 59 60 61 63 64 65 66 67 68 69 70 71 72 73 74 75 76 77 78 79 80 81 82 83 84 85 86 87 88 89 90 91 92 93 94 95 96 97 98 99 100
iui 53
iuk 62
iup 62
iut 62
ive 55
ivy 1 5 10 12 14 22 23 26 28 39 42 43 49 51 54 55 56 57 65 67 68 71 76 77 78 79 84 93 94 99
ixe 53
iya 66
ize 92
