i’ll 1 3 4 5 6 10 12 13 14 17 18 19 21 23 24 25 27 29 30 31 32 33 34 35 36 37 38 39 40 41 42 43 44 47 48 49 50 51 54 55 56 59 60 61 65 66 67 68 69 71 72 75 76 77 79 85
i’se 4 40
i’ve 3 4 5 6 10 12 13 14 17 18 19 21 23 24 25 26 27 29 30 31 33 34 35 36 37 38 39 40 41 42 43 47 48 50 51 54 55 56 59 61 66 67 68 69 71 72 75 76 77
ii’d 16
iago 55
iamo 53
iama 53
iani 53
iano 53
iare 53
ibid 40 49 65 89 97 98
ibin 49
ibis 40 49
ibit 49
icam 53
iced 23 49 71 78 79 93
in’t 49 71
in’s 55
ices 12 28 39 74 79 90 94
icho 53
iche 53
icky 55
icon 39
ictu 49 97
icti 49
idas 65
idea 1 3 4 5 6 7 10 11 12 13 14 15 16 17 18 19 20 21 22 23 25 26 27 28 29 30 31 32 33 34 35 36 37 38 39 40 41 42 43 44 45 46 47 48 49 50 51 52 53 54 55 56 57 58 59 61 63 65 66 67 68 69 70 71 72 73 74 75 76 77 78 79 80 81 82 83 84 85 89 90 91 92 93 94 95 100
idee 27 55
idem 12 49 53 79
ideo 49
iden 63
ides 20 55 95
ider 9
idin 46
idly 6 17 18 28 32 36 37 40 42 46 49 51 52 55 65 68 71 76 77 78 83 85 88 94
idle 2 4 6 7 9 10 11 12 13 14 15 16 18 19 20 21 22 23 26 27 28 30 32 34 37 38 39 40 41 42 43 44 46 49 50 51 52 55 56 57 58 60 61 64 65 66 68 69 71 72 73 74 75 76 77 78 79 80 81 82 83 84 85 86 88 89 90 92 93 94 100
idol 1 10 12 13 18 26 31 33 39 40 41 42 45 49 53 54 55 66 69 71 72 74 78 88 89 90 93 94
idue 53
idyl 12
ieme 53
ielo 53
iena 12
iera 53
ight 68
igne 49
igno 53
igui 53
is’t 40
ihre 63
it’s 3 4 5 6 10 12 13 14 17 18 19 21 23 24 26 27 28 29 30 31 33 34 35 36 37 38 39 40 41 42 43 44 47 48 49 50 51 54 55 56 59 61 66 67 68 69 71 72 75 76 77 79 84 100
it’d 5 6 41 55 56 59 67
ijin 66
ikey 55
ikki 33
ikon 37 41
ilan 53
ilex 49
ilia 49
ill. 38 71 80
ilio 49
ilma 42
illi 45 49
illo 33 49 97 98
ills 7 13 20 22 26 32 39 40 46 49 51 55 65 77 80 81 88 92 94
illa 27 49 73
ille 28 49 80 97 98
iloc 53
ilog 53
ilon 53
ilot 53
ilre 53
ilus 22 65
ilyn 39
ilya 37 41
iman 82
imam 53
imag 63
ix’s 39
imil 53
immo 92
imps 10 18 27 28 37 40 52 55 71 72 94
imos 49
inba 53
inan 53
inar 53
indo 92
inde 9 28 49 97
inch 1 4 5 10 12 13 14 16 17 18 19 22 27 28 29 30 31 32 33 34 37 39 40 41 42 43 44 46 47 48 49 51 55 56 58 59 60 65 66 68 69 70 71 72 73 76 77 78 79 84 85 86 93 94 98
info 63
ines 55
inev 55
ings 79
inge 53
init 22 49 65
inly 27 65
inky 13 14 33 46 47 48 67 78 84 85 94
inks 12
inns 6 11 12 38 39 40 42 49 55 71 76 77 78 79 82
inpo 53
inon 53
into 1 2 3 4 5 6 7 8 9 10 11 12 13 14 15 16 17 18 19 20 21 22 23 24 25 26 27 28 29 30 31 32 33 34 35 36 37 38 39 40 41 42 43 44 45 46 47 48 49 50 51 52 53 54 55 56 57 58 59 60 61 62 63 64 65 66 67 68 69 70 71 72 73 74 75 76 77 78 79 80 81 82 83 84 85 86 87 88 89 90 91 92 93 94 95 96 97 98 99 100
intr 9
inte 53
inst 20 21 34 49
inur 81
iohn 97
iona 41
ione 53
iota 18 21 41 49 55 84
ipsa 49
ipse 34 49 97 98
ipsi 49
ipso 49 51 63 97
ique 53
iram 49
iras 65
irca 53
iren 53
iris 5 22 23 28 42 49 56 65 79 84
irma 12 85
irks 72 85
iroc 53
iron 1 4 5 6 8 9 10 12 13 14 15 16 17 18 20 21 22 23 24 26 27 28 30 31 32 33 34 37 38 39 40 41 42 43 44 46 47 48 49 51 52 53 54 55 56 57 60 61 64 65 66 68 69 70 71 72 73 74 76 77 78 79 80 81 83 84 85 86 88 90 92 93 94 95 97 100
irrt 63
irre 63
irun 53
irus 22
isan 65
isda 53
isis 12 49 55 74 79 90
isle 6 9 12 18 21 22 26 28 40 42 49 55 60 64 65 66 73 74 77 79 81 84 90
isla 53
isnt 55
isne 49
isos 65
isse 53
isra 55
isto 49
issy 12
ista 49 55
iste 49
isus 65
itch 12 26 28 40 45 49 55 59 70 88
item 9 10 12 13 14 21 27 28 37 40 41 42 43 45 46 49 53 55 59 63 67 68 77 78 85 89 93 100
iter 49 98
itia 53
itie 53
itll 55
itsa 39
itto 49
iung 62
iums 5
ivan 37 41 55 82
ivar 36
ives 55
iver 13 72
ivry 12
