ii.35 49
iyani 66
ignes 45 49 79
ignei 98
ignea 49
ignat 55
igone 20
iphis 49 65
ignis 10 45 49
ignio 53
i’ave 12
ipsen 85
ipsam 49 97
ipsae 49
ipsum 49
ipsos 49
ipsis 49 97
ihnen 63
izaak 76
ihrer 63
ihres 63
ihrem 63
ihren 63
i’the 55
iquel 53
it’ll 3 5 6 12 13 14 21 27 30 35 37 39 40 41 42 51 55 56 59 67 68 69 71 72
iraza 53
irate 10 14 39 78
irata 49
irene 21 75
irids 10
irish 4 9 11 13 14 16 17 21 27 28 30 40 42 48 49 55 57 68 70 71 74 78 89 90 94
irked 10
it.27 12
irony 12 13 23 37 39 41 42 46 51 57 66 71 79 80 82 92
irons 3 4 6 10 12 14 20 23 27 28 32 40 41 42 49 50 53 60 68 70 71 77 78 79 81 82 88 93
irong 53
iron. 22 44 80
iroco 53
irren 63
iruna 53
iaera 65
irwin 55
ianno 53
iambs 55
isaac 4 12 27 32 35 41 45 55 71 74 83 85 88 90
iapan 53
isn’t 1 3 4 5 6 10 12 13 14 17 18 21 23 25 27 29 31 33 34 35 36 37 39 40 41 42 43 47 48 50 51 54 55 56 59 61 66 67 68 71 72 75 77 79
ijins 66
iasus 22 65
isits 84
islet 6 22 28 31 33 53 65 79 84
isles 9 10 12 26 40 42 49 51 53 55 60 64 65 67 77 79 83
isleo 53
islas 53
islan 70
islam 41
isoud 9
isola 22
istum 49
istud 49
issue 7 9 10 12 13 14 15 16 18 20 21 22 26 28 32 39 40 42 43 45 46 48 49 51 55 60 63 65 67 68 70 71 72 73 74 76 77 78 79 80 83 84 85 86 88 89 90 93 95 97 98 100
istos 49
istis 49
isten 46
isted 83
istas 55
ibile 53
ikaga 66
iv.’s 12
itare 53
italy 1 6 7 9 10 12 13 22 26 28 34 36 39 40 41 42 44 45 49 51 53 55 65 71 74 77 79 80 81 82 83 85 88 89 90 92 94 96 97
items 12 21 27 28 37 40 41 42 45 55 59 62 71 77 78
ibsen 36 50 55
ikons 37 41
ither 46
itlug 53
itlog 53
itona 65
ittle 94
ittin 46
i.h.s 55
iccus 49
ilana 52
iland 45 53
ilaga 53
ilari 39
i.o.u 37 39 41 42 71
ilche 53
icing 42
icily 10 40 55 72 94
ichor 65 84
icigo 12
ilius 22 41 49
ilium 49 55 65 98
iliou 65
ilion 65
ilhve 27
icons 39
ilico 97
ilias 65
ilian 65
iliac 49
iliad 12 20 22 28 49 65 77 80 89 90
illam 49
illae 49
illud 7 49 77
illuc 49
illos 49
illmo 53
illma 53
illis 49 97
illic 49 98
illia 49
icque 53
ictum 49
ictus 49
illum 49
ida’s 65
ilong 53
ilque 53
iusti 55
ideen 63
idees 27
ideal 10 12 20 21 23 26 27 30 39 40 41 47 50 51 53 55 56 63 66 71 72 74 75 77 78 79 80 85 89 90 92
ideas 4 8 10 11 12 13 14 16 18 19 21 22 23 25 26 27 28 29 31 34 37 39 40 41 42 43 44 45 46 47 48 49 50 51 55 56 57 59 60 63 65 67 68 69 70 71 72 73 74 75 76 77 78 79 80 81 82 83 84 85 88 89 90 91 92 94 95 96 100
idea. 80
ideua 53
idest 63
imber 49
imbue 12 32 49 78 84 85 88
imago 49
image 1 4 10 12 13 15 16 18 19 20 23 24 26 27 28 29 31 32 33 35 37 38 39 40 41 42 43 44 45 46 49 50 51 53 54 55 57 63 64 65 66 67 69 71 72 73 74 76 77 78 79 80 81 83 84 85 88 90 92 93 94 95 96 97
idiot 3 6 10 12 14 21 22 23 31 37 39 40 41 42 44 50 55 68 69 70 72 77 78 79 80 84 93 94
idiom 12 20 40 49 55 77 79
idly. 71
idled 7 19 66
idler 12 21 40 42 44 51 74 85 90
idle. 38
imile 53
idoll 45
idols 20 26 30 33 41 45 47 49 53 60 66 67 71 72 88 94
idole 79
ivans 12
idque 49
imili 53
immer 63
imlah 10
idres 9
ivers 55
idrus 9
imola 7
ivied 5 55 71
impia 49 84 92
impel 14 18 26 39 65 77 78 85
impar 12
impos 83
imply 10 11 12 14 16 19 21 26 28 32 36 39 45 46 49 56 57 63 65 68 71 74 76 78 79 80 84 85 88 90 92 95
idyls 10 12
idyll 23
ivory 5 10 12 13 14 19 21 22 23 31 33 37 39 40 41 42 44 46 47 49 52 53 54 55 56 60 65 66 67 71 73 77 78 79 80 82 83 84 100
ivors 42
inagh 55
inare 53
inapt 39 71
inane 42
inani 49
inall 55
incit 49
inn’s 55
inch. 84
inces 55
incas 82
incur 2 4 7 11 12 28 29 32 34 44 49 71 72 73 76 77 78 79 80 89
incog 55 79
inept 41 45 49 50 82
inest 49
inert 12 28 34 39 40 43 44 46 48 51 56 79 80 89
iners 49
indir 20
indij 53
indio 53
indie 53
india 5 9 10 12 14 21 23 27 28 29 31 32 33 34 35 37 39 40 45 46 50 53 55 69 71 74 77 78 79 80 81 83 85 89 90 91 94 98 100
ino’s 22
index 9 12 21 22 40 45 46 51 55 63 68
inder 78
indem 63
indus 53
indum 49
induc 83
indra 28
ingot 13
ingle 55
ingin 40
inger 49 94
infra 53
infix 65
iello 53
infer 7 10 14 19 21 22 26 27 28 31 32 34 44 46 47 48 49 63 71 76 77 78 80 83 85 88 92 95
ingas 91
inigo 50
inlet 6 22 28 53 60 62 68
inlay 65
injun 55 66 69 70
inkle 55
inked 55 78
innis 83
innen 63
inner 10 12 13 14 18 19 21 22 23 26 27 28 29 31 34 36 37 39 40 41 42 44 45 46 47 48 50 51 54 55 56 57 59 60 63 65 68 71 72 74 76 77 78 79 80 83 84 85 86 88 89 90 92 94 95
input 63
inpre 53
inops 49
inque 49 53 97
into. 21
inter 9 12 26 27 34 40 49 55 56 57 62 65 79 80 92 96 98
intus 49
intro 15
intra 28 49 53
insit 49
insat 49
insue 12
instr 20
inves 70
inurn 65
inure 49
inyah 55
inwit 20 55
iogel 39
iolas 28
ionic 49 65
ionia 7 49 65 84
iopas 55
ixion 40 77 78
iosif 41
ioynt 53
