insane 5 10 13 14 16 18 21 23 26 27 28 29 37 39 40 41 46 48 54 55 56 66 71 72 77 79 80
insani 49
inanes 49
inands 91
inania 49
idling 10 26 69 76 80 94
inanzi 53
idlely 45
inaken 53
idlest 16 71 76 78
idlers 12 13 26 34 39 41 68 69 77 78 79 92
ionian 12 22 80 82
inrush 56
irides 55
ibuaia 53
ilands 45
ilande 53
ifthen 63
instep 21 42 44 55 79
instit 49
instil 32 72 77 79 96
instal 10 49
insula 49 77
insult 1 3 4 5 10 12 13 15 16 19 20 21 22 23 26 27 28 34 35 36 37 39 40 41 42 47 49 50 51 55 56 65 66 68 71 72 77 78 79 80 84 85 88 94 98
insure 4 12 18 27 40 44 55 60 65 72 77 79 84 86
iii.89 65
inspir 83
irrtum 63
injuri 89
injure 3 4 7 10 11 12 14 16 19 20 22 26 27 28 32 37 39 41 43 44 45 46 49 60 61 62 68 71 72 73 74 77 78 79 80 84 86 88 90 92 97 98
injury 1 4 5 7 10 11 12 13 14 16 18 19 20 21 22 24 26 27 28 29 35 37 38 39 40 41 43 45 46 48 49 50 54 55 56 59 60 61 65 68 69 71 72 73 74 75 76 77 78 79 80 81 83 84 85 86 88 89 90 92 94 97 98
injust 45
injuns 34 66 70
imogen 23
insita 49
insist 4 6 10 11 12 13 14 19 21 22 23 26 27 28 29 30 32 35 37 39 40 41 43 44 45 46 49 51 54 55 56 59 65 66 68 71 72 73 75 77 78 79 80 84 85 86 89 92 94
irises 23
inside 1 3 4 5 6 7 8 9 10 12 13 14 16 17 18 20 21 22 23 27 28 30 31 33 34 35 37 38 39 40 41 42 43 44 46 47 48 49 53 54 55 56 57 58 59 60 61 62 63 65 66 67 68 69 70 71 72 73 74 75 76 77 78 79 80 81 83 84 86 90 91 92 93 94 100
insect 5 10 12 13 14 17 28 32 37 40 41 42 43 44 49 50 55 69 73 74 79 84 90 93
insert 13 20 39 40 41 42 44 49 53 55 62 68 71 73 77 79 80 81 83 84 86
ithaca 22 65 80
immure 49 71 79
immune 17 48 55
itylus 22
izolla 53
inquam 97
inquir 83
inquit 49 55
iodine 12
immota 49
islets 40 53
iconia 12
inroad 10 13 78 97
ivytod 55
ithome 65
ismail 39
ismael 60 82
ismays 67
initio 53
iniquo 49
iniqui 49
inique 49
inions 40
iagogo 55
iulian 53
incurs 49 77
incurr 98
incubi 10 45
igrent 91
ilusha 41
ideots 97
income 1 7 10 11 12 13 14 16 19 21 28 34 36 39 40 41 43 44 47 50 51 55 60 65 69 71 72 75 76 77 78 79 80 83 84 85 89 93 94 96
isould 9
irtish 37
isotta 23
iasian 22
iasion 22
inclin 83
inlets 6 28 55
impune 84
impugn 7 92
incima 53
incite 20 49 53 55 65 73 86
incipe 49
impute 11 12 16 39 40 45 49 73 78 79 80 85 88
impure 4 10 12 26 28 39 41 45 49 54 76 78 80 88 92
iergue 12
inlaid 5 12 20 22 23 39 40 55 56 57 61 65 79
inland 15 22 28 31 33 34 40 46 48 55 68 97
inches 1 3 4 5 6 11 12 13 14 17 21 22 27 28 30 31 32 33 37 39 40 41 43 44 46 48 51 53 55 56 60 66 68 69 70 71 72 73 78 79 81 82 83 84 85 93 94
inmate 4 10 11 17 34 39 46 55 71 72 74 76 77 78 79 85 90 94
indios 55
indias 53
indian 4 5 6 10 12 13 15 17 21 22 27 28 30 31 33 34 35 40 42 46 47 49 50 51 52 53 55 60 65 67 69 70 71 72 73 74 75 78 79 81 83 84 85 90 91 92 94 96 97 98 99
indigo 12 55 72 79 81 84
indies 6 10 12 14 15 19 27 28 40 43 45 49 51 53 60 67 68 71 72 73 77 78 79 80 81 82 83
indien 53
indexy 46
indent 52
idol’s 66
indeed 1 2 3 4 5 6 7 8 10 11 12 13 14 15 16 17 18 19 20 21 22 23 25 26 27 28 29 30 31 32 33 34 35 36 37 38 39 40 41 42 43 44 45 46 47 48 49 50 51 52 53 54 55 56 57 58 59 60 61 63 64 65 66 67 68 69 70 71 72 73 74 75 76 77 78 79 80 81 82 83 84 85 88 89 90 91 92 93 94 95 96 97 98 99 100
inured 10 11 12 13 46 49 60 73 78 79 80 81 85 88
igitur 12 49 97
icaria 96
icarus 55 79
italic 49
italie 53
italia 7 53 55
impact 30 39 48 55
impair 14 16 49 68 71 77 80 88 97
impart 1 4 10 12 14 26 28 39 40 44 49 65 68 71 76 78 80 82 84 85 88 94
impale 79
intero 49
intern 63
interp 49
interr 83
inbred 78
intent 9 10 12 14 16 18 19 22 26 27 30 32 35 37 38 39 40 41 43 44 45 46 47 49 52 55 58 59 60 65 66 67 68 69 71 72 73 76 77 78 79 81 83 84 85 88 93 94 97 98
intend 1 4 5 10 11 12 14 18 19 20 21 23 27 28 32 35 37 38 39 41 42 43 44 45 46 47 49 50 55 56 58 65 68 71 72 73 74 75 76 77 78 79 80 81 83 84 88 90 92 94 95 96 97 100
iratus 49
iratos 49
inborn 10 18 31 56 71 78 79
icicle 40 72 93
inking 71
irasci 49
intake 43 54 86
intact 12 18 25 39 40 41 44 46 48 51 67 77 78 80 87
iuncho 53
iranza 53
iranzo 53
ipsius 49 98
iberos 28
iberia 65 77
incest 32 44 49 55 73 80
incert 49
incero 53
isolde 55 92
improv 83
imposs 55
impost 12 85
import 4 10 15 18 22 23 27 28 39 40 41 44 45 46 47 48 49 51 57 65 68 72 77 78 79 80 83 84 85 92
impose 10 11 12 16 18 19 26 28 32 37 39 41 45 46 49 59 67 68 71 72 73 77 78 79 80 81 83 84 85 89 92 94 95 96 97 98
illita 49
illius 49
imploy 45
ideals 23 26 37 41 42 43 47 51 56 75 80 89 92
introd 65 80
intres 55
impius 49
impish 13 56
intone 12
intosh 81
ivar’s 36
inkpot 37 39
impels 32 39 49 65 77 78 79 84 92
impend 65 74 78 90
impede 14 16 17 30 49 77 78 84 89
itself 1 3 4 5 6 7 8 10 11 12 13 14 15 16 17 18 19 20 21 22 23 24 25 26 27 28 29 30 31 32 33 34 35 36 37 38 39 40 41 42 43 44 45 46 47 48 49 50 51 52 53 54 55 56 57 59 60 61 63 64 65 66 67 68 69 70 71 72 73 74 75 76 77 78 79 80 81 82 83 84 85 87 88 89 90 91 92 93 94 95 96 97 98 99 100
itaque 49 97
idea’s 29
ivan’s 41
ixions 71
intire 97
israel 6 7 9 10 12 15 26 27 28 39 40 45 55 56 60 77 79 82 85 88 91 97 99
imaums 12
idylls 82
inerti 39 84
inning 70
ipecac 56
irving 52 55 66 81 83
imagne 49
images 1 4 9 12 13 14 20 23 27 31 35 37 39 40 41 42 45 49 54 55 57 63 64 65 66 68 71 74 77 78 79 80 84 85 88 90 91 94
imaged 74 85 90
imagin 45 83
inward 10 12 14 16 17 18 20 21 22 26 27 28 29 30 37 38 39 40 41 43 44 45 48 49 53 54 55 57 65 68 69 71 72 73 76 77 78 79 80 84 85 88 89 92 94 97 98
inemys 91
isaacs 23 55
imbibe 4 26 32 39 49 55 79 81 88
isabel 12 49 72 77
inform 1 4 6 10 11 12 13 14 15 17 18 19 20 21 23 27 28 31 33 35 37 39 40 41 44 45 49 53 55 56 65 68 71 72 73 74 75 76 77 78 79 80 82 83 85 90 97 98
infold 65
inflow 45
influx 10 28 42 55 79
infima 12
infirm 10 12 19 20 26 27 28 29 43 47 49 55 59 66 71 78 82 83 85 92 94
ielool 64
infers 12 49 65 77 92
inferi 12
infect 1 46 49 71 80 83 85 94
infest 28 49 65 73 84
iambic 20 65 80
infant 4 7 9 10 12 14 15 16 18 19 20 22 24 27 28 29 32 39 40 41 42 45 49 55 59 65 68 70 71 72 74 75 77 78 79 80 81 85 88 90 93 94
infamy 8 10 11 12 22 23 37 41 43 44 46 54 55 65 68 71 73 74 76 77 79 80 84 85 90
infame 78
infare 55
ireful 10 40 46 98
imilli 53
imille 53
iffley 55
ii.658 65
induce 4 7 10 11 12 13 14 16 17 18 19 21 23 27 32 34 37 39 40 41 43 44 45 46 48 49 51 53 54 55 65 66 68 71 74 75 76 77 78 79 81 83 86 89 90 92
indued 45 88
iatore 53
invita 49
invite 1 4 10 11 12 13 14 16 18 19 22 23 26 27 28 33 36 37 38 39 40 41 44 45 49 53 55 62 65 67 69 70 71 73 76 77 78 79 80 82 88 94
inmost 10 12 13 23 26 27 34 39 40 41 44 49 54 55 56 64 65 68 71 73 74 77 79 80 81 84 85 88 90 92 94
idomen 65
idonea 49
invece 55
invent 3 7 11 12 13 14 16 18 19 21 22 23 26 27 28 37 39 40 41 42 45 46 47 48 49 50 55 63 66 67 70 72 73 77 79 80 90 92 94 95 98
indraw 46
invest 10 13 14 27 40 47 49 55 65 66 70 77 78 79 85 88
invert 28 40 77 92
itches 49
itched 17 69 70
indoor 10 37 43 55 72 76 77
invade 7 10 12 18 39 40 42 45 46 49 60 65 66 73 74 77 90 97
indito 28
indite 12 14 40 42 84 88
innere 63
ialmen 65
innate 10 12 19 28 31 37 39 40 51 55 72 79 80 82 84 85 88 92 95
ibycus 63
invoco 49
invoke 4 10 20 28 29 31 43 45 49 64 71 77 79 89
ishing 14
istius 49
inhalt 63
inhale 10 12 26 35 39 40 52 69 79 84
ibaraa 82
idaeus 65
ibarra 77
irgend 63
iolcus 22 65
idaean 65
icetes 49
iolaus 65
iustum 55
ingulf 77
ilians 65
island 2 4 5 6 9 10 12 14 15 17 18 21 22 26 27 28 30 31 32 33 37 39 40 42 43 45 47 48 49 50 51 53 55 56 60 65 66 67 68 69 70 71 72 73 74 76 77 78 79 80 81 82 83 84 85 90 92 93 94 97 99
ignore 12 17 18 27 40 44 49 51 53 55 57 89 92
ignori 53
ischia 26
ignoto 79
inhume 65
iliads 12
isn’t. 41
ipheas 65
immani 97
ignite 12 40 86
istud. 49
ifaith 55
ignior 53
igneus 49
istria 55
ivory. 31
ignava 49
ignave 49
ingage 45
ibille 53
isself 46
issais 12
imbued 12 14 39 49 55 65 74 76 80 82 84 85 89 90 92
imbres 49
iterum 49 55
imbrus 65
iveagh 55
ilya’s 41
ibidem 49
infuse 49 60 65 71 74 77 88 90
isaiah 4 12 13 26 40 45 49 81 88 99
ingram 10 55
idioms 12 39 49 77 79
idiots 10 12 28 33 37 45 48 50 55 70 72 76 77 82 94
ingons 91
issues 9 12 21 26 39 40 49 53 54 65 73 77 78 83 86 89
issued 6 7 9 10 12 13 14 16 17 19 20 22 30 31 32 37 39 40 44 49 51 52 55 60 65 67 68 69 71 72 73 74 76 77 79 82 84 85 88 90 93 94
ingots 27 55 70 79 86
ironie 26
ironic 27 29 31 39 57
ironin 94
ironed 12 14 17 27 46 55 56 66 72 77 93 94
idiocy 10 37 39 41 66 72 80 92 96
idreus 65
inpenc 63
ingles 51
icebox 18
ingeld 20
ingens 12 27 49
ibises 23 100
ingerd 91
irocho 53
