imperet 49
imperas 49
inspire 4 7 10 11 12 14 16 19 23 27 28 29 32 39 40 44 49 51 53 65 71 74 75 76 78 79 80 81 82 83 84 88 89 90 92
imperil 76 77
imperio 49
imperia 49
impetit 49
inabled 45
impetus 10 32 39 40 47 48 49 51 55 68 71
impetum 49 97
imitans 49
imitate 1 7 11 12 17 18 19 21 26 28 33 35 39 41 45 46 49 50 55 61 65 66 68 70 71 73 74 77 78 79 80 81 83 84 88 90 92 94
imitari 49
imitara 53
inferre 45
inferos 49
inferni 45 98
inferno 7 13 31 45 49 55 65 79 84
infermo 53
infermi 53
iscalin 49
infesto 49
infesta 49
itching 6 28 44 49 55 70 78 88 92
impends 65
inspect 1 5 12 13 16 18 19 21 27 39 42 43 44 46 56 67 68 69 72 77 79 80 88
ivanhoe 94
itcheth 26
ingroia 22
inboard 6 40
ingross 97
impelli 49
ilyitch 41
infelix 12 49
icicles 20 28 40 55 57 93 100
indexes 63
indexed 43 82
incased 28
impeach 9 40 55 68 76 98
issoire 12
ingress 46 55 76 79 84
inertly 12
inertia 12 39 49 55 57
impeded 7 10 12 39 47 48 49 55 68 79 84 85
impedes 39 89
ishmael 40
iniquas 49
ingrain 27 84
indents 49
ingrata 49
ingrate 12 14 77
infects 10 12 36 49
inkhorn 27
ideated 55
iphitus 22
ilandes 53
injures 7 44 65 79 88 89 92 97
injured 4 6 7 10 11 12 13 14 15 16 19 20 21 26 27 30 34 37 39 40 41 42 45 46 48 49 50 55 56 57 59 64 65 68 69 70 71 72 73 74 76 77 78 79 80 85 88 90 91 92 94 97
injurer 74 90
injuria 97
injurie 45
indeedy 70
indeed. 16 71
illgirt 55
immissi 49
istsbeg 55
imbrius 65
imponit 49
igniore 53
inshore 31 33 40 48 55 70
informs 10 11 15 16 39 41 49 65 71 73 77 78 79 80 93 94
informe 45
inforce 19 97
ignibus 49
iglioni 53
imbrace 45
iutorto 49
illicit 12 49 55
inachus 80
intulit 49
iustiti 55
imbibed 10 19 32 37 39 49 52 71 74 77 85 88 90 94
imbibes 13 28 51 84 85
indoors 5 6 10 12 13 16 18 21 22 29 34 38 39 41 43 47 48 54 57 71 72 77 78 80 93
indorse 43
isabeau 12
inherit 10 11 14 15 19 21 22 24 28 36 39 43 44 45 49 51 52 54 55 68 71 77 78 79 85 97
ireland 2 4 9 10 12 16 27 28 32 40 42 50 51 55 74 78 80 83 84 90
inganni 7
itselfe 98
itself. 71 77
irksome 10 11 16 19 20 28 37 39 40 41 42 46 49 69 71 72 74 78 79 81 85 90 94
injects 53 55
immured 12 49 74 77 90
illatae 97
innocui 84
immutat 49
idothea 22
ignarus 49 55
inglese 60
ismarus 22
irene’s 21
idemque 49
inclyte 49
immunis 49
ignavum 49
insists 7 10 11 12 13 21 22 23 37 38 39 41 46 49 51 56 77 78 79 80 92 94 96
iciness 26 40 84
inpetuo 53
initial 6 10 12 14 22 27 34 37 45 51 55 62 70 71 73 76 77 79 81 84 92
include 1 2 3 4 5 6 7 8 9 10 11 12 13 14 15 16 17 18 19 20 21 22 23 24 25 26 27 28 29 30 31 32 33 34 35 36 37 38 39 40 41 42 43 44 45 46 47 48 49 50 51 52 53 54 55 56 57 58 59 60 61 62 63 64 65 66 67 68 69 70 71 72 73 74 75 76 77 78 79 80 81 82 83 84 85 86 87 88 89 90 91 92 93 94 95 96 97 98 99 100
ipswich 71 99
insipid 10 11 12 16 19 31 49 66 69 72 73 77 82 84
initium 12
ilion’s 65
insieme 53
inmates 4 6 10 11 13 17 27 32 37 39 40 41 45 46 54 68 69 71 72 74 76 79 83 85 90 94
inclose 65 83 97
insight 7 10 16 20 21 26 27 28 31 32 35 37 39 41 45 49 51 65 71 73 74 77 80 83 85 88 90 92
islesen 84
imbrute 28
ichabod 38 52
incubus 36 71 84
incline 6 10 12 16 26 27 28 39 40 43 45 46 47 48 49 54 55 65 66 71 74 77 78 79 80 88 89 90 92
inside. 26
insidet 49
insides 14 30 48 50 55 68 70 71 77 81
insider 40
impower 97
ignites 86
ignited 4 12 40 55 86 93
innerds 70
imbrued 14
imposed 1 2 3 4 5 6 7 8 9 10 11 12 13 14 15 16 17 18 19 20 21 22 23 24 25 26 27 28 29 30 31 32 33 34 35 36 37 38 39 40 41 42 43 44 45 46 47 48 49 50 51 52 53 54 55 56 57 58 59 60 61 63 64 65 66 67 68 69 70 71 72 73 74 75 76 77 78 79 80 81 82 83 84 85 86 87 88 89 90 91 92 93 94 95 96 97 98 99 100
imposes 12 26 39 49 76 79 80 92
imports 13 28 40 43 45 49 73 80
imposts 12 76
innemys 91
imbroil 97
innyard 39 44
infiato 53
infidel 32 37 40 41 45 49 55 71 83
iosif’s 41
inkling 6 10 12 13 14 27 29 30 37 40 41 43 44 47 48 49 51 55 92
inanity 49 55
identit 63
ictibus 49
incedis 49
indraft 60
indigne 49
indigna 49
indiget 49
indiges 55
imagins 45
imagine 1 3 4 5 6 7 10 11 12 13 14 16 19 20 21 22 23 25 26 27 28 29 31 32 33 34 35 36 37 38 39 40 41 42 43 44 45 46 47 48 49 50 51 54 55 56 57 58 59 60 61 63 65 66 67 68 69 70 71 72 73 74 75 76 77 78 79 80 82 83 84 85 88 89 90 92 94 95 97 98
imaging 28
imulati 53
invests 7 27 40 55 68 77 78 79 80 85 88 89
idolize 12 65 85
indrawn 46
inverts 92
inverse 12 39 49 55 80 92 96
inroads 16 18 27 51 72 73 74 90 96 97
ipsoque 49
iberian 39
indiany 53
indians 4 6 12 13 15 21 23 27 28 30 34 40 42 49 51 53 60 69 71 73 78 79 81 82 83 85 91 92 97 99
indiano 53
indiana 13 27
indices 55 63
invents 12 13 23 33 37 41 55 80 92 94
inventa 49
indicat 49
iconium 45
imagery 19 27 45 56 63 65 80 90
images. 80
isteian 65
invenio 97
invenit 49
inveigh 49 51
inedits 49
insanos 49
insanit 49
inwit’s 55
interea 49
interne 63
interno 45
interit 49
interim 10 12 15 19 21 49 55 72 79
illsome 46
iuiglia 53
intense 1 4 12 13 17 18 20 21 23 25 27 28 29 30 31 32 34 37 39 40 41 43 44 46 47 48 51 55 56 57 61 65 67 68 69 71 72 73 74 76 77 78 79 84 85 88 89 90 93 94
i.n.r.i 55
intents 9 19 20 22 40 45 46 49 51 55 78 79 81
intenta 49
inguine 49
inguina 49
intends 7 10 12 16 19 20 22 34 39 41 43 46 49 56 63 68 71 77 78 79 80 89 94 97 98
intende 53
irkutsk 41
igraine 9
integer 49
integra 49
inuring 49 74 90
icarian 28 65
inutile 45
icarius 22
ingerit 49
imbutis 49
irlande 55
iapetus 65
istorie 7
infamia 49
inquest 14 21 23 29 37 42 43 46 55 67 68 69 78 79 85
infamis 49
iyadawa 66
ingemit 49
ingenui 49
isidore 55
ingenio 49 53 60 98
ingenii 49
isolato 40
isolate 34 40 49 63 80
i’faith 77
improve 3 4 5 11 12 14 15 16 19 23 25 26 27 28 32 34 37 39 41 44 45 46 47 49 51 55 65 68 71 72 73 75 77 78 79 80 81 83 84 89 93 94 96 97
ingegno 49
improbe 49
improba 73
involve 4 11 12 15 16 19 23 27 29 40 41 49 54 65 68 71 76 77 78 79 80 84 85 86 89 92 93 95
isoud’s 9
instiga 49
invoice 31 46
infixed 40
invokes 53 55 65 72 79
invoked 1 10 12 22 29 31 39 40 45 46 51 53 65 68 72 74 77 79 80 81 84 89 90
infirmi 53
instent 49
insteps 18
intorno 7 53
impinge 7 42
instead 1 2 3 4 5 6 8 9 10 11 12 13 14 15 16 17 18 19 20 21 22 23 25 26 27 28 29 30 31 32 33 34 35 36 37 38 39 40 41 42 43 44 45 46 47 48 49 50 51 52 53 54 55 56 57 58 59 60 61 63 65 66 67 68 69 70 71 72 73 74 75 76 77 78 79 80 81 82 83 84 85 86 87 88 89 90 91 92 93 94 95 96 97 98 99 100
imprint 9 12 18 19 27 39 45 49 54 55 60 79
impious 10 12 15 39 40 45 49 65 68 71 77 79 80 81 88 89
iacchia 55
install 12 27 71 72 79
instant 1 4 5 6 10 11 12 13 14 15 16 17 18 19 21 25 26 27 28 29 30 31 32 33 34 37 38 39 40 41 42 43 44 45 46 47 48 49 51 53 54 55 56 57 58 60 61 65 67 68 69 71 72 73 74 76 77 78 79 80 81 82 83 84 85 87 88 90 91 92 93 94 96 97
immense 3 5 6 7 10 12 13 14 16 18 21 23 26 27 28 29 31 32 34 35 37 38 39 40 41 42 43 44 46 47 48 49 50 51 52 53 54 55 56 61 65 68 71 72 73 74 76 77 78 79 80 81 82 83 84 85 88 90 91 92 93 94 96 100
incests 55
intoned 12 51 55 65
inceste 49
infix’d 65
inhians 49
infinie 92
immerse 65 66
impress 1 5 10 12 13 14 18 22 27 28 29 30 31 32 37 39 41 43 44 46 48 49 51 53 55 56 65 66 71 74 76 77 78 79 80 81 83 84 85 88 89 90 94
imprest 45 77
impiety 40 45 49 68 71 78 79 80 85 88 89
immemor 49
inwards 3 12 13 39 40 44 45 49 54 60 68 80 83
impiger 49
incerta 49
idquire 68
italien 79
italics 15 26 32 34 45 55 63 66 92
italici 7
italian 5 7 9 10 11 12 13 16 17 18 20 21 22 23 27 36 39 40 41 42 44 49 50 53 55 56 60 63 65 66 67 71 73 74 77 78 79 82 83 84 88 90 92 94 96
italiam 49
indites 77
indited 81 88
immejit 13
incense 10 12 13 22 23 26 28 37 39 40 41 45 49 51 53 55 65 66 79 80 88 92 93
iliadic 22
inaptly 65 71 78
issuing 6 10 12 37 39 40 42 55 65 69 71 72 74 76 77 78 79 80 84 85 86 90 94
illdyed 55
innings 55
ingoing 55
issueth 45
idyllic 1 17 55 96
ilesion 65
idiotic 3 10 12 18 28 37 39 40 41 46 50 55 66 68 70 71 72 75 76 84 92 94
idiotcy 78
insured 13 14 19 28 37 40 48 55 77
insurer 14
insures 79
itsseln 72
insults 4 12 15 27 37 39 41 51 65 68 72 76 77 79 80 81 82 84
insular 28 30 40 55
iscolas 49
insumus 49
irritum 49
idoneus 49
immoral 10 11 12 23 26 28 39 41 42 51 55 71 75 78 80 89 92
immolet 49
iooking 55
impasse 12
iambing 55
imparts 10 12 28 40 49 55 65 68 76 78 80 84 85 88
inhaled 12 18 26 35 39 40 55 79
inhales 12 23
inexact 12 49 53 54 80
incomes 13 51 89
incomer 46
ileadic 22
impairs 40 80 95
infants 2 4 8 12 14 18 19 20 24 28 29 35 39 40 45 49 53 55 65 68 71 73 76 78 79 80 84 85 88 94 97
infante 77
infanta 28 77
ingwins 20
infancy 1 4 11 12 14 15 16 19 22 27 28 32 40 41 44 45 49 55 56 65 68 71 72 73 74 76 77 78 79 80 84 85 88 90 93 95 96 97 98
ironing 10 27 42 55 56 72 94
ironist 92
ironies 12
inhabit 1 10 12 19 20 28 45 46 48 49 53 55 65 72 73 74 82 84 89 90 97
impaled 1 44 49 55 77 80 82
inquire 4 5 7 9 10 12 13 14 15 16 19 21 23 26 27 28 31 36 37 38 39 40 41 43 45 46 49 51 54 60 63 65 68 70 71 72 73 76 77 78 79 80 81 82 83 84 85 91 93 94 95 97 99
inquiry 1 4 10 12 13 14 15 16 18 19 20 21 27 28 29 31 34 37 39 40 41 42 43 44 46 47 49 51 52 60 63 67 68 71 72 73 75 76 77 78 79 80 81 83 84 85 89 93 94 95 99
inscius 49
irrigat 49
invidit 49
invidia 49
ippolit 41
ipsaque 49
indurli 53
iceberg 10 40
intress 91
implant 80 81 92
indulge 4 7 10 11 12 13 16 19 21 27 28 29 32 36 39 40 44 55 56 65 66 68 71 72 74 77 79 80 81 83 84 85 89 90 94
inflexo 49
inflexu 49
iphytus 65
intreat 16 19 49
iderato 53
intimit 39
inflict 4 7 10 11 12 19 27 32 39 41 44 45 46 49 54 57 65 68 71 72 74 76 77 79 80 84 85 89 90
inchoat 49
intrans 20
ineptum 84
ineptly 26 67
intrare 49 53
intrati 53
inflate 26 49 79 86
intrate 53
inflame 26 28 44 49 65 77 88
insects 4 5 6 12 14 18 21 26 28 38 39 40 41 47 51 53 55 62 65 68 73 78 79 81 86
induces 1 7 39 71 79 80 81 83 85 89 92 96
induced 1 4 7 9 10 11 12 14 15 16 18 19 22 23 26 27 31 32 37 39 40 41 42 44 45 48 49 50 51 53 57 65 68 71 72 74 76 77 78 79 80 81 82 83 84 85 89 90 92 97
islands 6 12 15 17 18 22 26 27 28 31 33 37 39 40 43 45 46 49 50 51 53 55 60 65 66 69 70 73 74 77 78 79 80 81 82 83 84 90 94
island. 22 43
inches. 22
innards 39
ivories 23
inducas 49 55
inducat 49
isthmus 28 40 49
illness 1 4 5 7 8 10 11 12 13 14 16 18 19 20 21 22 26 27 29 31 32 36 37 39 40 41 42 43 44 46 49 55 56 57 59 60 68 69 71 72 74 75 76 77 78 79 80 81 82 84 89 90 92 94
izanagi 66
illegal 10 12 13 21 32 39 49 51 55 68 73 80 81 97
iogel’s 39
imogene 12
inlarge 97
itemsep 63
inthron 83
incited 7 12 39 40 41 43 49 65 73 78 79 80 81 85
incites 21 40 49 65
injungo 45
invalid 1 5 10 11 12 13 14 16 19 23 26 31 37 39 41 42 43 45 49 55 59 66 68 71 72 75 77 78 79 80 83 84 89 94
insofar 92
irately 55
iceland 10 28 40 46 84
ideally 12 89
irruent 55
incipis 49
incipit 9 49 98
ibusson 53
increas 83
iamenus 65
invades 1 12 15 49 65 66 80 89 97
invader 40 45 46 73 74 90
invaded 1 4 7 12 18 20 30 31 35 39 40 44 45 49 60 72 83 89 97
ideabus 41
ignotas 49
ignotum 21 46
icecaps 55
imputed 11 12 16 19 29 39 40 45 49 73 79 85 97
inhuman 2 7 22 26 31 39 40 41 47 48 49 55 60 65 68 73 74 76 77 80 81 82 84 90 92
inhumed 84
inuerno 53
ilqalle 53
invitum 49 97
invisum 49
invites 4 16 20 22 26 28 41 49 53 65 78 79 80 95
invited 2 3 4 5 7 10 11 12 13 14 16 17 18 19 21 22 23 26 27 29 31 32 35 37 38 39 40 41 42 44 45 48 49 50 51 53 55 56 57 58 60 61 62 65 66 67 68 69 70 71 72 73 75 76 77 78 79 80 81 82 83 84 85 88 89 91 94 98 99 100
iudicia 55
invitis 49
implyed 45
ignores 12 39 40 41 49
ignored 7 12 18 26 30 31 41 42 56 57 70 89 94 95
intrust 10 27 49 70 79 97
impulse 1 4 6 7 10 11 12 13 14 16 18 19 21 22 23 26 27 28 29 30 31 37 39 40 41 42 43 44 46 47 48 49 51 57 65 66 67 68 69 71 72 73 74 76 77 78 79 80 81 82 84 85 89 90 92 93 94 96
intacta 55
infuses 49 77
infused 10 14 22 23 27 35 45 49 52 55 65 73 74 76 77 79 80 85 88 90
invisis 49
infusus 49
inserts 55 77 78
ithacus 22 65
impugne 45
ionicos 49
inserit 49
ithaca. 22
influit 49
ignobly 65 71 76
ignoble 10 12 23 28 39 40 41 49 65 71 72 74 77 78 79 80 88 90 92
implore 4 10 12 13 16 21 22 27 39 41 44 46 49 56 65 69 71 72 76 77 79 80 81 83 84 85 94
intrude 10 11 14 27 37 39 41 42 43 46 49 68 69 71 74 75 78 79 85 88 90
ispahan 79 83
implied 1 2 3 4 5 6 7 8 9 10 11 12 13 14 15 16 17 18 19 20 21 22 23 24 25 26 27 28 29 30 31 32 33 34 35 36 37 38 39 40 41 42 43 44 45 46 47 48 49 50 51 52 53 54 55 56 57 58 59 60 61 63 64 65 66 67 68 69 70 71 72 73 74 75 76 77 78 79 80 81 82 83 84 85 86 87 88 89 90 91 92 93 94 95 96 97 98 99 100
implies 7 11 12 14 19 21 22 26 27 28 41 45 49 55 63 79 80 84 89 92 95
ixion’s 65
introit 55
ictuque 49
