imbodied 97
inchased 23
inroll’d 65
iridzman 55
iscariot 45 55
intrudes 49
intruder 4 5 10 11 12 19 21 28 29 31 33 39 41 57 64 69 72 77 78 79 80 84 85 94
intruded 10 19 66 69 72 79
ignobler 65
insecure 4 7 49 55 68 69
immittit 49
impulses 10 11 12 13 15 18 23 26 28 30 31 37 39 41 49 50 54 55 57 60 65 68 74 76 77 79 80 84 85 88 89 90 92 94
ingram’s 10
intirely 15
insect’s 69
ingraham 28
idolater 45
idolatry 12 15 23 26 45 49 55 71 73 77 80 82
idolator 40 45
ilusha’s 41
inkerman 48
ichoglan 82
infirmum 49
immortal 4 6 10 12 14 20 22 24 27 28 39 40 41 45 46 49 53 55 56 65 66 69 70 71 72 73 74 76 77 78 79 80 83 84 85 88 90 91 92 93 94 98
infirmly 73
indocile 49
industry 2 4 7 10 12 13 14 16 23 26 27 28 32 34 38 39 40 42 43 45 47 49 51 54 60 65 69 71 72 73 76 77 78 79 80 81 83 85 86 89 91 92 93 94 96 97 100
indolent 1 11 12 16 19 20 26 27 39 40 47 57 65 66 68 77 79 80 83 85 89 94
ilithuia 22
irving’s 66 85
ingrates 12 77 82
ingratis 49
ingratum 49
inaction 4 14 27 39 42 49 74 77 78 79 89 90
inactive 5 10 12 17 27 39 40 44 47 55 65 77 79 85 88 89
ilioneus 65
individu 39
insurers 14
implicat 49
implicit 4 11 21 27 37 40 41 43 49 55 63 65 71 77 78 79 84 89
incumbit 49
implieth 26
infested 1 12 31 39 49 52 56 69 73 82 83
infestis 49
insuring 14 55 77
ignemque 49
impinged 48
indented 9 26 28 44 49 70 79 84
injected 48 54 55 79
inconnue 84
identity 1 4 10 12 14 21 22 26 27 29 32 34 39 40 41 42 43 54 55 57 63 67 68 70 71 78 79 80 83 84 85 90 93 95 98
insanias 49
insanity 1 10 12 13 23 26 27 28 31 37 39 40 41 46 48 55 71 72 74 77 79 80 81 85 89 90 92
intactum 49
incontra 53
itinerar 49
identify 1 2 3 4 5 6 7 8 9 10 11 12 13 14 15 16 17 18 19 20 21 22 23 24 25 26 27 28 29 30 31 32 33 34 35 36 37 38 39 40 41 42 43 44 45 46 47 48 49 50 51 52 53 54 55 56 57 58 59 60 61 63 64 65 66 67 68 69 70 71 72 73 74 75 76 77 78 79 80 81 82 83 84 85 86 87 88 89 90 91 92 93 94 95 96 97 98 99 100
inlarged 97
ironclad 13 48
imputing 11 49 79
iphthime 22
injuriam 97
injuriae 97
iauelins 53
injuring 7 11 12 21 26 28 39 41 44 59 73 76 77 80 89 92
immature 26 48 55 76 84 85
injuries 6 7 10 11 12 13 14 15 16 19 20 21 39 41 42 45 46 49 55 59 65 68 71 72 73 74 76 77 78 80 81 82 83 84 90 97
icefield 40
inhumane 28 99
impolite 16 39 56
inwented 68
inedible 59
innocent 2 4 5 6 9 10 11 12 13 14 16 17 18 19 21 22 23 24 25 26 27 28 29 32 34 36 37 38 39 40 41 42 43 44 45 49 50 51 54 55 56 59 60 61 63 64 65 66 68 69 70 71 72 73 74 75 76 77 78 79 80 81 82 84 85 86 88 89 90 92 93 94 95 97
injureth 26
injurers 26
inforced 19 53 96 97
iphytion 65
inuernar 53
insanely 21 39 71
incipiet 49
inundate 12 48
idleness 2 6 7 11 12 13 16 18 19 26 28 31 33 37 39 40 41 42 44 49 55 69 71 72 73 74 76 77 78 79 80 81 83 84 85 88 89 90 92 94 96 100
incipiam 49
inducere 49
indietro 53
iniquity 4 7 12 22 27 32 37 41 42 45 54 60 77 78 80 81 85 88 89
impended 14 71 76 79 84
impendet 49
inducing 40 55 68 71 77 78 79 89
indomito 49
informis 27
insolent 4 7 10 11 12 13 14 15 16 17 18 19 22 23 26 31 37 39 40 41 45 46 49 51 53 55 60 65 67 68 72 73 74 76 77 78 79 82 83 90 92 97
iphinous 65
informed 2 4 7 9 10 11 12 13 14 16 18 19 20 21 22 23 27 28 29 31 32 34 35 37 38 39 40 41 42 43 44 45 46 49 50 51 53 55 56 60 65 66 67 68 69 71 72 73 74 75 76 77 78 79 80 81 82 83 84 88 89 90 91 92 94 97 98 99
informer 10 12 14 20 49 50 68 73 76 80 83
informal 13 42 66 83 94
indexing 21
improper 4 11 12 15 16 25 27 31 32 39 41 44 45 46 47 49 50 55 60 68 71 72 75 80 83 85 86 89 92 94
idlewild 56
indulged 4 10 11 12 14 16 18 19 21 26 27 28 29 32 39 40 41 44 54 55 56 65 66 68 69 71 72 74 77 79 80 81 84 89 90 92 94
indulges 12 27 28 49 80
indulget 49
irritant 25
irritata 49
irritate 5 10 16 17 25 26 37 39 41 42 49 51 56 71 77 79 84 88
ignition 40 55 86
igniting 40 48 71
insidere 49
ivanitch 37 41
inquests 69 78
irishmen 28 32
improves 11 14 16 44 46 49 56 77 80 94 97 100
improved 4 5 7 10 11 12 13 14 15 16 18 19 21 27 28 31 32 34 37 39 41 42 44 45 46 47 49 50 51 55 56 60 65 68 69 71 72 73 74 76 77 78 79 80 82 83 89 90 93 94 96 97
irishman 4 13 27 28 32 50 55 56 60 83
inductis 49
inducted 7 14 78
impidint 5
imparted 4 7 10 11 12 14 16 19 27 28 34 39 40 44 45 47 48 49 55 57 60 68 69 71 72 74 76 78 79 80 85 88 90
ignominy 10 12 26 37 40 41 42 45 49 71 73 74 85 90
idiotics 55
imperata 45 49
inkwhich 78
intitled 97
iphigena 65
impaired 14 18 41 43 49 68 69 70 71 73 76 78 79 84 88 92 95
icefloes 55
infelice 53 77
intrench 13 49 97
i.o.u.’s 41 71
indrieto 53
inkhorns 55
intrepid 12 40 49 65 69 77 79 80 81 82
infected 12 26 35 37 39 40 46 48 49 51 68 71 73 76 78 79 80 82 83 84 88 92 95
infamies 7 12 13 37 39
immolate 65 76
imagined 1 4 5 6 7 9 10 11 12 13 14 16 18 19 26 27 28 29 30 31 32 34 35 37 39 41 42 43 44 45 46 47 48 49 51 52 53 55 56 57 59 60 61 63 65 66 67 68 69 71 72 73 74 76 77 78 79 80 81 82 83 84 85 88 90 92 94 95 97
imagines 12 16 20 23 37 39 40 45 49 55 65 72 77 78 79 80 84 85
impransi 49
includes 1 2 3 4 5 6 7 8 9 10 11 12 13 14 15 16 17 18 19 20 21 22 23 24 25 26 27 28 29 30 31 32 33 34 35 36 37 38 39 40 41 42 43 44 45 46 47 48 49 50 51 52 53 54 55 56 57 58 59 60 61 63 64 65 66 67 68 69 70 71 72 73 74 75 76 77 78 79 80 81 82 83 84 85 86 87 88 89 90 91 92 93 94 95 96 97 98 99 100
included 1 2 3 4 5 6 7 8 9 10 11 12 13 14 15 16 17 18 19 20 21 22 23 24 25 26 27 28 29 30 31 32 33 34 35 36 37 38 39 40 41 42 43 44 45 46 47 48 49 50 51 52 53 54 55 56 57 58 59 60 61 62 63 64 65 66 67 68 69 70 71 72 73 74 75 76 77 78 79 80 81 82 83 84 85 86 87 88 89 90 91 92 93 94 95 96 97 98 99 100
iadopere 53
iligin’s 39
impunity 4 11 12 13 21 22 28 32 37 40 41 44 45 49 52 55 79 81 84 85 88 89 97
invasion 7 12 15 27 31 39 40 41 45 47 48 49 65 73 78 80 81 86 89 97
innovate 45 90
infamous 6 7 10 11 12 14 16 19 20 23 29 31 33 36 37 39 41 43 44 49 50 68 71 72 73 76 77 78 79 81 83 89 92 93 96 98
introduc 83
inveigle 81
islamism 53
immanuel 46 95
ideality 23 27 40 78 79 84
idealism 37 41 50 80 95
idealise 92
idealist 26 37 41 51 63 80
idealize 12 50 80 92
iphyclus 65
indigant 12
inherent 7 12 15 27 28 39 40 41 49 51 55 60 79 80 84 89 92 95
ironwork 12 60
iaonians 65
indigent 10 12 49 55 88
inclusam 49
incertam 49
inclusum 49
initials 10 12 21 40 42 43 55 56 66 69 71 75 76 79 85 94
initiate 35 40 44 49 79 92
inherit. 12
inherits 16 77 79
inhering 80
innegent 91
incassum 49
intimacy 1 10 11 12 14 15 16 18 19 20 21 23 30 31 37 39 40 41 42 43 44 49 50 51 54 55 56 57 67 68 71 72 74 76 79 83 84 85 88 89 90 92
insomuch 7 9 14 40 45 49 52 55 60 65 71 73 76 77 78 80 81 85 88 89
inspicit 49
intimate 1 5 7 10 11 12 13 14 16 18 19 20 21 23 26 28 29 30 31 34 35 36 37 39 40 41 42 43 44 47 49 50 51 53 55 56 64 65 66 67 68 71 72 73 74 76 77 78 79 80 81 82 83 84 85 88 89 90 92 94
isolated 1 6 10 12 21 25 26 27 35 37 39 40 41 44 48 51 55 57 67 69 76 77 79 80 85 89 92 95 96
incircle 65
imprints 12 49
infant’s 2 16 24 39 55 68 79 85
imprimit 49
imprimis 40 73
introibo 55
imagin’d 49
inverted 23 40 45 49 53 55 71 84 92
inversis 49
imprison 12 23 44 45 48 49 66 73 79 83
insinuet 49
iturbide 12
inexpert 49
infusion 12 18 27 45 49 55 71 77 80 85 89
infusing 18 44 49 71 74 79 89 90
infidell 45
infidels 7 9 10 37 41 45 74 79 88 89 90 99
impudent 5 10 11 12 16 17 22 26 27 28 29 32 37 39 41 44 49 50 51 55 57 58 68 70 71 77 79 84
inspired 4 5 6 9 10 11 12 13 14 16 17 18 19 22 26 27 28 29 31 32 34 37 39 41 44 45 46 47 49 50 51 55 56 60 65 67 69 71 74 76 77 78 79 80 82 84 85 88 90 94
inspires 11 12 28 34 39 44 49 65 66 75 77 79 80 82 85 92
inspirer 12 89 94
islander 28 81
islands. 53
immobile 23 39 42 59
infantes 77
impowers 97
innumero 49
infantwy 39
infantry 7 12 16 33 34 37 39 41 49 55 67 77 78 82
insoweit 63
insulsum 98
ircepais 53
insulted 1 4 5 7 10 11 12 15 16 19 22 35 37 38 39 40 41 49 50 55 56 60 65 66 71 72 74 77 79 80 81 83 85 89 90 94
inhabite 45
inhabits 12 49 74 79 90
inwardly 7 10 12 13 14 17 18 22 26 27 28 35 37 39 41 44 45 46 49 55 57 60 68 69 71 78 80 88 92 94 97
incessit 49
infusori 12
imbribus 28
intended 1 2 4 5 6 7 9 10 11 12 13 14 15 16 18 19 20 21 22 23 26 27 28 29 30 31 32 33 34 35 37 38 39 40 41 42 43 44 45 46 49 50 52 53 55 56 58 59 60 61 63 65 66 67 68 69 70 71 72 73 74 75 76 77 78 79 80 81 82 83 84 85 88 89 90 91 94 95 96 97 99
implants 80 92
incestos 49
imbruing 14 49
isidor’s 41
invoices 46
invoiced 46
ideology 12 79 92
inisfail 55
instinct 1 5 6 10 12 13 17 18 21 22 23 26 27 28 29 30 34 37 39 40 41 42 43 44 46 47 49 50 51 54 55 57 65 67 68 69 70 71 72 73 74 75 76 77 78 79 80 81 83 84 85 88 89 90 92 94
insights 35 92
iroquois 40 53 79 83
impaling 28 40 44 78
inchoate 55 88
invisior 49
irenaeus 49
incision 12 46 49 55 82 84
incisive 17 21 29 41 43 96
invested 10 12 13 14 18 21 23 27 30 39 40 41 45 48 49 51 52 55 71 76 77 78 79 80 84 85 94 97
intenser 57
intently 5 11 12 14 16 17 21 23 27 29 34 36 37 39 40 41 42 43 44 46 48 55 56 57 67 68 69 71 72 74 76 77 78 79 84 85 88 90 93 94 95
inkstand 3 5 12 14 39 40 41 68 71 77 78 79 94
incisory 26
imbruted 27 32
insontes 49
impugned 22 89
instruct 4 11 12 15 22 27 32 35 37 44 45 49 52 53 55 60 62 65 73 77 78 79 80 81 83 88 97 98
instable 49
inbotide 53
inzbrack 98
illfated 55
innuendo 55 67 73
inflicts 12 46 53 65 77 79 92
infinita 49
infinite 6 7 10 11 12 13 14 16 21 22 23 26 27 28 29 31 34 37 39 40 41 43 44 45 46 48 49 50 51 52 53 54 55 56 60 63 64 65 67 71 72 73 74 76 77 78 79 80 81 83 84 85 88 89 90 92 94 95 97 98
infiniti 53
infinity 1 12 16 22 28 39 40 41 48 49 55 63 74 77 78 80 84 89 90 95
inganati 53
inquieti 49
insofern 63
invalide 45
invalids 5 12 13 16 26 75 80 92 94
insignia 13 39 49 55 65 67 79
insignem 97
institut 12 49
ilsabill 38
inhaling 28 35 39 40 42 48 55 68 71 79
inpenade 53
increase 1 4 6 7 9 10 11 12 13 15 16 17 19 22 23 24 26 27 28 29 30 32 34 35 37 39 40 41 43 44 45 46 47 48 49 50 51 53 55 60 65 68 71 72 73 74 75 76 77 78 79 80 81 82 83 84 85 86 88 89 90 92 94 95 96 97
indirekt 63
indirect 1 2 3 4 5 6 7 8 9 10 11 12 13 14 15 16 17 18 19 20 21 22 23 24 25 26 27 28 29 30 31 32 33 34 35 36 37 38 39 40 41 42 43 44 45 46 47 48 49 50 51 52 53 54 55 56 57 58 59 60 61 63 64 65 66 67 68 69 70 71 72 73 74 75 76 77 78 79 80 81 82 83 84 85 86 87 88 89 90 91 92 93 94 95 96 97 98 99 100
inquinat 49
integers 55 95
inviting 4 10 11 12 15 16 18 19 20 27 29 31 37 39 40 41 44 45 49 53 60 65 66 69 71 77 79 80 88 89 94
inscribe 26 32 39 46 53 79 80 92
ivernian 43
ilythiae 65
invading 12 26 28 31 39 41 49 51 53 55 65 66 72 73 78 97
isolde’s 18 55
irasshai 66
invected 70
idolores 55
inciting 44 46 53 55 65 74 86 90
inscitia 49
inflam’d 49
inklings 27
icebergs 40 55
isabella 12 16 23 49 55 72 77 79
isabelle 26 55
installs 39
inquires 7 12 20 27 39 49 68 71 73 78 80
inquirer 7 21 32 52 55 74 83
inquired 1 3 4 5 6 7 10 12 13 14 16 17 18 19 21 23 26 27 28 29 32 34 37 38 39 40 41 42 43 47 49 51 54 55 56 60 61 65 66 67 68 69 71 72 73 74 76 77 78 79 81 82 84 85 92 93 94 95 100
inquirat 49
indian’s 28 40 53 85
instance 1 2 3 4 6 7 10 11 12 13 14 15 16 17 18 19 20 21 22 23 26 27 28 29 30 32 35 36 37 39 40 41 42 43 44 45 46 47 48 49 50 51 53 54 55 56 59 60 63 65 66 67 68 70 71 72 73 74 75 76 77 78 79 80 81 82 83 84 85 86 88 89 90 92 93 94 95 96 97 98 100
instants 12 29 39 49 55 74 80 90 95
instante 45
invadere 97
invaders 1 15 21 30 39 40 45 46 48 71 73 80 81
inputenc 63
inlander 40
inclosed 18 40 45 65 68 77 97
incloses 97
inersque 49
irrigate 22
illusive 27 28 80 85
illusing 55
illusion 1 12 14 19 23 26 27 28 31 34 35 39 45 46 54 55 57 63 65 67 68 72 76 77 79 80 82 85 88 89 92 94
inasmuch 4 7 9 14 22 26 27 40 41 44 46 49 53 55 68 71 74 76 77 78 79 80 85 88 89 90 92 93
illusory 28 55 77 80 92 95
indiaman 10 40 71 78 81
indiamen 40 81
inflamed 4 10 12 14 16 18 21 22 26 37 39 40 41 42 44 49 53 55 57 59 65 71 73 74 77 78 79 81 84 88 90 98
inflamer 49
inflames 49 65
israel’s 6 32 55
indianno 53
inflates 78
inflated 10 17 26 28 37 40 49 55 69 78 79 84 92
ingeniis 49
icmalius 22
imminent 12 19 21 34 37 40 42 45 47 48 49 51 53 55 57 65 69 71 72 74 77 78 79 81 85 90
intrigue 4 7 12 16 21 22 37 39 41 43 44 49 55 73 76 77 79 83 84 96
immodest 12 26 49 54 55 77 83 92
incurred 4 7 10 11 12 14 19 27 28 34 39 46 48 49 65 68 71 77 78 79 80 82 83 85 88 89 94
ingenium 49
imperial 1 2 7 10 12 13 21 23 39 40 41 48 49 50 54 55 65 66 73 74 77 78 79 84 90 94 98
imperils 78
integral 37 39 40 55 79
issachar 82 84
inimicos 77
icecream 55
inflatum 49
inimical 39 49 80 83 85
imperiti 49
imperium 49 55 92 97
ingdanao 53
imbedded 21 34 40 44 79 84 85
ismenias 49 80
infringi 49
infringe 39 45 49 65 89
invoking 27 40 45 49 51 55 65 68 71 77
illumine 26 46 92
ingentia 49
ingentes 49
inishark 55
innately 10 55 76
inlidunt 49
indebted 1 4 7 10 11 12 14 16 21 32 37 39 40 41 43 44 45 49 65 71 74 76 78 79 80 81 83 84 88 89 90
implying 7 14 22 39 67 72 78 80
inertiae 49
ickpling 73
ingenuus 28
immeshed 71
intrando 53
imitator 12 15 32 34 77 80 82 83 90
imitatio 77
imitatin 46
imitates 39 45 80
imitated 3 5 7 11 12 14 17 21 27 28 39 40 42 45 47 49 51 65 71 73 76 77 78 79 80 83 84 85 88 89
inserted 12 27 36 39 40 44 46 49 55 65 68 69 73 77 78 79 83 84 85 88 92 98
ignatius 42 49 55 81 82
iardanus 22
invilito 49
inuagana 53
improbum 49
improbus 49
invictum 49
implyeth 45
impotent 8 10 12 13 17 22 26 31 33 39 40 41 45 46 48 49 55 65 68 73 74 78 79 88 90
indorsed 43
incidere 97
imbelles 49
imbellis 49
incident 1 4 5 10 12 13 14 17 18 21 22 26 27 28 29 30 34 37 39 40 41 42 43 44 45 46 47 48 49 50 51 53 54 55 56 57 61 66 67 68 69 71 73 74 75 76 77 78 79 81 83 84 85 89 90 94 97
ironside 9 65
invidiam 49
italicus 49
impostor 10 14 39 41 50 65 68 70 71 77 79 80 84
ignoring 7 12 39 40 51 59 94
italians 7 12 13 39 42 49 53 55 56 66 73 74 79 84 90 94
italiana 53
indecent 12 39 41 44 49 55 66 71 74 77 84 89 90
icehouse 69
infraeni 49
immersed 1 12 28 39 40 65 74 79 80 84 88 90
impeding 39 40 55 59 89
impedire 97
illtreat 53
immerged 49
ingulfed 81
inhaeret 49
inditing 10 39 71 85
ignorant 3 4 5 6 9 10 11 12 13 14 15 16 17 19 21 22 23 26 27 28 31 32 34 35 37 39 40 41 42 43 44 45 46 48 49 50 51 54 55 60 65 66 67 68 69 70 71 72 73 74 76 77 78 79 80 81 82 83 84 88 89 90 91 92 95 97
ignorare 49
impurity 28 39 49 54 77 78 84 88 89 92
iohnston 97
imposter 6 31 45 68 78
infundis 49
imployed 45 97
intravit 49
iberia’s 77
impelled 4 11 12 13 14 16 18 20 26 28 29 30 37 39 40 41 49 55 65 68 71 72 74 76 77 78 79 80 84 85 90 92
interdum 49
intereat 49
ippocras 98
interest 1 2 3 4 5 6 7 10 11 12 13 14 15 16 17 18 19 20 21 22 23 27 28 29 30 31 32 33 34 35 36 37 39 40 41 42 43 44 45 46 47 48 49 50 51 54 55 56 57 59 60 63 65 67 68 69 70 71 72 73 74 76 77 78 79 80 81 82 83 84 85 88 89 90 92 93 94 95 96 97 98
imogen’s 55
ivanovna 37 41
insorbed 92
imposeth 97
imposing 1 5 7 10 11 12 13 14 16 18 21 22 29 31 32 33 37 39 40 41 42 45 49 51 55 56 66 68 69 71 74 76 77 78 79 81 83 85 89 90 92 94
interior 6 10 12 14 16 18 28 29 31 35 39 40 41 44 45 48 49 53 55 67 68 70 71 72 76 78 79 80 81 84 85 88 91 98
interitu 49
invented 3 4 5 8 12 14 15 17 18 19 23 26 27 28 33 34 37 39 40 41 42 45 46 49 53 55 56 67 68 71 72 73 74 75 77 79 80 83 87 90 92 94 95 96 98
inventer 41
implored 1 4 5 10 14 21 27 37 39 42 44 46 48 49 51 52 55 56 57 60 65 66 67 68 69 71 72 76 77 78 79 93 94
implores 12 27 44 65 74 90
imbibing 27 40 85
inventus 49
inventis 49
inventor 12 13 27 28 39 40 46 49 55 65 73 77 80 83 94
indicate 1 2 3 4 5 6 7 8 9 10 11 12 13 14 15 16 17 18 19 20 21 22 23 24 25 26 27 28 29 30 31 32 33 34 35 36 37 38 39 40 41 42 43 44 45 46 47 48 49 50 51 52 53 54 55 56 57 58 59 60 61 63 64 65 66 67 68 69 70 71 72 73 74 75 76 77 78 79 80 81 82 83 84 85 86 87 88 89 90 91 92 93 94 95 96 97 98 99 100
indicare 49
incenses 49 65
incensed 4 6 7 10 11 12 14 22 27 37 40 49 50 55 65 78 81 82 88 91 92
imbecile 10 12 21 31 37 39 40 41 42 55 66 71 72 76 78 79 80 84 89 94
irefully 72
ironique 92
invenire 49
invenies 49
illinois 4 13 34 40 51 69 70
invenias 49
interact 95
italiens 12
inspects 75 78
inspecta 49
icebound 40
infereth 45
interven 83
influenc 83
interval 1 4 6 7 10 11 12 13 14 15 16 18 19 22 26 27 28 29 30 32 34 37 39 40 41 42 43 44 46 47 48 49 52 55 57 60 65 68 69 71 72 74 76 77 78 79 80 84 85 88 89 90 97
iodoform 21
ixecoles 53
iniurias 55
importer 67
imported 10 12 13 15 27 31 33 40 45 46 55 56 62 73 78 80 81 83 91 96
inferias 49
idolises 55
inlaying 22 40
inferior 4 7 10 11 12 16 17 19 22 23 27 28 29 32 34 35 37 39 40 41 42 44 48 49 52 55 60 65 66 68 71 72 73 74 77 78 79 80 81 83 84 85 86 88 89 90 92 97 98
immunity 44 51 65 69 71 85 89 92
impell’d 65
intermit 9 88
involves 1 11 13 22 39 40 41 49 51 63 65 68 71 77 78 79 80 81 84 89 92 95 96 97
involved 1 3 4 6 7 10 11 12 13 14 15 16 17 19 20 21 26 27 28 29 32 34 35 37 39 40 41 43 45 46 47 48 49 51 54 55 56 59 63 65 68 71 73 76 77 78 79 80 84 85 86 88 89 92 94 95 96
infernal 4 6 10 12 14 21 27 28 29 31 32 40 41 43 49 55 65 68 69 70 71 72 73 76 77 78 79 81 84 85 93 98
infernis 49
intermix 92
ironical 6 10 12 17 22 37 39 40 41 42 43 49 55 68 76 79 80 92
internet 64 66 91
interner 63
internen 63
internal 1 2 3 4 5 6 7 8 9 10 11 12 13 14 15 16 17 18 19 20 21 22 23 24 25 26 27 28 29 30 31 32 33 34 35 36 37 38 39 40 41 42 43 44 45 46 47 48 49 50 51 52 53 54 55 56 57 58 59 60 61 63 64 65 66 67 68 69 70 71 72 73 74 75 76 77 78 79 80 81 82 83 84 85 86 87 88 89 90 91 92 93 94 95 96 97 98 99 100
iphiclus 65
impalmed 55
iphicles 22
ithacans 55
iagogogo 55
icterics 73
inclined 3 4 5 6 7 9 10 11 12 14 15 16 17 18 19 21 22 23 26 27 28 29 30 31 32 33 34 37 39 40 41 42 43 44 45 46 47 48 49 51 54 55 56 60 65 66 67 68 69 71 72 73 74 76 77 78 79 80 81 82 83 84 85 88 90 92 93 94 95
inclines 7 10 16 28 32 49 66 78 79 80 83 92
indanger 97
insistes 78
inferres 45
inferred 4 7 10 12 14 16 21 27 28 32 40 44 45 47 55 63 71 76 77 78 80 84 85 92 95
interred 4 9 12 49 55 60 72 77 79 81 82 83 84 91 94
insisted 1 4 5 10 11 12 13 14 16 17 18 19 21 22 23 26 27 29 30 31 32 33 34 36 37 38 39 40 41 42 43 44 46 47 48 49 50 51 53 55 56 57 65 66 67 68 71 72 73 74 76 77 78 79 80 81 82 83 84 85 89 90 91 93 94
infernus 45
idolizes 12
idolized 12 14 16 18 19 44 71 79 85
incoming 46 55 85
