intercede 4 27 39 46 55 59 60 73 79 81 88
inorganic 23 28 54 84
imperious 5 10 12 13 18 27 34 37 41 46 49 51 54 55 65 71 72 74 76 77 78 79 82 84 85 90 92 94 97
insincere 10 11 16 19 23 39 55 83 89
igliarebe 53
inutility 18 49
intricate 10 11 12 13 15 21 34 39 40 42 47 48 49 51 55 56 57 67 68 69 71 76 77 78 81 84 85 88 93 94 97
intricacy 39 40 51
impolitic 11 19 78 81
innerhalb 63
inlayings 40
instant’s 13 16 28 33 40 44 47 67 79
incognito 21 37 39 41 73 79
incognita 40 49 79
irgendwie 63
intended. 31
intendeth 9 45
intendere 53
intendera 53
innocence 1 4 6 10 11 12 14 15 19 21 23 24 26 27 28 29 31 32 37 38 39 40 41 42 44 45 49 51 55 60 68 71 73 74 77 78 79 80 81 82 84 85 88 89 90 92 94 96 97
innocency 40 45 49 88
intendens 49
interleaf 84
innocente 12
innocents 12 28 40 41 45 55 65 69 77 94 97
invisible 6 9 10 12 13 14 21 23 24 26 27 28 29 31 32 34 36 38 39 40 41 42 43 44 45 47 48 49 51 55 59 60 61 64 65 66 67 69 71 72 73 74 76 77 78 79 80 81 84 85 88 90 92 93 94 98
invisibly 26 35 40 45 78
initiated 12 29 31 33 39 40 44 49 55 68 78 79 80 83 88 92 94
incruento 55
initiator 39 44
intendant 39
interlace 12 28
ilyitch’s 41
isleworth 48 68
intercept 7 12 14 39 40 41 48 56 65 71 74 79 90
instantly 1 3 4 6 9 10 11 12 13 14 15 16 17 18 19 21 22 27 28 29 31 34 35 37 38 39 40 41 43 44 46 48 49 50 54 55 56 57 58 60 61 65 66 67 68 69 71 72 74 76 77 78 79 80 81 82 83 84 88 89 90 93 94
instanter 12 42 55
instantem 49
ironmould 14 55
inopinave 49
ivorylike 55
immutably 10 39 40 41 80
immutable 10 12 18 32 39 40 43 45 49 55 65 74 80 88 89 90 92 95
incommoda 49
incommode 19 76
incaution 65
indweller 28
iremonger 55
initially 17 55
imperials 39
imperiall 45 98
insensate 13 27 39 44 48 54 76
intending 7 11 12 13 14 16 18 19 20 22 23 26 27 28 34 37 38 39 40 41 44 45 46 48 56 59 60 67 69 70 71 72 73 76 77 78 79 80 81 83 84 85 94 96 97 99
isosceles 55
imploring 13 18 21 22 23 26 27 37 39 41 43 46 49 56 57 59 65 66 68 71 72 76 77 78 79 94
incumbent 10 11 16 19 22 39 45 49 55 60 65 71 76 77 78 84 85 89 97
icicaille 12
iterating 98
iteration 10 23 28 72
isocrates 49
interlude 10 12 18 40 42 77 92
involutum 12
inflictor 72
invadendi 97
inflicter 45
inflicted 4 7 10 11 12 16 19 21 23 32 37 39 40 41 44 45 47 49 52 55 65 66 68 71 72 73 74 76 77 78 79 80 81 83 84 85 88 89 90
imposture 12 26 32 39 41 45 49 65 71 77 84 89
intimated 4 10 12 14 19 27 30 32 39 45 55 65 68 71 72 74 79 80 82 84 85 88 90
intimates 10 11 13 16 49 78 80 84 89
impletata 46
implorata 49
infirmary 12 14 55 68
inventive 10 12 19 40 47 80 85 92 96
inventing 11 13 16 19 27 39 40 41 49 50 66 71 79 80 89 92 95
invention 6 10 11 12 13 14 15 16 17 18 19 21 23 27 28 29 37 40 41 42 44 45 47 48 49 53 55 60 65 66 68 69 71 72 73 76 77 79 80 81 82 83 84 85 90 92 94 95 97
impostors 39 45 55 76 77 88
intrusion 10 11 18 19 21 29 39 41 43 44 47 49 68 71 72 74 78 79 84 90
irarumque 49
intrusive 12 23 26 37 65 71 78 85
improoved 56
inelastic 55
imaginary 1 4 7 10 11 13 14 16 17 18 19 23 28 33 37 39 40 42 44 45 49 55 65 66 67 68 69 70 71 72 73 74 76 77 78 80 81 84 85 86 88 89 90 94 97
inspicere 49
inventors 12 26 40 49 55 65 66 80 92 96
inventory 20 27 60 68 71 73 78 79 83
injiciens 49
infirmity 10 12 14 15 19 21 26 40 45 47 49 68 71 73 76 77 78 79 80 84 85 88 89 92 94
infirmita 53
ingrafted 88
illogical 12 39 41 79
imagineth 45
imaginery 45
intervals 1 4 5 6 10 11 12 13 14 16 18 19 21 23 27 28 30 34 37 39 40 41 42 44 45 47 48 49 51 52 55 56 57 60 67 68 69 71 72 73 74 76 77 78 79 80 84 85 88 89 90 92 94 97
islanders 28 40 53 55 77 81
inability 14 15 16 26 29 30 39 40 45 48 49 51 65 68 71 78 79 80 83 84 92
imaginist 16
imagining 5 10 12 13 14 16 19 23 27 28 35 37 39 40 41 43 44 45 46 47 49 53 55 56 59 60 66 67 68 69 70 71 72 73 76 77 78 79 80 82 83 85 88 94 95
interment 4 9 10 12 14 49 55 65 68 72 74 75 76 79 82 84 90
imposters 45
intrandum 49
illegally 21
instincts 4 12 13 21 23 26 27 30 31 33 39 40 41 42 43 44 46 50 54 55 57 71 77 79 80 85 89 92 95
interdict 29 49 65 71 72 77 80 89
incipient 14 27 42 49 50 54 55 63 72 74 84 90
inspector 10 12 13 21 28 34 41 42 46 50 54 55 72 77 78 79 85
inamorata 10
inodorous 55
inspected 12 13 14 27 34 38 39 44 55 66 67 68 69 72 76 94
inkermann 12
impassive 12 17 23 39 43 55 65 71 74 76 78 79 89 90
indenture 18 78 83 84
interview 1 4 10 11 12 13 14 16 18 19 21 26 27 29 31 34 37 39 40 41 42 43 44 46 48 49 52 55 56 61 65 66 68 71 72 74 76 77 78 79 84 85 90 94
intrusted 4 10 12 13 21 27 31 49 79 81 83 85 97
indigance 12
interduce 13
innocuous 12 57
inwieweit 63
infantile 12 34 44 55 72 74 85 90 94
isolation 10 12 21 26 31 37 40 41 42 46 48 51 55 57 67 71 72 79 80 92 95 96
isolating 12 63 89
infantine 10 44 49 71 74 78 88 90
intervene 11 12 28 39 40 41 42 57 60
inaudibly 17 26 37 39 48 55 78 84 94
inaudible 10 28 39 40 41 68 71 72 76 78 79 92 93 94
indicting 93
indiction 55
inherited 4 7 10 11 12 16 20 23 27 28 30 31 33 36 38 39 41 42 44 53 55 59 65 66 67 68 71 72 74 76 77 78 79 80 84 85 89 90 92 94
indocible 45 73
inheritor 9 19 26 40 42 76 79
ichabod’s 52
immediate 1 2 3 4 5 6 7 8 9 10 11 12 13 14 15 16 17 18 19 20 21 22 23 24 25 26 27 28 29 30 31 32 33 34 35 36 37 38 39 40 41 42 43 44 45 46 47 48 49 50 51 52 53 54 55 56 57 58 59 60 61 63 64 65 66 67 68 69 70 71 72 73 74 75 76 77 78 79 80 81 82 83 84 85 86 87 88 89 90 91 92 93 94 95 96 97 98 99 100
indraught 83
int’rests 13
intrantem 40
indigence 10 12 19 28 49 68 92
indigenae 72
infancies 97
infolding 65
incentive 12 44 51 55 77 80 92
insoluble 12 14 31 39 41 45 48 84 95
insolubly 39
idealists 26 28 92 95
indignity 7 11 12 16 17 19 27 39 40 41 73 76 77 92
idealised 26
inhaerent 45
internals 63
internall 45
incircles 65
incircled 65
ingulfing 79
inverness 55
injustice 4 10 11 12 13 14 15 16 18 19 20 21 26 27 28 32 35 39 40 41 43 45 49 51 55 65 66 68 71 72 73 74 77 78 80 81 82 83 85 88 89 90 92 94 97
idealized 12 40 50 51 65 80 84 92
impower’d 65
impieties 89
invidious 28 42 65
illumined 10 12 22 26 30 31 39 40 42 49 55 65 72 78 79 80 81 84 85 88
illumines 28 81
incorrupt 49
inclusive 12 13 14 26 40 56 65 78 84
ichneumon 49
inclusion 63
interests 6 7 10 12 13 14 15 16 19 21 22 25 27 28 31 34 37 39 40 41 43 45 46 49 50 51 52 54 56 60 65 68 70 71 74 76 77 78 79 80 81 83 84 85 89 90 92 95 96 97
interest. 71
incubated 14
incubator 55
ironclads 48
impellunt 49
ispravnik 41
imprecate 40 74 90
isolatoes 40
inviolate 10 15 21 49 65 67 76 84 98
ingropati 53
incapable 1 4 10 11 12 14 15 16 17 19 21 23 32 36 37 39 40 41 42 44 45 47 48 49 50 55 56 59 60 63 65 68 71 72 73 74 76 77 78 79 80 81 83 85 87 89 90 92 95 97
illtilled 77
ironbound 46
impotable 55
ivanovna. 41
insurgent 12 54
intromits 49
inserting 20 27 28 40 41 44 49 55 72 77 81
insertion 1 40 44 71 78 86
infuriate 41 68
impounded 28
inception 7 12 21 27 43 55
ingleside 55
impatient 3 4 10 11 12 14 16 19 21 22 26 28 35 37 38 39 40 41 42 43 44 46 47 48 49 50 54 56 57 58 59 60 65 66 67 68 69 70 71 72 73 74 75 76 77 78 79 80 81 82 83 84 88 89 90 92 94 99
innkeeper 12 37 38 39 40 41 48 77 79
impatible 45
inwalable 68
impugning 29
identical 6 9 12 14 21 22 26 27 28 39 40 51 52 53 54 55 63 67 68 71 76 77 78 79 80 81 84 85 92 94 95 96
impavidum 49
interfere 4 5 7 10 11 12 13 14 15 16 18 19 21 23 27 28 30 34 37 39 41 43 44 46 49 50 56 57 68 69 70 71 72 73 74 76 77 78 79 80 83 84 85 86 89 90 93 94 95
iphigenia 49 65
imprisons 28 55 64 67
indignare 49
indignant 3 4 5 10 11 12 13 14 16 17 18 19 22 24 26 27 29 31 32 33 34 35 37 39 40 41 42 50 55 56 65 67 68 71 72 74 75 76 77 78 79 80 84 88 89 90 92 94 100
inrushing 46
islands18 79
infancy’s 40
impellens 49
infecting 40 49 52 80 85
infection 6 10 16 19 26 37 49 65 71 73 76 78 79 80 81 83 88 92 93
impellere 49
impelleth 26
irascible 4 12 40 41 55 68 78 80 91 94
ineffable 10 12 13 26 28 32 34 40 44 55 67 68 78 79 84
implanted 15 16 39 44 45 55 68 79 80 81 84 88 97
ineffably 40 46
iphidamas 65
impelling 12 40 41 55 76 83 84
instigate 12 45 74 81 89 90
interflow 40
invective 28 49 55 74 77 89 90
itinerant 12 13 52 55 83
itinerary 12 49 55 79
instigant 49
imparibus 12
icelandic 40 63
icelander 46
inclosing 19 65
incudibus 49
informant 1 10 13 28 32 34 39 46 55 57 65 68 71 72 76 78 79
implement 12 13 27 40 49 55 66 68 77 80
icripture 9
identisch 63
involving 1 11 20 37 40 49 50 55 65 68 72 76 77 78 79 80 84 85 86 89 92 95
indurated 44 55
informers 71 73 80
islington 68 78
incitatus 12
intrinsic 10 12 17 34 39 53 79 84 85 89 92 95 97
imperator 9 53
involved. 71
impresses 12 37 39 40 41 66 71 78 79 80 84 92
impressed 5 6 7 10 11 12 14 16 17 18 21 27 28 29 31 32 37 39 40 41 42 43 44 46 47 48 49 50 51 53 54 55 56 60 66 68 71 72 74 76 77 78 79 80 81 82 83 84 85 88 89 90 94
informing 4 11 14 19 21 28 32 39 41 43 44 45 49 65 68 71 72 73 76 78 79 80 83 84 88 89 94
introduce 3 7 10 11 12 13 14 15 16 19 21 22 23 26 27 28 29 31 34 36 37 39 41 42 43 44 45 49 51 53 55 56 61 62 63 65 67 68 69 71 72 74 75 76 77 78 79 80 82 83 85 86 89 90 92 93 94 95 96 97
involvens 49
inculpate 39
indolence 10 11 12 19 23 28 39 40 41 49 52 66 72 74 77 79 80 90 92 94 96
insatiate 10 40 44 49 65 74 76 78 79 88 90
involvunt 49
ingenious 10 11 12 13 14 16 17 19 21 22 26 27 28 29 37 39 40 43 44 45 47 49 51 52 53 55 57 65 68 69 70 71 72 73 76 77 78 79 80 82 83 84 86 89 92 94
inclement 10 12 40 42 43 65 71 73 76 78 83 85
impress’d 65
inference 4 10 12 14 16 21 22 27 29 34 40 42 43 44 45 46 63 65 76 77 80 85 90 92 95
inveneris 49
idomeneus 22 49 65
incorrect 12 34 37 39 40 41 49 86 88
impresion 77
intruding 11 18 19 21 23 39 42 49 65 67 78 79 84 85
instarr’d 65
insinuate 16 41 49 71 78 79 82 83 89
impetrent 49
indrawing 56
injoyning 45
ingrained 41 92
irruption 12 28 49 66 76
intruders 6 10 31 66 71 92
irregular 1 4 10 12 13 14 16 19 27 28 33 34 37 39 40 41 42 43 45 48 49 51 54 55 59 63 65 66 67 72 73 74 76 77 78 79 80 84 85 90 94 97
incidence 49
incidents 1 4 5 7 9 10 12 13 14 18 21 27 28 31 32 37 39 40 41 43 44 46 49 51 57 60 61 65 69 71 72 74 76 77 79 80 81 83 84 85 89 90 94
idiomatic 76
increased 1 4 5 6 7 9 10 11 12 13 14 15 16 17 18 19 21 23 26 27 28 30 32 34 35 37 38 39 40 41 42 44 46 47 48 49 51 52 53 54 55 56 57 60 65 67 68 69 71 72 73 74 77 78 79 81 82 83 84 85 88 89 90 92 94 95 96 97
increases 10 11 12 13 15 16 26 28 39 41 44 49 50 51 55 65 68 72 74 79 80 84 90 92 95 96
impresari 79
intestacy 46
implicate 4 14 21 27 43 45 79
inclosure 10 65
inscribes 92
inscribed 10 12 14 26 27 28 37 39 40 41 42 44 48 55 65 66 71 72 76 77 78 79 83 92
intailing 2
ignotique 49
immensity 12 14 31 39 40 44 48 49 71 74 79 80 81 84 85 90
innovator 7
imbitters 65
irradiate 40 55
injurious 4 5 7 10 11 12 14 16 32 37 39 49 60 65 68 71 73 76 77 78 80 83 88 89 92 97 98
insereres 49
iniquitie 45
irelander 6
iniquitas 49
intestine 12 45 49 55 73 97
interpret 7 12 13 16 22 26 34 37 40 42 45 47 48 49 51 55 68 71 72 73 74 77 80 81 85 88 89 90 92 95
ireland’s 55
inebriety 12 16 49
ignorant. 71
iambiques 45
ignorancy 55
ignorance 1 4 5 7 10 11 12 13 14 16 17 18 19 21 23 26 27 28 29 31 32 33 34 36 37 39 40 41 42 44 45 46 47 48 49 50 51 54 55 56 57 60 63 65 66 68 69 71 72 73 74 75 76 77 78 79 80 81 82 83 86 88 89 90 92 93 94 95 97 100
incisions 49
incurious 30 49 77 78 85
incurring 4 7 10 12 19 32 39 41 45 46 55 65 71 73 77 79 80 85
insolence 3 4 6 7 10 11 12 13 15 16 19 21 22 31 37 38 41 45 49 51 55 65 71 72 73 77 78 79 80 82 92 97 98
insolency 55 99
insidious 16 18 26 27 30 31 34 44 47 49 55 65 67 85 89 92
interpose 9 11 18 32 37 45 49 68 71 72 76 77 78 79 85 88 97
insulated 28 40 84 85
injection 13 46 48 49 55
ignoramus 12 40 44 50 55 66 77 84
imputable 40
inebriate 88
incurrere 49
inficetum 49
immigrant 28 34 51 55
interplay 39
indelibly 10 12 43 49 74 78 80 90
indelible 4 14 37 49 55 71 74 77 79 80 90 92
including 1 2 3 4 5 6 7 8 9 10 11 12 13 14 15 16 17 18 19 20 21 22 23 24 25 26 27 28 29 30 31 32 33 34 35 36 37 38 39 40 41 42 43 44 45 46 47 48 49 50 51 52 53 54 55 56 57 58 59 60 61 63 64 65 66 67 68 69 70 71 72 73 74 75 76 77 78 79 80 81 82 83 84 85 86 87 88 89 90 91 92 93 94 95 96 97 98 99 100
illiberal 11 16 19 77 98
italian’s 39
incrusted 12 23 69 79 80
injurable 88
illicitly 49
innoxious 65
intrarebe 53
ignoratio 46
ignoratur 49
infringed 28 34 39 65 79 89 94 95
infringes 39
influence 1 4 6 7 10 11 12 13 14 15 16 18 19 21 23 25 26 27 28 29 30 31 32 34 36 37 39 40 41 42 43 44 45 46 47 49 51 52 54 55 56 59 60 65 66 67 68 69 71 72 73 74 75 76 77 78 79 80 81 83 84 85 88 89 90 91 92 93 94 95 96 97 98
innercent 27
impeached 9 56
influenza 16 26 50 55
impetuous 7 10 11 12 18 19 21 27 28 38 39 41 42 44 45 49 50 55 65 68 71 74 75 76 77 78 79 80 81 84 90 94
inrowleth 45
impairing 40 49 65 89
intrigues 11 12 39 41 42 44 49 55 77 79 80 84
intriguer 39 51
intrigued 31 46
inquirers 4 27 55 74
inanition 10 12 44 55 71 84
incurably 26 34 41 67 77 92
incurable 7 12 19 20 26 28 40 41 42 45 54 68 71 72 74 77 79 80 88 89 90 92
inveagled 49
infusoria 12 48
includemp 63
immensely 1 5 6 12 14 17 18 21 23 27 29 31 33 35 40 41 42 44 46 48 49 50 55 56 66 68 71 75 78 79 81 83 84 94 96 100
indecorum 4 11
importune 10 11 12 49 59 71 79
iberville 18
insolvent 4 27 28 71 83
inductive 80 95
inscience 49
ingenuity 4 11 12 14 16 19 21 27 28 44 45 47 49 51 65 68 69 71 72 73 74 76 77 78 80 83 84 85 89 90 94
inchicore 42 55
isa.66.24 45
inlanders 40
inishturk 55
intuition 12 13 21 34 39 41 46 55 63 80 84 85 89 92 96
insulters 76
insultest 40
intuitive 10 27 55 63 74 78 79 85 90 92 95
irritable 11 16 18 19 22 23 27 30 31 34 37 39 41 42 44 46 47 48 55 67 68 71 72 77 78 79 80 84 86 94
irritably 5 14 18 37 39 41 59 75
insurance 13 28 40 42 46 48 51 55 59 67 74 83 89 90
improbius 49
impulsive 10 12 18 21 27 39 40 41 55 56 65 77 85 92 94
impulsion 6 45 49 79 84 92
invasions 12 45 49 97
insulting 10 11 12 14 15 16 18 19 22 35 37 39 40 41 45 49 55 65 66 67 68 71 77 79 83 84 89 99
illusions 1 12 18 23 35 42 49 72 77 79 80 84 92 94 96 98
impartial 11 12 16 19 28 30 32 40 41 51 65 68 79 80 89 91 92 94 95 96 97
induction 12 63 65 80 84 95
importing 11 14 28 40 45 71 78 81
imparting 10 14 18 40 68 71 72 74 78 80 85 90
instructs 49 65 76 78
imbecilla 49
inuendoes 40
importers 21 80
importeth 45
imbeciles 12 92
inperator 53
impending 6 12 13 14 16 21 27 30 31 34 35 39 43 47 49 54 55 60 65 71 73 74 76 77 78 79 80 85 90 94 96
incendium 49
incolumes 49
inertness 10
ironsides 55
immolates 55
immolated 49 65 79
innersten 63
immolatum 98
indecency 12 66 80
important 1 2 3 4 5 6 7 8 9 10 11 12 13 14 15 16 17 18 19 20 21 22 23 24 25 26 27 28 29 30 31 32 33 34 35 36 37 38 39 40 41 42 43 44 45 46 47 48 49 50 51 52 53 54 55 56 57 58 59 60 61 63 64 65 66 67 68 69 70 71 72 73 74 75 76 77 78 79 80 81 82 83 84 85 86 87 88 89 90 91 92 93 94 95 96 97 98 99 100
infinitum 10 49 60 65 77 95
ingersoll 55
infinites 12
immersion 12 55 75 76 79
innuendos 26
inclineth 45
investing 14 39 40 41 49 51 72 77 85
isinglass 13 40
impowered 15 97
infesting 40
illabatur 49
inclining 10 14 16 17 27 39 40 41 43 46 49 52 55 66 68 71 73 78 79 83 99
ithagenes 65
istwentus 68
intensive 13 39 45
intensity 10 12 13 14 17 18 21 29 31 37 39 40 41 43 44 46 48 50 51 55 56 67 68 71 72 74 76 78 79 84 85 89 90
intensify 41 51 57
ingremium 49
ilyinskoe 41
inkbottle 55
industria 49
industrie 45
inkstands 52 78 85 94
inwrought 23 65
inkeraser 55
intensest 40 41 44 47 72 78 85 88
intensely 4 5 10 12 14 17 18 23 26 27 29 30 32 37 40 41 43 44 47 48 50 51 55 56 57 68 71 76 77 78 79 80 85 88 94 96
inveighed 26
indention 53
inhumanly 37 39 41 49
interiour 45
interiors 44
interiori 53
ins’antly 67
isolieren 63
idlenesse 45
immortall 45
immortali 49
immortals 22 31 40 45 49 55 65 73
imminence 12 39 69
inveigled 12 14 56
inveigler 71 88
inelegant 19 40 79 83
immunitie 45
interrupt 3 6 10 11 12 13 14 17 18 19 20 21 23 26 27 28 30 31 36 37 39 40 41 44 45 46 49 56 67 68 71 72 73 74 76 77 78 79 80 86 88 90
installed 10 12 19 41 44 46 51 76 78 79 94
imprudent 4 7 11 12 13 16 18 19 32 36 39 41 43 44 51 71 78 79 83 92
imprudens 49
insipiens 49
inanimate 10 12 25 28 32 40 44 45 48 49 68 72 74 76 78 79 80 84 85 88 90
illegibly 14 66 71 86
illegible 12 31 66 71 79
iterumque 49
impotency 49
impotence 7 12 13 26 34 37 39 40 41 49 51 65 68 74 90 92
inflation 10 12
inflating 34 76
incarnate 4 10 12 21 30 39 40 41 45 46 49 71 72 84 92
inversely 46
idolaters 26 29 45 49
invariant 62
inkstains 31
immovable 4 11 12 14 19 25 27 37 39 40 41 49 71 72 76 78 79 80 93
immovably 12 27 37 39 41 56 79 88
idolators 40 45 60
irritatae 49
illnesses 12 14 16 27 31 37 41 55 72 80
irritates 12 19 34 41
irritated 3 4 10 11 12 16 17 19 27 34 37 39 40 41 42 44 48 49 50 54 55 56 66 69 72 77 78 79 80 84 85 92 94
indicated 1 4 6 7 10 11 12 14 16 17 18 20 21 27 34 39 40 41 42 43 44 47 48 49 51 54 55 56 63 67 68 71 74 76 77 78 79 80 85 88 89 90 92 95
indicates 12 28 32 39 53 55 63 76 77 78 79 80 85
indicator 55
inversion 47 55 76 80 84 92
impiously 14 15 49
inventeth 26
impositis 49
intersect 12 28 39 76
ingenuous 10 12 18 41 44 71 78 79 80 82 83
imperfect 4 10 14 15 18 19 22 23 26 28 31 35 40 41 45 46 47 48 49 51 53 54 55 56 60 65 66 69 71 72 73 74 76 77 78 79 80 81 82 83 84 85 86 88 89 90 92 97 98
intrauano 53
inflameth 26
improvise 12 71 89
improviso 49
improving 4 5 7 14 15 16 18 19 21 27 28 31 34 39 40 41 46 49 55 56 60 65 67 68 69 71 72 73 76 78 79 80 81 83 89 90 97 100
inferreth 45
impromptu 4 10 13 18 31 37 42 55 78 94
innermost 5 14 17 20 22 26 35 39 40 44 49 60 63 68 71 73 76 79 80 84 85
inflected 53 95
irlandais 55
imprinted 12 41 44 45 49 68 71 74 76 78 79 85 88 90
intention 2 4 5 6 7 10 11 12 13 14 15 16 17 18 19 20 21 22 23 25 26 27 28 29 30 31 32 33 34 35 37 38 39 40 41 42 43 44 45 46 47 49 50 53 54 55 56 57 59 60 63 65 67 68 71 72 73 74 75 76 77 78 79 80 81 83 84 88 90 92 93 97
irishtown 42 55
improvers 96
inflaming 15 65 68
inquiries 1 4 7 10 12 13 14 16 19 21 27 28 29 31 32 34 37 39 40 41 43 44 46 56 60 65 68 69 71 72 73 74 75 76 77 78 79 81 83 84 85 89 94
inquiring 4 5 12 13 15 16 17 19 20 21 27 31 34 37 39 40 41 43 49 51 54 55 56 60 67 68 69 71 72 73 74 76 77 78 79 80 83 84 89 94 99
inundates 12
inundated 12 42 82
indulging 11 12 14 16 18 19 22 26 28 39 40 41 44 65 68 71 72 74 77 79 80 81 85 90 94
incursion 14 27
inveniunt 49
israelite 45 55 80 82
inculcate 44 49 51 56 83
impudence 5 10 11 13 14 16 18 19 26 27 31 32 37 39 40 41 42 44 45 49 50 51 55 58 65 68 69 71 72 73 77 80 82
italianos 55
invalid’s 5 79 84
intellect 7 10 12 14 16 23 26 28 32 37 39 40 41 46 47 49 55 65 71 72 74 77 78 79 80 84 85 89 90 91 92 94 95
isaurraga 53
intelleto 92
institute 12 16 28 32 45 48 49 50 51 55 59 78 79 84 98
inspiring 4 7 11 12 18 19 21 26 28 32 34 49 51 53 56 65 66 69 71 74 76 77 78 79 80 84 88 90 92
instituit 49
infidells 45
insisting 7 12 13 14 28 39 41 42 49 51 54 66 72 77 78 80 81 83 84
indemnity 1 2 3 4 5 6 7 8 9 10 11 12 13 14 15 16 17 18 19 20 21 22 23 24 25 26 27 28 29 30 31 32 33 34 35 36 37 38 39 40 41 42 43 44 45 46 47 48 49 50 51 52 53 54 55 56 57 58 59 60 61 63 64 65 66 67 68 69 70 71 72 73 74 75 76 77 78 79 80 81 82 83 84 85 86 87 88 89 90 91 92 93 94 95 96 97 98 99 100
inspireth 26
inspirest 88
indemnify 1 2 3 4 5 6 7 8 9 10 11 12 13 14 15 16 17 18 19 20 21 22 23 24 25 26 27 28 29 30 31 32 33 34 35 36 37 38 39 40 41 42 43 44 45 46 47 48 49 50 51 52 53 54 55 56 57 58 59 60 61 63 64 65 66 67 68 69 70 71 72 73 74 75 76 77 78 79 80 81 82 83 84 85 86 87 88 89 90 91 92 93 94 95 96 97 98 99 100
intritata 49
indulgent 1 10 11 12 16 18 19 27 29 36 39 42 49 51 52 56 65 71 72 73 78 79 81 85 88 89 92 94
introrsum 49
inferable 40
imitating 10 27 39 45 47 48 49 55 65 71 73 77 78 79 80 83 84 88 94
imitative 13 23 49 56 79 80 85
imitation 5 6 7 11 12 13 14 16 17 18 23 27 32 34 35 39 41 42 44 45 46 49 50 54 55 65 66 67 68 70 71 73 74 76 77 78 79 80 82 83 84 88 89 90 91 94
invalided 69 78
invalides 12 28 79
intituled 49
imitators 39 49 65 66 80
integrity 1 7 10 11 16 18 19 28 40 41 49 51 55 60 65 71 73 74 76 77 78 79 81 83 84 85 89 90 94
introrono 53
inficiunt 49
incessant 4 6 10 11 12 16 19 22 27 28 33 34 35 37 39 40 41 42 43 47 48 49 52 55 57 60 65 67 71 73 76 77 78 79 90 93 98
inhabited 1 10 12 16 19 21 22 27 29 31 33 37 39 41 43 45 48 49 53 56 60 65 67 68 69 71 73 74 76 78 79 80 81 82 83 84 85 88 90 95 97
ishmael’s 40
instilled 4 10 12 39 45 49 55 57 72 79 92
induktion 63
inspersos 49
immodesty 12 77
illclosed 55
insistere 49 98
insistent 13 18 37 39 41 42 48 51 55 56 59 95
inferring 45 49 80 84 89 95
inferiors 7 10 27 40 45 51 65 68 73 74 77 80 90
inferiour 45
integrate 80
ironfaced 34
instances 2 4 7 10 11 12 14 15 16 18 27 28 30 32 37 39 40 41 45 46 47 49 51 53 55 57 60 65 71 74 77 78 80 81 82 83 84 85 86 88 89 90 92 95 97 98
instanced 10 49 63 72 83 84
