j’s 55
j’y 10
j.c 81
j.b 81
j.e 10
j.f 6
j.j 20
j.m 20
j.l 20
j.p 75
j.s 1 80
jab 31 55
jag 13
jal 53
jan 28 53 60 66 83 98
jam 5 12 14 27 30 37 38 39 40 41 42 49 50 55 56 69 70 86 97
jap 66
jar 3 4 8 12 14 22 33 34 37 39 40 47 49 53 55 60 61 65 71 76 78 94 100
jas 17 83
jaw 3 5 6 10 12 13 14 21 27 28 30 31 33 34 39 40 41 43 44 46 48 49 50 53 55 59 61 65 66 68 70 71 76 77 79 84 93
jay 10 17 28 51 52 55 58 67 69 91
jed 58
jem 5 21 55 68
jer 27 45
jet 5 10 12 13 17 21 40 44 46 48 53 55 56 69 71 72 73 77 78 79 84 85 86 93 94
jes 27 70 94
jeu 12
jew 10 12 13 14 23 24 26 34 37 39 40 41 42 45 49 51 55 56 66 67 68 78 79 82 88 92 94
jib 6 38 40 55 69 79 81 94
jig 14 31 33 40 55 73 94
jin 66
jim 4 6 22 23 27 30 51 55 66 69 70 96
jip 38 71
jis 27 70
jll 53
jlz 53
jno 20 55
job 4 6 10 12 13 14 16 21 23 27 28 30 31 32 34 35 37 38 39 40 41 42 45 46 50 53 55 56 57 59 60 61 62 65 66 67 68 69 70 71 76 78 79 81 83 86 94 99
joe 14 17 18 24 30 40 42 51 55 56 68 69 70 71 76 78 81 93
joh 45 53
jog 13 33 37 42 46 49 55 69 78
joi 27
jol 53
jon 62
jot 11 17 21 39 40 45 50 55 60 77 78 97
jos 12 18 55
joy 1 4 5 6 8 9 10 11 12 13 14 15 16 17 18 19 20 21 22 23 24 26 27 28 29 30 31 32 33 34 35 36 37 38 39 40 41 42 43 44 45 46 47 48 49 50 51 52 53 54 55 56 57 58 59 60 61 64 65 66 67 68 69 70 71 72 73 74 76 77 78 79 80 81 82 83 84 85 88 90 92 93 94 98 99 100
jub 40
jug 3 10 12 14 17 21 22 27 28 37 38 39 41 42 46 55 56 57 60 67 68 70 71 72 76 77 78 79 81 93
jul 20
jun 14 53 55 81 91
jup 83
jur 77
jut 67
jus 45 49 65 79 97
