j’en 65
j’ai 10 12 37 39 41
jade 12 23 27 33 41 49 55 62 68 72 77 78 100
jack 3 6 10 12 13 14 17 18 21 23 24 28 30 31 32 37 38 39 40 42 43 46 48 51 52 54 55 56 58 60 68 69 70 71 75 76 78 79 91 92 93 94
jady 55
jago 40
jail 4 10 12 13 14 27 28 32 33 40 49 51 55 67 68 69 70 71 73 78 81 82 85 93
jake 13 27 32 55 69 70
jani 53
jans 55
jana 63
jane 5 10 11 14 16 17 19 21 25 27 42 44 49 55 56 70 71 78 82
jams 13 38 70 78
jamb 12 46
japs 55 66
jape 9
jars 4 18 22 23 27 40 42 47 49 51 53 55 60 65 71 77 79 94
java 23 40 48 53 92
jaua 53
jaxa 12
jaws 3 5 6 10 12 13 14 22 26 28 30 32 33 39 40 42 43 44 46 48 49 53 54 55 57 58 59 61 65 68 69 70 72 74 76 77 78 79 81 84 90 93 94
jazz 62 67
jays 28 55
jcam 53
jean 12 49 53 55 66 79 80 82 84 92
jede 63
ject 63
jeff 69
jeep 55
jeer 22 37 40 41 49 55 64 69 74 77 88 90
jehu 45 55 82 99
jell 78 94
jekt 63
jem. 21
jene 63
jena 12 39 41
jerk 5 6 12 14 23 26 28 29 30 33 39 40 44 48 52 54 57 67 68 71 77 78 84 94
jeru 55
jets 12 13 23 40 42 48 55 57 79
jess 13
jesu 9 27 40 53 55
jest 1 10 12 13 18 19 21 23 27 28 33 34 37 39 41 42 45 46 47 48 49 55 56 60 65 66 68 70 71 72 76 77 78 79 80 81 82 84 85 88 92 93 94 98
jeux 49 55
jetz 51
jews 2 9 10 12 15 26 27 37 39 40 41 42 45 49 51 53 55 69 70 71 77 79 80 81 82 88 89 92 94 97 100
jewy 55
jiam 53
jib. 79
jibs 6 40 55
jiff 40
jigs 55
jine 6 27
jing 55
jink 55
jilt 11
jint 70
jins 66
jist 27 69 70 78
jlla 53
jlon 53
jlot 53
jnan 53
jnte 53
joam 53
joan 10 23 39 53 55 83
job. 71
joco 49
jock 55
joe. 14
jobs 12 13 27 28 37 40 41 42 46 55 59 70 71 73 83 86 94
jobb 83
joes 14 40
joey 55
joel 27 45
jogs 40 55
jogg 78
joie 12
join 3 4 6 7 8 9 10 11 12 13 14 16 17 18 19 21 22 23 24 26 27 29 30 31 33 34 35 36 37 38 39 40 41 42 43 44 45 46 48 49 51 53 55 56 57 58 59 60 61 65 66 67 68 69 70 71 72 73 74 75 76 77 78 79 80 81 82 83 86 88 90 94 96 97 98
johu 83
john 1 4 5 6 7 10 11 12 13 14 15 16 17 19 21 23 24 25 26 27 28 30 31 32 34 37 38 39 40 41 42 43 44 45 46 49 51 53 54 55 56 66 67 68 70 71 72 73 74 75 76 77 78 79 80 81 83 84 85 89 90 91 92 94 97 98 99
joky 40
joke 1 6 10 11 12 13 14 16 17 19 21 22 26 27 29 31 33 35 36 37 38 39 40 41 42 43 44 46 50 52 55 56 57 58 61 68 69 70 71 72 76 77 78 79 80 82 84 92 93 94
jong 53
joly 12 55
jolo 53
jolt 5 12 39 44 55 56 70 73 76 78 79 83
joss 66
josy 94
jose 21 66 93
josh 45
jove 7 10 13 21 22 28 31 34 37 40 43 44 49 50 55 65 68 79 81 84 88 94 98
jovi 26
jous 91
jour 10 12 49 70 94
joue 53 98
joug 12
jowl 17 21 28 39 49 55
joyn 45
joys 3 8 9 10 12 13 19 20 23 24 26 27 28 33 35 39 41 42 44 45 49 51 55 56 58 60 65 69 71 74 77 79 80 81 83 85 88 90 92 93 94 98
joya 12 53
jsse 53
juan 12 33 39 40 53 55 77 79
juba 40 49
judy 6 37 67 71 78
juda 45 55
jude 45
judg 45 65 83 91 97
jugo 49
jugs 4 12 22 27 39 55 71 72 77
juga 28
juif 84
jump 4 5 6 10 12 13 16 17 21 25 26 27 28 29 30 31 33 34 37 38 39 40 41 42 44 46 47 48 49 52 53 55 56 57 58 59 60 61 66 68 69 70 72 77 79 81 82 94
july 9 10 11 12 13 14 15 16 17 20 22 25 26 27 28 29 30 32 34 37 39 40 41 42 44 45 46 47 48 49 51 53 55 60 67 69 70 72 74 75 76 77 79 81 83 84 89 90 94 96 97
juma 77
juli 53
june 6 7 10 11 12 13 14 16 17 21 23 26 28 29 33 34 37 38 39 40 41 42 43 44 46 48 49 51 52 53 55 56 60 62 67 69 70 72 73 74 76 78 79 81 82 83 84 85 88 90 91 92 94 95
junk 6 12 28 40 53 55 59 62 78
juno 12 22 28 44 49 55 65 72 79 88
jura 12 49 74 90 94
jure 34 40 45 49 89 97
juss 49
just 1 2 3 4 5 6 7 8 10 11 12 13 14 15 16 17 18 19 20 21 22 23 24 25 26 27 28 29 30 31 32 33 34 35 36 37 38 39 40 41 42 43 44 45 46 47 48 49 50 51 52 53 54 55 56 57 58 59 60 61 62 63 64 65 66 67 68 69 70 71 72 73 74 75 76 77 78 79 80 81 82 83 84 85 86 87 88 89 90 91 92 93 94 95 96 97 98 100
jury 3 12 14 21 22 34 39 40 41 42 43 44 55 68 69 73 74 76 78 79 81 89 90
juro 53
juva 92
juts 22
