kaft 39
kags 68 70
kake 55
kamo 66
kala 33
kale 55
kann 39 63
kant 63 67 80 89 92 94 95
kane 55
kase 70
kask 39
karo 33
karl 37 39 41 55 96
karp 39 41
kara 66
kari 39
kaum 63
katy 94
kata 45
kate 18 21 38 42 55 94
kave 55
kays 39
kaye 67
kaze 70
kean 70
kedv 55
kegg 83
keen 1 9 10 12 14 15 16 18 19 21 22 23 26 27 28 29 30 31 32 34 35 37 38 39 40 41 42 43 44 46 47 48 49 51 54 55 56 57 58 60 65 68 69 70 71 72 73 74 76 77 78 79 80 83 84 85 88 90 92 94
keel 6 12 14 18 22 26 28 30 40 49 55 65 69 71 74 79 81 84 90 98
keep 1 2 3 4 5 6 7 8 9 10 11 12 13 14 15 16 17 18 19 20 21 22 23 24 25 26 27 28 29 30 31 32 33 34 35 36 37 38 39 40 41 42 43 44 45 46 47 48 49 50 51 52 53 54 55 56 57 58 59 60 61 62 63 64 65 66 67 68 69 70 71 72 73 74 75 76 77 78 79 80 81 82 83 84 85 86 87 88 89 90 91 92 93 94 95 96 97 98 99 100
kein 63
kegs 6 13 77
keit 63
kelp 20
keon 42
kent 11 14 21 44 58 71 78 81
kenn 55
kens 55 68
kept 1 3 4 5 6 7 8 9 10 11 12 13 14 15 16 17 18 19 20 21 22 23 25 26 27 28 29 30 31 32 33 34 35 36 37 38 39 40 41 42 43 44 45 46 47 48 49 50 51 52 53 54 55 56 57 58 59 60 61 64 65 66 67 68 69 70 71 72 73 74 75 76 77 78 79 80 81 83 84 85 86 88 89 90 91 92 93 94 96 97 98 99 100
kern 55
kerb 50 67
key. 38
keys 4 5 7 9 10 12 14 18 19 21 23 26 27 36 37 38 39 40 41 42 44 46 48 49 50 55 59 66 67 68 69 71 72 73 74 76 77 78 79 81 84 90 93 94
khan 33 40
kham 39
khen 39
khin 39
khon 39
khov 39
kibe 55
kian 12
kiar 55
kids 22 23 38 41 55 60 65 69 79 91 94
kick 2 3 4 12 13 14 17 18 22 26 27 29 30 31 32 33 34 36 37 38 39 40 41 44 46 48 49 50 52 55 57 61 66 68 70 72 73 76 77 80 81 82 84 85 86 93 94
kiev 39 41
kike 67
kima 53
kiln 13 14 37 40 60 71 78
kilt 55
kils 91
kill 3 4 5 6 7 8 9 10 11 12 13 14 17 18 19 20 21 22 23 26 27 28 30 31 32 33 34 35 36 37 38 39 40 41 43 44 45 46 47 48 49 50 53 54 55 56 57 58 60 61 64 65 66 67 68 69 70 71 72 73 74 75 76 77 78 79 80 81 82 83 84 85 88 90 91 94 96 97 98 99
kina 53 66
king 3 5 6 7 8 9 10 11 12 13 14 15 16 17 20 21 22 23 24 26 27 28 30 32 33 35 37 38 39 40 41 42 45 46 49 50 51 53 55 56 60 61 64 65 66 69 70 71 72 73 74 76 77 78 79 80 81 82 83 84 85 88 89 90 91 92 94 95 97 98 99 100
kind 1 2 3 4 5 6 7 8 9 10 11 12 13 14 15 16 17 18 19 20 21 22 23 24 25 26 27 28 29 30 31 32 33 34 35 36 37 38 39 40 41 42 43 44 45 46 47 48 49 50 51 52 53 54 55 56 57 58 59 60 61 62 63 64 65 66 67 68 69 70 71 72 73 74 75 76 77 78 79 80 81 82 83 84 85 86 87 88 89 90 91 92 93 94 95 96 97 98 99 100
kine 9 26 33 40 55 65 70 76 79
kink 9 27 40 42 46 55
kips 55
kish 55
kiss 1 3 4 5 6 9 10 11 12 14 17 18 19 22 23 24 26 29 31 33 34 35 37 38 39 40 41 42 44 46 49 50 53 55 56 57 59 61 65 66 67 68 69 70 71 72 73 74 75 76 77 78 79 80 82 85 90 91 94 98 100
kirk 46 72
kith 34 40 92 93
kitt 71 81
kits 39 77 94
kite 14 16 17 28 33 41 49 55 69 71 73 76 83 94
klar 63
klan 21 51
klux 21 51
knaw 72
knew 1 2 3 4 5 6 7 8 9 10 11 12 13 14 16 17 18 19 20 21 22 23 24 25 26 27 28 29 30 31 32 33 34 35 36 37 38 39 40 41 42 43 44 45 46 47 48 49 50 51 52 53 54 55 56 57 58 59 60 61 63 64 65 66 67 68 69 70 71 72 73 74 75 76 77 78 79 80 81 82 83 84 85 87 88 89 90 92 93 94 95 97 99 100
knee 3 4 5 6 10 12 13 14 16 17 18 21 22 24 26 27 28 29 30 31 33 34 37 38 39 40 41 42 43 44 46 47 48 49 50 52 53 54 55 56 57 60 61 62 65 67 68 70 71 72 73 76 77 78 79 85 88 89 91 92 93 94 100
knit 5 6 10 13 14 16 23 27 36 38 39 40 42 46 49 52 54 56 65 66 70 76 79 88 89 94 98 99
knob 5 12 14 18 27 28 31 39 40 42 44 55 57 69 70 78 84 87
know 1 2 3 4 5 6 7 8 9 10 11 12 13 14 15 16 17 18 19 20 21 22 23 24 25 26 27 28 29 30 31 32 33 34 35 36 37 38 39 40 41 42 43 44 45 46 47 48 49 50 51 52 53 54 55 56 57 58 59 60 61 62 63 64 65 66 67 68 69 70 71 72 73 74 75 76 77 78 79 80 81 82 83 84 85 86 87 88 89 90 91 92 93 94 95 96 97 98 99 100
knot 3 7 10 12 13 14 17 18 21 26 27 28 31 34 37 39 40 42 45 46 48 49 52 55 56 57 65 66 68 70 71 72 73 75 76 77 78 79 85 93 94 97
knox 27 89
kobe 66
koch 37
kock 41 55
koek 52
kohl 53
koly 39
koll 39
koko 39
kony 39
kong 62 78
kopf 63
koro 66
koue 91
koto 66
kozl 39
kran 55
kraa 55
krok 46
ksin 39
kull 83
kung 63
kuni 66
kurz 63
kuzm 39
kvas 41
