koshi 66
koran 23 84 89
korah 40
korea 46 62
kotsu 66
kozel 37
kynke 9
kynde 53
kynge 53
kyrie 55
kyrke 45
khayy 51
khaki 55
khans 41
khaan 55
khova 39
khovo 39
kin’s 39
kicks 4 12 13 21 27 28 32 33 38 40 42 49 52 55 56 69 72 77 78 82
kibed 49
kieou 28
kiddy 55
kraft 63
kramm 21
krems 39
kind. 100
kinch 55
kinde 45
kinds 4 7 10 11 12 13 14 17 22 23 26 27 28 30 31 32 35 36 37 38 39 40 41 42 45 46 49 51 52 53 55 56 60 61 62 63 65 67 68 70 71 72 73 74 76 77 78 79 80 81 82 84 85 86 88 89 90 91 92 93 94 95 100
king. 17 38 79
kiner 70
kings 3 6 7 8 9 10 12 13 14 15 16 17 20 21 22 23 26 28 31 33 38 39 40 41 45 47 49 50 53 55 60 65 69 70 71 73 74 76 77 78 79 80 82 83 85 88 90 91 92 94 97 98 99
kinge 49
kimbo 28 71
kills 3 10 12 17 20 22 27 28 33 38 39 40 41 44 45 49 55 56 57 61 65 66 70 72 73 77 79 80 89 92
kilns 12 23 37 78
kilts 18 55
krieg 39
kiosk 79
kaa’s 33
kinks 46 51
kirby 28 51
kirgh 39
kiril 39
kirke 56 94
kites 33 41 69 71 77
kitt. 71
kitts 81
kitty 11 13 16 39 55 78 94
kisel 39
kisss 12
kissy 55
krone 46
kronq 39
krook 78
kabir 28
kiyok 62
kader 12
kafka 59
kalpa 28
kandy 77
kay’s 9
kampf 20
kamya 33
kappa 63
kasha 41
karma 55
karol 42
karab 39
karan 66
karat 39
katty 55
katya 41
katey 55
katia 37
katie 39 56
ksina 39
ksins 39
kazan 37
k.m.a 55
kudos 55
klimm 84
kuffy 78
kugel 63
klook 55
kukri 46
kluge 20
kursk 39
kurtz 31
kuzma 41
kvass 39
keats 55 66 94
kedar 51
kebir 53
keels 40 65
keens 55
keepe 98
keeps 4 5 6 7 10 11 12 13 14 17 18 19 21 22 23 25 27 28 31 33 36 37 38 39 40 41 42 45 46 48 49 50 51 52 53 55 56 57 58 60 61 64 65 66 68 69 70 71 72 73 76 77 78 79 80 81 83 85 88 89 92 94 95 96 97 98
kedge 55
knave 3 9 12 13 19 37 38 39 41 49 55 72 73 77 82 83
knaws 72
knack 10 16 19 26 29 39 42 49 55 56 68 69 72 77 78 92 96
kegan 63
keine 63
keith 83 84
kelio 13
kells 55
kelly 51 55
kelpy 40
knell 10 12 40 46 68 71 74 78 79 84 90
knelt 3 4 5 8 9 10 12 17 18 21 23 27 30 34 37 38 39 41 42 44 46 47 51 55 56 60 66 67 68 69 72 74 77 78 79 85 90 93 94 100
knead 28
knees 1 4 5 6 7 8 9 10 11 12 13 14 17 18 19 21 22 23 26 27 28 29 30 31 32 33 34 35 36 37 38 39 40 41 42 43 44 46 47 48 49 50 51 52 53 54 55 56 57 59 60 65 67 68 69 70 71 72 73 74 75 76 77 78 79 80 81 82 83 84 85 88 90 92 93 94 99
kneed 5 60 68
kneel 3 4 8 9 10 12 23 32 34 37 39 40 41 44 55 56 65 66 68 69 71 72 74 76 77 80 82 90 94 98
kwawr 55
kenge 78
kenny 55
kenne 63
kempt 12 21
kemps 9
kelso 23
knits 24 37 41 65 95
knick 37 66 79
knife 2 3 4 5 6 7 8 10 12 13 14 16 17 18 20 21 23 26 27 28 30 33 34 35 37 38 39 40 41 44 46 47 48 49 53 54 55 56 57 59 60 65 66 68 69 70 71 72 73 76 77 78 79 80 84 85 86 92 93 94 99
keogh 42 55
kerry 55
kette 63
ketch 4 27 46 57 68 69 70
kevin 55
knopf 64
knots 4 10 12 21 27 28 31 33 40 41 46 48 49 52 55 56 68 69 70 71 76 77 79 83 88 92 93
know. 12 21 22 31 38 71
knout 41 55
knowe 53
knowd 27 78
known 1 2 3 4 5 6 7 8 9 10 11 12 13 14 15 16 17 18 19 20 21 22 23 26 27 28 29 30 31 32 33 34 35 36 37 38 39 40 41 42 43 44 45 46 47 48 49 50 51 52 53 54 55 56 57 58 59 60 61 63 64 65 66 67 68 69 71 72 73 74 75 76 77 78 79 80 81 82 83 84 85 86 87 88 89 90 92 93 94 95 96 97 100
knows 3 4 5 6 7 8 10 11 12 13 14 15 16 17 18 19 20 21 22 23 25 26 27 28 29 31 33 34 35 36 37 38 39 40 41 42 43 44 45 46 47 48 49 50 51 52 54 55 56 57 58 59 60 61 63 64 65 66 67 68 69 70 71 72 73 74 75 76 77 78 79 80 81 82 84 85 88 89 90 91 92 93 94 95 97 98 99 100
knobs 25 28 31 39 40 55 67 71 78
knock 3 4 5 6 10 12 13 14 16 17 18 21 22 23 27 28 30 31 32 33 34 35 36 37 38 39 40 41 42 46 48 49 55 56 59 60 61 64 66 67 68 69 70 71 72 76 77 78 79 80 84 85 88 93 94 97 98 99 100
knoll 6 10 12 19 27 39 48 52 57 58 71
keyed 30 40 55 67
keyes 45 55
kodak 46 47
kohol 55
kov’s 39
kommt 63
kolya 37 41
komar 39
kolod 55
koona 30
kondr 39
