koehler 55
kristos 55
kitchen 3 4 5 6 9 10 11 12 13 14 16 17 18 19 21 27 28 32 34 36 37 38 39 40 41 42 43 44 46 48 49 50 51 54 55 56 57 58 59 60 61 62 66 67 68 69 70 71 72 73 74 76 77 78 79 81 84 86 90 91 92 94 98
kansell 55
kitchin 78
kindled 4 10 11 12 14 16 18 20 21 27 28 35 37 39 40 41 45 49 54 55 56 57 60 65 68 71 72 73 74 76 77 79 83 85 88 90 94
kindles 12 27 49 65 77 85
kentuck 27
keyes’s 55
katrina 52
kotrina 13
kelly’s 42 55 77
kellner 12
kudasai 66
kindred 4 9 10 11 15 16 20 27 28 30 32 40 41 42 45 46 49 51 55 56 65 68 71 72 73 76 77 78 80 81 85 88 93 94
kicking 4 6 10 12 13 14 17 22 27 29 33 37 39 40 41 47 49 55 67 68 69 70 71 72 76 77 78 88 94
kipling 33
kerseys 83
katie’s 39
kearney 42 55 94
kittens 13 26 28 30 46 60 68 73 94
krishna 35
kinder. 71
kindest 1 6 10 11 13 14 16 19 20 26 27 32 39 41 43 49 55 61 65 68 71 72 74 78 79 85 90 94
kneaded 10 12 14 22 28 38 39 64 78
kentish 50 71 73 78
keogh’s 55
kempt’s 12
kircher 84
kitty’s 11 55
kidneys 22 49 55 71 77
kevin’s 55
kiernan 55
kitsune 66
keddahs 33
klammer 63
kinchin 68
kildare 42 55
kirtles 55
knopp’s 37
koblods 94
krugers 55
kincora 55
keswick 34
kirstin 30
keeping 1 2 3 4 5 6 7 8 9 10 11 12 13 14 15 16 17 18 19 20 21 22 23 24 25 26 27 28 29 30 31 32 33 34 35 36 37 38 39 40 41 42 43 44 45 46 47 48 49 50 51 52 53 54 55 56 57 58 59 60 61 63 64 65 66 67 68 69 70 71 72 73 74 75 76 77 78 79 80 81 82 83 84 85 86 87 88 89 90 91 92 93 94 95 96 97 98 99 100
killala 55
kintuck 27
killing 3 4 6 7 10 12 13 17 20 21 22 27 30 31 32 33 34 35 37 39 40 41 44 45 46 47 48 49 50 53 54 55 56 60 61 65 66 69 71 72 77 78 79 80 82 91 94
killed. 71
killers 40
killest 9 88
killeth 20 26 88
kneller 43
keturah 81
kenneth 65 72
kennedy 55 65 83 84
kennels 28 30 41 68 73
knave’s 9
knavish 9 71 76 80 83
kenning 20
kympton 11
kisseth 26
knitted 12 13 14 21 30 31 34 37 39 40 41 42 43 55 56 57 69 71 72 76 77 78 79
knitter 31
knaves. 71
knavery 12 13 45 49 68 77 81 82 83
kandian 77
khova’s 39
kremlin 39 40
kawffee 46
kimball 85
knacker 12
kantian 63 92 95
kendall 55 81
kankury 55
kuriake 45
kinetic 48 55
ketchup 71
ketches 27
ketched 4 5 70
keating 55
ketland 81
keynote 51 77
khnovna 39
kleenex 62
karaoke 62
komplex 63
kobelev 37
kinnatt 55
kettles 4 13 17 28 40 52 55 60 61 68 71 73 77 78
krowawr 55
knewest 9 26 49 66 77 85 88 98
knouted 39
karenty 49
kolya’s 41
keep’st 65
kurtz’s 31
konnten 63
kneecap 12 55
knotted 10 12 13 14 18 20 31 33 37 39 40 42 52 55 65 66 67 68 70 72 73 76 77 78 83 86 92
kolonne 63
kneepan 12
kimmage 55
klein’s 18
know’st 40 65
kneeled 1 5 9 27 33 49 60 66 70 71 73 76 78 99
knocked 1 3 4 5 6 8 9 10 12 13 14 16 17 18 21 22 23 26 27 28 30 31 32 33 34 37 38 39 40 41 42 43 44 46 48 49 51 53 54 55 56 57 59 60 61 66 67 68 69 70 71 72 73 74 76 77 78 79 81 82 84 88 90 93 94 98 99 100
kleides 63
knocker 10 12 13 17 42 46 54 55 68 71 78 85 93
knockin 27
keyhole 5 10 12 13 14 21 26 27 37 39 44 46 51 55 68 71 77 79 93 94
knawn’t 10
kemball 34
kelomen 55
kashmir 39
knock’d 65
khayyam 66
kopecks 41
kiender 71
kibisho 66
kivered 70
knobbed 14 40 44 55
kingham 19
kingdom 2 4 5 7 9 10 11 12 13 14 15 16 19 20 21 22 26 27 28 32 37 38 39 40 41 45 46 48 49 51 53 55 56 60 61 65 66 68 69 70 72 73 77 78 79 80 81 82 83 84 85 88 89 94 97 98
kissing 1 9 10 12 13 14 18 22 26 27 34 35 36 37 39 41 44 46 47 49 50 53 55 56 57 61 66 67 68 70 71 72 73 76 77 78 79 93 94 100
kernels 28 54 94
keeling 40
kraandl 55
kiddies 41 55
katya’s 41
kobbir. 79
kilburn 21 48
kidding 35 67
kabbala 84
karpura 53
keyless 55
keepers 9 12 13 14 17 23 28 32 37 40 41 46 49 71 76 78 79 80 83 91 98
keepeth 9 20 45
keepest 77 88
knights 7 9 12 20 26 28 29 31 38 39 40 41 46 49 52 53 55 65 77 79 82 84 85 92 94 96
kelso’s 23
kenadon 9
kinship 20 31 51
knowall 38 55
karotta 53
kostrom 39
kluze’s 12
knowing 1 2 3 4 5 6 7 8 9 10 11 12 13 14 15 16 17 18 19 20 21 22 23 26 27 28 29 31 32 33 34 35 37 38 39 40 41 42 43 44 45 46 47 48 49 50 51 52 53 55 56 57 58 59 60 61 63 64 65 66 67 68 69 70 71 72 73 74 75 76 77 78 79 80 81 82 83 84 85 88 89 90 91 92 93 94 95 97 98 99
kcirtap 55
knowest 7 9 12 15 23 26 33 40 41 45 49 60 64 77 85 88 91
knoweth 9 12 14 20 26 27 32 41 45 49 53 77 85 88
kinsmen 20 22 38 40 49 55 60 77 80 98
kinsman 9 12 20 22 27 39 41 43 49 53 54 65 72 73 74 77 78 79 80 90
known’t 72
kailpot 55
konpira 66
kumaioi 65
kinsale 55
kozel’s 37
kossuth 55
kryukov 37
keenest 6 10 11 14 18 21 30 34 40 41 47 49 55 58 70 71 84 92
klassen 63
katey’s 55
katenka 41
knuckle 12 13 39 55 67 68 76 83
knuckly 54 55
kinross 40
kestrel 77
