la 1 5 7 9 10 11 12 13 16 17 18 19 20 21 23 27 28 34 37 39 40 41 44 49 50 53 55 60 63 65 66 71 74 76 77 78 79 80 81 82 83 84 90 92 94 96 97 98
lb 28 31 55 83
lc 63
ld 55
le 1 7 9 10 12 14 18 20 23 26 28 30 37 39 40 41 46 48 49 53 55 62 63 65 66 70 74 77 78 79 81 82 83 84 90 92
li 12 14 26 39 45 49 53 55 62 63 66 68 71 77 78 79 83
ll 6 9 14 15 20 22 27 29 30 46 48 55 56 57 58 62 64 66 70 72 78 81 82 83 84 87 93 94 98
lo 5 7 9 20 22 24 26 28 31 38 39 40 51 53 54 55 61 63 65 66 69 70 71 72 76 77 78 79 80 81 82 85 88 98
lr 53
ls 12 20
lt 12 20 63
lu 12 28
lv 14 26 39 49 71 77 78
lx 26 71 77 78
ly 10 39 53 62 63 68 70 72
