l’ev 79
l’ha 39
l’an 12
l’as 39
l’op 79
l’or 39
l’un 12
le’s 10 18
li’s 39
labi 49
laas 65
lade 53 91
lacy 56
laca 53
lace 5 7 10 11 12 13 14 16 17 18 21 23 26 27 37 38 39 40 41 42 43 44 49 53 55 56 57 60 68 71 76 77 78 79 85 93 94
laci 55
lack 4 7 9 10 12 13 18 20 21 22 23 25 26 27 28 30 34 35 37 38 39 40 41 42 43 46 47 48 51 53 55 56 57 58 59 66 69 72 77 79 83 84 85 88 92
lafa 39
lafe 70 91
laff 91
lado 53
lads 2 5 6 9 12 17 23 33 37 38 39 40 41 42 51 52 55 68 69 72 73 77 78 79 91 93 94
lady 1 3 4 5 7 9 10 11 12 13 14 16 17 18 19 20 21 22 23 27 28 29 32 33 35 36 37 38 39 40 41 42 43 44 45 46 48 49 50 51 52 53 55 56 57 58 59 61 62 65 66 67 68 69 70 71 72 73 74 75 76 77 78 79 81 82 83 84 85 89 90 94 98 100
lags 65 78
lage 63
lago 53
lait 18 55
laid 1 3 4 5 6 7 9 10 11 12 13 14 15 16 17 18 19 20 21 22 23 25 26 27 28 29 30 31 32 33 34 37 38 39 40 41 42 43 44 45 46 47 48 49 51 52 53 54 55 56 57 58 60 61 63 64 65 66 67 68 69 70 71 72 73 74 75 76 77 78 79 80 81 82 83 84 85 88 89 90 91 92 93 94 95 96 97 98 99 100
lain 1 5 6 9 12 13 14 16 17 18 19 21 22 26 27 28 29 33 35 38 39 40 41 42 44 46 49 51 55 57 58 59 60 61 68 71 72 76 77 78 79 81 83 84 85 98 99
lair 1 10 12 13 14 20 22 26 33 39 43 46 48 55 65 68 72 77 78
lais 40 49
laia 53
lala 55
laka 53
lake 1 2 3 4 5 6 7 8 9 10 11 12 13 14 15 16 17 18 19 20 21 22 23 24 25 26 27 28 29 30 31 32 33 34 35 36 37 38 39 40 41 42 43 44 45 46 47 48 49 50 51 52 53 54 55 56 57 58 59 60 61 63 64 65 66 67 68 69 70 71 72 73 74 75 76 77 78 79 80 81 82 83 84 85 86 87 88 89 90 91 92 93 94 95 96 97 98 99 100
lank 1 21 23 27 31 35 39 40 46 47 48 52 55 57 68 71 73 77 78 80
lant 91
lanx 49
land 2 3 4 5 6 7 8 9 10 12 13 14 15 16 17 18 19 20 21 22 23 24 26 27 28 30 31 32 33 34 35 37 38 39 40 41 42 43 44 45 46 47 48 49 51 52 53 54 55 56 57 58 60 61 62 64 65 66 67 68 69 70 71 72 73 74 75 76 77 78 79 80 81 82 83 84 85 88 89 90 91 92 93 94 96 97 98 99
lana 45 49 51 53
lang 22 53 55 71 72
lane 10 11 12 13 14 16 18 19 21 23 25 26 27 32 34 40 41 42 46 48 50 51 54 55 56 57 60 66 67 68 69 70 71 72 73 75 76 77 78 81 83 84 85 93 94
lamh 55
lamp 1 4 6 9 10 12 13 14 16 17 18 21 22 23 27 28 29 31 36 37 38 39 40 41 42 43 46 47 48 49 50 54 55 56 57 59 60 65 66 67 68 70 71 74 76 77 78 79 83 84 85 86 90 91 93 94
lamb 4 5 10 12 13 14 16 22 24 26 27 32 33 38 40 42 45 46 49 52 55 56 65 68 69 70 71 72 73 74 77 78 81 83 87 90 91 92 94 97 99
lama 12 40
lame 4 10 12 13 14 16 18 21 22 25 26 27 31 32 33 37 38 39 41 42 44 45 47 49 55 57 58 60 64 65 68 69 70 71 72 73 76 77 78 79 80 83 93 94 99
lapo 7
laps 7 12 13 24 28 33 34 51 55 68 69 72
lapa 53
laon 12
laoe 53
larn 4 27 55
lart 12
larx 14
larv 12 28
lard 4 13 22 28 40 55 79
lara 77 79
larg 91
lare 49 53
lark 3 12 14 24 28 31 34 36 48 50 55 66 68 71 73 77 78 79 94
lato 53
late 1 2 3 4 5 6 7 9 10 11 12 13 14 15 16 17 18 19 20 21 22 23 26 27 28 29 30 31 32 33 34 35 36 37 38 39 40 41 42 43 44 45 46 47 48 49 51 52 53 54 55 56 57 58 59 60 62 65 66 67 68 69 70 71 72 73 74 75 76 77 78 79 80 81 82 83 84 85 86 88 89 90 91 92 93 94 95 97 98 100
lati 49
lath 5 12 13 28 34 40 49 55 69 70 72 76
last 1 2 3 4 5 6 7 8 9 10 11 12 13 14 15 16 17 18 19 20 21 22 23 25 26 27 28 29 30 31 32 33 34 35 36 37 38 39 40 41 42 43 44 45 46 47 48 49 50 51 52 53 54 55 56 57 58 59 60 61 62 63 64 65 66 67 68 69 70 71 72 73 74 75 76 77 78 79 80 81 82 83 84 85 86 87 88 89 90 91 92 93 94 95 96 97 98 99 100
lass 5 10 12 38 42 43 46 52 55 66 71 72 77
lash 4 8 10 12 13 20 21 22 23 26 27 29 30 32 33 37 39 40 47 49 55 64 65 68 69 70 77 79 81 84
lavr 39
lavw 39
lava 12 13 28 40 79
lave 20 40 44 53 65 71 72
laur 55
laus 49
laut 53 63
laud 26 49 52 55
laue 53
lauk 68
law. 16 22 71
laya 39 53
laws 1 2 3 4 5 6 7 8 9 10 11 12 13 14 15 16 17 18 19 20 21 22 23 24 25 26 27 28 29 30 31 32 33 34 35 36 37 38 39 40 41 42 43 44 45 46 47 48 49 50 51 52 53 54 55 56 57 58 59 60 61 63 64 65 66 67 68 69 70 71 72 73 74 75 76 77 78 79 80 81 82 83 84 85 86 87 88 89 90 91 92 93 94 95 96 97 98 99 100
lawe 45
lawk 71
lawn 5 10 11 12 16 18 19 21 27 29 42 46 47 48 51 55 61 65 66 67 68 69 71 73 78 79 85 94
lazy 1 3 12 14 16 17 18 22 25 26 27 28 30 32 33 34 35 37 38 39 40 41 44 49 50 51 54 55 56 57 58 59 61 65 66 67 68 69 70 71 72 73 76 77 80 83 85 86 94 100
laze 31
layd 45
laye 91
layn 40
lays 12 14 20 21 22 23 26 27 28 30 33 36 39 40 41 49 50 55 56 57 60 64 65 68 69 70 71 73 75 77 78 80 81 88 92 96 97 99
leak 12 28 40 46 47 49 56 57 60 69 70 73 74 79 81 83 86 90
leah 10 27 49 55
lean 1 2 4 9 10 12 13 14 17 18 20 21 22 23 24 26 28 30 31 32 34 36 38 39 40 41 43 44 46 47 48 49 51 54 55 56 57 58 65 66 67 68 70 71 72 73 74 76 77 78 79 80 90 93 94 98 100
leal 47 94
lear 55 70 72 80
leas 10
leap 3 4 6 8 9 10 12 13 14 17 22 23 26 27 28 29 30 32 33 37 38 39 40 41 42 46 48 49 53 54 55 56 58 61 65 68 71 72 73 76 77 78 79 80 81 84 85 91 93 94 98 99
leat 55
leaf 1 5 6 8 10 12 13 14 17 18 19 21 23 25 26 27 28 30 31 32 33 34 35 37 38 39 40 41 42 44 49 50 51 53 55 56 57 60 64 65 66 67 68 69 70 71 72 73 74 76 77 78 79 81 82 84 85 90 93 94 100
lead 1 4 5 6 7 8 9 10 11 12 13 14 16 17 18 19 20 21 22 23 24 25 26 27 28 29 30 31 32 33 34 35 36 37 38 39 40 41 42 43 44 45 46 47 48 49 51 53 54 55 56 57 59 60 61 63 64 65 66 68 69 70 71 72 73 74 75 76 77 78 79 80 81 82 83 84 85 86 88 89 90 91 92 93 94 95 97 100
leda 22 55
leck 70
lech 39 44
lebt 63
leg. 40 41
leer 6 14 23 42 44 46 52 55 63 68 71 78 84
lees 26 40 45 49 55 72 76 85
leet 55
leek 28
legs 3 4 5 6 8 9 10 12 13 14 17 18 21 22 26 27 28 30 31 32 33 34 35 36 37 38 39 40 41 42 43 44 46 47 48 49 50 51 52 53 54 55 56 57 58 59 60 61 65 66 67 68 69 70 71 72 73 76 77 78 79 80 81 82 83 84 85 92 93 94 99 100
lega 53
legd 91
lege 40 53 63
legi 49
legg 65
left 1 3 4 5 6 7 8 9 10 11 12 13 14 15 16 17 18 19 20 21 22 23 24 25 26 27 28 29 30 31 32 33 34 35 36 37 38 39 40 41 42 43 44 45 46 47 48 49 50 51 52 53 54 55 56 57 58 59 60 61 62 63 64 65 66 67 68 69 70 71 72 73 74 75 76 77 78 79 80 81 82 83 84 85 86 88 89 90 91 92 93 94 95 96 97 98 99 100
leib 63
leks 30
lela 77
lens 21 40 43
lent 1 2 4 6 9 10 12 14 15 16 17 18 20 21 22 23 33 36 37 38 39 40 41 42 44 49 51 54 55 56 57 65 68 69 71 73 77 78 79 81 83 84 85 89 94 99
lemy 12
lend 1 6 9 10 11 12 13 14 17 18 22 23 26 27 28 30 33 36 37 39 40 41 42 44 45 47 49 53 54 55 56 57 60 65 68 70 71 72 73 74 76 77 78 79 80 83 84 90 91 92 94 100
lena 49
lemi 39
lema 12 79
lepe 53
leop 55
leon 49 53 62 77
leto 22
lets 4 5 7 12 13 14 16 18 21 22 25 27 33 35 36 37 38 39 40 45 49 50 51 53 55 56 61 65 68 69 70 72 77 78 79 80 89 92 94 97
lett 37 55
lest 1 3 4 5 6 7 9 10 11 12 13 14 15 16 17 19 20 21 22 23 24 26 27 28 29 31 33 34 38 39 40 41 42 43 44 45 46 48 49 51 52 53 54 55 56 60 61 64 65 66 68 69 71 72 73 74 76 77 78 79 80 81 83 84 85 88 89 90 92 93 94 97 98 99 100
less 1 2 3 4 5 6 7 8 9 10 11 12 13 14 15 16 17 18 19 20 21 22 23 25 26 27 28 29 30 31 32 33 34 35 36 37 38 39 40 41 42 43 44 45 46 47 48 49 50 51 53 54 55 56 57 58 59 60 61 63 64 65 67 68 69 70 71 72 73 74 75 76 77 78 79 80 81 82 83 84 85 86 87 88 89 90 91 92 93 94 95 96 97 98 99
lese 77
levy 4 22 31 39 45 79 97 98
leva 49
leve 49
levi 45 49 70
leuo 53
leur 12 49
leut 81
leua 53
lewy 55
lewd 9 17 26 44 49 51 55 73 77 88
liar 9 10 12 14 21 26 36 37 39 40 41 49 50 55 66 68 69 70 71 72 75 76 77 79 88 92 99
lida 37
lich 39 63
lie. 41
lick 6 12 24 26 28 30 38 40 41 42 44 48 49 50 55 65 67 69 70 73 79 82 88 91 92
lice 12 13 26 37 39 41 49 55 73 77 98 99
libh 42
libo 49
libr 53
life 1 2 3 4 5 6 7 8 9 10 11 12 13 14 15 16 17 18 19 20 21 22 23 24 25 26 27 28 29 30 31 32 33 34 35 36 37 38 39 40 41 42 43 44 45 46 47 48 49 50 51 52 53 54 55 56 57 58 59 60 61 63 64 65 66 67 68 69 70 71 72 73 74 75 76 77 78 79 80 81 82 83 84 85 86 87 88 89 90 91 92 93 94 95 96 97 98 99 100
lien 51
liel 53
lier 91
lies 1 4 5 6 8 10 11 12 13 14 15 16 17 18 19 21 22 23 24 26 27 28 29 31 33 34 35 36 37 38 39 40 41 42 43 44 45 46 47 48 49 51 52 53 54 55 56 60 61 63 64 65 66 67 68 70 71 72 73 74 76 77 78 79 80 81 82 83 84 85 86 87 88 89 90 92 93 94 95 96 97 98 99 100
lieu 1 2 3 4 5 6 7 8 9 10 11 12 13 14 15 16 17 18 19 20 21 22 23 24 25 26 27 28 29 30 31 32 33 34 35 36 37 38 39 40 41 42 43 44 45 46 47 48 49 50 51 52 53 54 55 56 57 58 59 60 61 63 64 65 66 67 68 69 70 71 72 73 74 75 76 77 78 79 80 81 82 83 84 85 86 87 88 89 90 91 92 93 94 95 96 97 98 99 100
lief 9 19 20 27
lied 8 10 12 13 18 20 26 29 33 35 37 38 39 41 43 54 56 67 69 70 77 82 88 99
lido 23
lids 4 8 10 12 13 21 22 23 28 37 39 40 43 46 55 56 57 65 69 71 72 74 76 78 79 84 85 90 94
ligo 53
lift 5 8 9 10 11 12 13 14 17 18 20 22 23 25 26 27 28 29 30 31 33 34 36 37 38 39 40 41 42 43 44 45 46 48 49 50 51 53 55 56 57 59 60 61 62 64 65 68 69 70 71 72 73 76 77 78 79 80 81 85 88 89 94 98
liii 14 26 49 68 71 77 78
lila 53
lile 9
like 1 2 3 4 5 6 7 8 9 10 11 12 13 14 15 16 17 18 19 20 21 22 23 24 25 26 27 28 29 30 31 32 33 34 35 36 37 38 39 40 41 42 43 44 45 46 47 48 49 50 51 52 53 54 55 56 57 58 59 60 61 62 63 64 65 66 67 68 69 70 71 72 73 74 75 76 77 78 79 80 81 82 83 84 85 86 87 88 89 90 91 92 93 94 95 96 97 98 99 100
lind 4 55
lina 38
ling 53 55 69 72 81
line 3 4 5 6 7 8 9 10 11 12 13 14 15 16 17 18 19 20 21 22 23 25 26 27 28 30 31 32 33 34 35 37 38 39 40 41 42 43 44 45 46 47 48 49 50 51 52 53 54 55 56 57 59 60 63 64 65 66 67 68 69 70 71 72 73 74 75 76 77 78 79 80 81 82 83 84 85 86 89 90 91 92 93 94 95 96 97 98
link 4 6 7 12 14 15 18 20 21 23 27 28 34 39 40 45 46 55 63 64 67 70 71 74 76 77 78 79 80 83 84 85 89 90 93
lini 49
lino 39 55
linn 12 40 47
limp 5 12 13 14 18 21 22 26 30 31 33 34 39 41 42 43 44 47 48 55 56 57 64 71 76 77 78 86 94
limb 1 4 9 10 12 13 14 16 20 21 22 27 30 31 32 34 37 38 39 40 43 44 47 48 49 51 52 55 56 60 62 65 68 69 70 71 72 73 74 76 77 78 79 80 84 85 90 94 97
lima 40 53 55 82
lime 1 8 12 14 16 21 28 33 38 39 40 41 45 49 53 55 60 68 71 72 78 79 81 84 86 94 97
lilt 33 55
lily 10 12 17 23 24 27 28 38 39 40 42 46 55 56 64 66 77 79 84 85 98
liog 53
lion 5 6 7 9 10 12 13 15 17 22 24 26 27 28 32 33 38 39 40 41 42 45 46 49 50 51 52 55 56 60 61 65 69 71 74 76 77 78 79 80 84 88 90 91 94 97 98 99
lins 39
lint 12 39 40 41 49 77
linz 39
lire 79
lira 34
lips 1 3 4 5 6 7 8 10 11 12 13 14 16 17 18 19 21 22 23 26 27 28 29 30 31 32 33 34 35 37 38 39 40 41 42 43 44 45 46 47 48 49 50 51 52 53 54 55 56 57 58 59 60 61 64 65 66 67 68 69 70 71 72 73 74 75 76 77 78 79 80 82 84 85 88 89 90 92 93 94 95 98 100
lith 9
lito 49 53
litt 55
lite 41 55 89 91
lisp 10 12 23 32 37 39 41 43 49 51 55 94
list 1 2 3 4 7 9 10 11 12 13 14 15 16 18 20 21 22 23 27 28 33 34 39 40 41 42 43 45 46 49 53 54 55 56 62 63 66 67 69 70 71 74 75 76 77 78 79 80 81 82 83 84 85 86 88 90 91 92 93 94 98
lisa 39
lise 12 39 41
live 1 3 4 5 6 7 8 9 10 11 12 13 14 15 16 17 18 19 20 21 22 23 24 25 26 27 28 29 30 31 32 33 34 35 36 37 38 39 40 41 42 43 44 45 46 47 48 49 50 51 52 53 54 55 56 57 58 59 60 61 62 63 64 65 66 67 68 69 70 71 72 73 74 75 76 77 78 79 80 81 82 83 84 85 87 88 89 90 91 92 93 94 95 96 97 98 99 100
liue 98
lixo 53
livy 45 49 80
lizy 27
liza 17 27 39 50
lize 70
liya 39
ll.d 89
llen 63
ller 79
lldo 55
llig 63
llne 20
lmin 39
loan 4 6 12 13 17 20 35 36 37 39 40 41 42 55 70 71 77 78 79 83 94
load 4 6 10 12 13 14 17 18 22 23 26 27 28 30 31 32 33 34 37 38 39 40 41 42 46 48 49 53 54 55 56 57 59 60 65 66 68 69 70 71 73 74 75 76 77 78 79 81 83 84 85 88 90 94 99
loaf 4 5 10 12 13 14 18 21 22 27 28 30 33 37 38 39 40 43 51 53 55 60 64 66 68 70 71 74 76 77 78 79 81 83 84 90 97
loam 12 40 51 55
loca 49
lock 1 3 4 5 6 8 10 11 12 13 14 15 16 18 19 21 22 23 25 27 28 30 33 34 36 37 38 39 40 41 42 43 44 46 48 49 50 51 54 55 56 58 59 60 65 66 67 68 69 70 71 72 73 74 75 76 77 78 79 81 83 84 85 86 87 90 91 93 94 98
loch 28
loci 49
loco 12 49 53
lobb 48
lobe 12 28 55 79 84
lods 12
lodg 83
lode 53
lodi 12 39
lodo 12
loge 79
logs 6 12 13 22 23 27 28 30 33 37 38 39 40 46 49 51 52 53 57 61 69 70 76 81 83
loft 10 12 14 27 32 38 41 42 43 69 71 72 76 77 78 79 84 98
loin 14 16 22 55 71 84 85
lohn 63
lola 12
lole 53
lone 10 12 13 14 20 21 26 27 28 29 31 32 33 40 51 55 58 65 70 71 77 78 79 84 91
long 1 2 3 4 5 6 7 8 9 10 11 12 13 14 15 16 17 18 19 20 21 22 23 24 25 26 27 28 29 30 31 32 33 34 35 36 37 38 39 40 41 42 43 44 45 46 47 48 49 50 51 52 53 54 55 56 57 58 59 60 61 63 64 65 66 67 68 69 70 71 72 73 74 75 76 77 78 79 80 81 82 83 84 85 86 87 88 89 90 91 92 93 94 95 96 97 98 99 100
loll 14 55 70 78
lope 30 39 53 77
loon 28 40
loom 13 22 30 40 43 52 55 64 65 71 78 85
loos 9
loop 12 14 21 33 37 40 46 55 68 69 83 84 94
loot 31 39
looy 70
look 1 3 4 5 6 7 8 9 10 11 12 13 14 15 16 17 18 19 20 21 22 23 24 25 26 27 28 29 30 31 32 33 34 35 36 37 38 39 40 41 42 43 44 45 46 47 48 49 50 51 52 53 54 55 56 57 58 59 60 61 62 63 64 65 66 67 68 69 70 71 72 73 74 75 76 77 78 79 80 81 82 83 84 85 87 88 89 90 91 92 93 94 95 97 98 99 100
lons 12 79
lora 53
lore 1 10 17 18 28 46 49 53 55 72 77 84 85 91
lord 1 2 4 5 6 7 9 10 11 12 13 14 15 16 17 19 20 21 22 23 26 27 28 29 30 31 32 33 34 37 38 39 40 41 42 43 45 46 48 49 50 51 52 53 55 56 60 65 66 68 69 70 71 72 73 74 75 76 77 78 79 80 81 82 83 84 85 88 89 90 91 92 93 94 96 97 98 99
lorn 10 12 20 71 92
lops 65
loth 16 20 22 49 51 53 55 57 60 65 71 72 80 84 88 92 93
loti 66
loss 1 2 4 7 9 10 11 12 13 14 15 16 17 18 19 20 21 22 23 24 26 27 28 29 30 31 32 34 35 36 37 38 39 40 41 42 43 44 45 46 47 49 50 51 53 54 55 56 57 58 59 60 61 65 68 69 70 71 72 73 74 75 76 77 78 79 80 81 82 83 84 85 88 89 90 92 93 94 96 97 99 100
lost 1 3 4 5 6 7 8 9 10 11 12 13 14 15 16 17 18 19 21 22 23 24 26 27 28 29 30 31 32 33 34 35 36 37 38 39 40 41 42 43 44 45 46 47 48 49 50 51 52 53 54 55 56 57 58 59 60 61 63 65 66 67 68 69 70 71 72 73 74 75 76 77 78 79 80 81 82 83 84 85 87 88 89 90 91 92 93 94 96 97 98 99 100
lose 1 3 4 5 6 7 9 10 11 12 13 14 15 16 17 18 19 21 22 23 25 26 27 28 29 31 32 33 34 35 36 37 38 39 40 41 42 43 44 45 46 48 49 50 51 54 55 56 58 59 60 64 65 66 68 69 70 71 72 73 74 75 76 77 78 79 80 81 82 83 84 85 87 88 89 90 91 92 93 94 96 97 99 100
loro 49 53
lors 4 27
lory 3
love 1 2 3 4 5 6 7 8 9 10 11 12 13 14 15 16 17 18 19 20 21 22 23 24 26 27 28 29 30 31 32 33 34 35 36 37 38 39 40 41 42 43 44 45 46 47 48 49 50 51 52 53 54 55 56 57 58 59 60 61 62 64 65 66 67 68 69 70 71 72 73 74 75 76 77 78 79 80 81 82 83 84 85 88 89 90 91 92 93 94 95 96 97 98 99 100
lout 12 39 55 71 77
lous 49 91
louy 55
lova 39
loud 3 4 5 6 9 10 11 12 13 14 16 17 19 20 21 22 23 24 26 27 28 29 31 32 33 34 35 36 37 38 39 40 41 42 43 44 46 48 49 50 51 52 53 54 55 56 57 58 59 60 61 65 67 68 69 70 71 72 73 74 76 77 78 79 80 81 82 83 84 85 88 90 91 92 93 94 95 96 100
loue 91
loui 53
loup 12 55
lots 5 6 12 13 14 17 22 23 25 27 31 34 35 36 37 38 39 40 41 42 45 46 48 50 51 55 56 57 59 62 65 66 67 68 69 70 72 73 75 77 78 79 80 81 83 93 94 100
lowe 12 32
lows 10 55
lovs 37 39 91
lran 20
lski 39
ltig 63
luck 6 7 9 11 12 13 14 16 17 19 21 22 23 26 27 28 29 30 33 34 36 37 38 39 40 41 42 43 44 45 46 48 49 50 51 53 54 55 56 57 58 60 61 66 68 69 70 71 72 73 76 77 78 79 80 81 83 84 91 94 95 100
lucy 19 21 27 34 46 53 55 56 71 91
luby 39
luca 7 45
luce 27 49 53 84 91 92 100
luch 91
lubi 53
lude 49
ludi 49
lugs 55 71 72
luge 41
luff 6 17 40 55 69
luis 53 77
luia 53
luke 4 10 29 41 45 49 51 53 55 80 99
luna 49 53 77
lume 53 65
lumi 12 49
lump 5 6 10 12 13 22 28 32 37 38 39 40 47 48 55 56 57 60 66 68 69 70 71 73 77 78 79 81 84 85 88 94
lull 10 12 13 14 17 18 23 27 28 29 33 40 46 48 52 55 65 67 71 72 77 78 82 94
lung 6 9 40 48 84
lune 12 53
luni 12 53
luno 53
lure 10 17 21 26 39 40 43 49 53 55 56 77 88 97
lupo 53
lute 23 45 49 53 55 64 77 78
luth 84
lusk 9 55
lust 1 9 10 13 15 17 21 26 30 35 39 41 42 44 45 46 49 51 53 54 55 60 64 65 73 77 80 81 82 85 88 97 98
lush 39 43 48 55 56
lurk 10 28 31 40 43 46 48 49 55 65 72 78 92 96
luto 49
luxe 23 77
lvii 14 26 49 71 77 78
lxix 26 77
lxiv 26 49 71 77 78
lxii 26 71 77 78
lxta 49
lxvi 26 49 77 78
lxxi 26 77 83
lxxv 26
lxxx 26
lych 39
lyci 49
lyca 24
lyen 99
lyes 45 80 91
lyfe 98
lyin 5 46
lyke 53
lyly 9
lyon 21 55 81
lynx 12 34 55 68 71 77 78 79 82 84 92
lyne 53
lynn 10 32 74
lyte 81
lyre 12 22 26 28 39 55 64 65 78 80 84
lyum 55
lyub 39
