lebens 63
lebeuf 12
latris 45
latria 55
latour 12
latona 65
latone 53
loques 12
loquar 49
loquat 55
loqual 53
lestia 49
lestis 23
latmos 10 65
lester 67
lise’s 39 41
lessen 2 3 4 7 9 11 12 15 16 18 19 20 34 37 39 45 46 49 55 65 68 71 73 77 78 79 83 85 86 88 96 97
lesser 7 12 13 19 20 26 27 28 30 37 39 40 42 44 45 46 49 53 55 60 65 67 71 73 76 77 80 84 88 94 97
lesses 12
lessin 94
lesson 3 4 6 10 11 12 13 14 16 17 18 19 23 27 30 32 33 34 36 37 39 40 41 44 45 46 47 48 49 50 54 56 58 61 62 65 66 68 69 71 72 73 74 75 77 78 79 80 81 82 83 84 85 88 90 93 94 99
lessee 13 55 75
latina 53
latins 28 49 73 88 97
latine 45
latin1 63
liable 1 2 3 4 5 6 7 8 9 10 11 12 13 14 15 16 17 18 19 20 21 22 23 24 25 26 27 28 29 30 31 32 33 34 35 36 37 38 39 40 41 42 43 44 45 46 47 48 49 50 51 52 53 54 55 56 57 58 59 60 61 63 64 65 66 67 68 69 70 71 72 73 74 75 76 77 78 79 80 81 82 83 84 85 86 87 88 89 90 91 92 93 94 95 96 97 98 99 100
latius 49
latium 49
lather 6 39 55 67 73 77
lathes 12
leslie 66
labris 49
lateen 18 53 79
latest 4 6 7 11 12 13 14 16 19 20 22 23 26 27 28 29 30 34 37 39 40 41 42 43 46 48 49 50 55 56 59 65 67 69 71 72 75 76 77 78 79 80 92 94 98 100
latere 49 55 79
lateri 49
latent 12 14 18 30 39 40 41 42 44 49 51 55 57 65 68 71 76 78 80 85 89 93
lately 1 2 3 4 5 6 7 10 11 12 14 15 16 19 20 21 22 23 26 27 28 29 31 36 37 39 40 41 42 44 45 46 48 49 51 54 55 56 57 58 60 61 65 67 68 69 70 71 72 73 74 76 77 78 79 80 82 83 84 90 93 94 99
leaved 9 10 12 18 27 71 74 90 94
leaves 1 3 4 5 6 7 8 9 10 11 12 13 14 15 16 17 18 19 20 21 22 23 24 26 27 28 29 30 31 32 33 35 36 37 38 39 40 41 42 43 44 45 46 47 48 49 50 51 52 53 55 56 57 59 60 61 63 64 65 66 67 68 69 70 71 72 73 74 75 76 77 78 79 80 81 83 84 85 88 89 90 91 92 93 94 95 96 97 99 100
leaven 10 12 26 28 45 49 51 79 88 89 92
leavin 46
lirong 53
labour 2 6 7 9 10 11 14 15 16 19 21 22 23 26 37 42 45 46 47 48 49 54 55 57 59 60 64 65 68 71 72 73 74 76 77 78 80 81 82 83 88 89 90 92 93 96 97 98
labors 4 12 20 27 28 32 39 40 52 69 79 84 85 94 99
labori 49
laboro 49
lugged 27 30 47 48 49 55 60 68 69 70 94
lugger 6 18 71 79
laudat 49
loring 51
lisped 14 41 55 69 94
laudis 49
laudem 77
lauded 14 55 69 72 77 79 89
lalius 82
lethum 49
lethus 65
lethal 46 54 55 59
loreto 49 55
lorena 53
lebrun 12 18
letera 53
letere 53
lebras 12
lacked 9 10 12 13 14 18 29 31 32 35 39 41 47 49 50 51 53 66 69 72 85 89 94
lorded 48 52 68 94
lordly 1 5 12 17 20 22 27 32 40 42 44 46 48 55 65 77 80 92
lackin 70
lackey 12 39 41 49 77 82
lorcan 55
lalcon 73
lacing 12 13 16 66 67
led281 65
letash 39
leks’s 30
lalage 55
laches 49 80
lachez 49
lot’ll 48
lacets 12 20
laces. 38
latude 79
lisboa 53
lisbon 37 44 48 49 53 60 73 77 82 83 84 94
l’ours 12
lianas 55
lisant 55
lacaus 55
latten 9 23 55
latter 4 6 7 9 10 11 12 13 14 15 16 19 20 21 23 26 27 28 32 34 35 37 38 39 40 41 42 43 44 45 46 47 48 49 51 52 53 54 55 56 57 60 63 65 67 68 69 71 72 73 74 76 77 78 79 80 81 82 83 84 85 86 88 89 90 91 92 93 94 95 97
lord’s 4 9 14 19 27 28 29 39 40 49 51 56 65 68 69 71 76 77 79
lopped 27 39 65 69 71 76 79
liquor 4 12 13 14 16 18 19 22 23 27 28 29 34 37 38 40 41 42 44 45 49 50 53 54 55 60 67 68 69 70 71 73 76 77 78 79 81 83 99
leroux 79
leah’s 10
logurs 9
liquid 8 10 12 13 14 17 18 28 38 39 40 42 44 45 46 47 48 49 55 56 60 65 69 71 72 73 77 78 79 84 86 94
leitus 65
lashes 1 4 5 8 10 12 16 23 27 32 39 40 41 46 49 55 57 71 72 74 76 77 79 81 82 88 90 93 94
lashed 4 5 6 8 9 12 13 17 20 21 22 23 27 31 32 33 37 39 40 41 43 46 55 68 71 76 77 81 84 88
luogui 53
leiter 46 63
lynx’s 77
lizy’s 27
logres 9
logris 9
luocho 53
luochi 53
logois 65
lascar 21 40 72
loyall 45
lopp’d 65
least. 41 71
lesgle 12
lugere 49
lugene 51
leased 12 13 27 51 71
leases 12 51 73 78
learns 4 5 7 12 28 34 37 39 41 69 70 72 78 79 80 81 92 94
learnt 3 7 10 11 14 16 19 22 26 27 37 38 40 41 44 45 46 47 49 50 55 60 68 69 70 71 72 73 74 76 77 78 79 80 82 83 85 88 89 90 92 93 95
li’ves 27
lyon’s 44
leaped 5 6 10 12 13 17 21 23 24 27 28 29 30 31 33 37 38 39 40 42 43 46 48 49 51 53 54 55 58 65 66 68 69 71 72 73 74 76 77 78 79 81 83 84 85 90 93 94
leapin 27
labium 28
luxury 2 4 5 10 12 13 14 15 16 18 19 20 22 23 27 28 29 32 35 37 39 41 44 45 49 51 52 54 55 56 57 59 60 65 66 67 68 69 71 72 73 74 75 76 77 78 79 80 81 83 84 85 88 89 90 92 93 94 97
lesbia 49 65
lesbic 55
lesbos 22 49 65
leaned 1 4 5 6 9 10 12 13 14 16 18 21 22 23 27 28 31 33 34 35 37 38 39 40 41 42 43 46 48 51 52 54 55 56 57 59 61 66 67 68 69 70 71 72 76 78 79 82 84 91 94 100
leaner 26 40 77
leanin 34
labers 91
leaked 17 28 47 55 67 77 94
labels 26 39 42 55 71 79 86 94
labeer 91
labech 53
loyter 45
league 1 7 12 13 16 21 28 38 40 41 42 45 48 49 50 53 55 60 65 72 73 74 76 77 79 80 82 90 92 93 94 97 98
lasted 1 3 6 7 9 10 11 12 13 14 16 17 19 22 23 26 28 29 31 33 35 37 38 39 40 41 44 46 47 49 50 53 55 56 58 59 60 67 68 69 70 71 72 73 74 75 76 77 78 79 80 81 83 84 85 89 90 93 94 98 100
loyson 12
lizzie 42 44 51 55 56
lastra 7
lastly 1 2 3 9 10 11 12 14 22 27 34 39 40 44 45 49 51 53 55 60 65 71 73 74 76 77 78 79 80 81 83 84 85 88 90 92 94 98
lassen 63
lynxes 77
lake’s 40
lassus 27
lassos 55
lassie 55
lasses 6 12 40 52 55 70 77
leap’d 65
leaded 5 23 39 40 43 55
leader 4 7 8 9 10 12 13 15 17 20 21 22 23 26 28 30 31 32 33 34 39 40 42 43 45 46 48 49 51 53 55 57 59 61 65 67 68 71 73 74 76 77 79 80 83 90 92 97
leaden 1 6 12 14 23 28 30 37 42 46 49 57 65 67 68 69 71 77 78 79 80 84 85 88 92 100
leadin 6
lopukh 39
loyola 55
lasona 53
lean’d 65
l’aile 12
lilius 49
lilith 55
lilian 55
lilias 5
lilien 63
lilies 1 5 10 12 23 26 27 40 47 49 55 56 63 71 84 88 94 100
lang’s 22
ledger 13 21 23 28 46 78 79
ledges 28 33 73 76 84
lteren 63
lane’s 75
l’abri 18
licked 9 12 14 26 30 33 34 38 39 40 41 42 44 46 49 55 56 58 69 70 71 73 74 77 90
licker 33
lobo’s 77
land’s 22 56 69
losvel 12
lxviii 26 49 77
licier 12
lichen 5 21 28 47 55 74 79 90
llgale 49
lilaea 65
losses 6 7 11 12 13 15 16 27 30 35 39 45 48 49 55 60 68 71 72 73 77 79 80 81 83 97 99
lilacs 12 23 55 56
lloyds 55
lfhere 20
lurked 12 13 34 40 43 44 48 56 69 71 72 74 79 84 85 90 93
licere 49
lurker 14
liceat 49 97
luring 10 17 22 26 30 39 46 55 71 78
lampas 12
lurida 49
losong 53
lampus 22 65
l’isle 53 55
lavish 4 10 12 14 20 26 29 37 40 41 44 49 56 65 66 67 69 72 77 78 79 82 85
laving 14 44 76
lamore 53
litter 5 9 12 14 21 22 23 27 33 34 39 40 41 43 46 47 49 50 55 69 70 71 72 76 77 78 79 94
littel 91
litten 84
little 1 2 3 4 5 6 7 8 9 10 11 12 13 14 15 16 17 18 19 20 21 22 23 24 25 26 27 28 29 30 31 32 33 34 35 36 37 38 39 40 41 42 43 44 45 46 47 48 49 50 51 52 53 54 55 56 57 58 59 60 61 62 63 64 65 66 67 68 69 70 71 72 73 74 75 76 77 78 79 80 81 82 83 84 85 86 87 88 89 90 91 92 93 94 95 96 97 98 99 100
lushed 68
lemurs 47 48
lushon 9
lemues 45
lemuel 45 73 78
lannes 12 39
lanner 55 77
l’intr 12
laetus 49
laetum 49
lanman 32
lawful 2 4 6 10 17 22 27 37 39 40 41 45 49 50 55 56 60 65 71 72 76 77 78 79 80 81 83 88 89 92 97 99
laesae 45
laesos 49
lyrist 55
lankly 72
limb’d 65
lotion 14 40 41 55
levior 49
levite 45
levity 12 16 26 28 29 39 41 45 49 55 67 68 72 76 84 92
lobuna 77
lying. 41
lyinge 53
levich 39
levies 4 12 39 82
lemon. 41
levied 12 13 49 73 83
lemony 55
lemons 13 53 55 60 67 71 76 81 82 93
lemnos 22 65 82
lanima 53
lawn’s 84
laning 91
lemy’s 12
langue 44 53
langro 73
langen 63
langes 55 82
langer 35
langey 49
levers 21 22 39 40 47 48 51 60 72
levees 27 73 83
levels 12 14 26 30 40 49 55 65 77 78 87 97
landor 50 65 84
lancio 53
lancie 53
lancia 53
lancer 12 40
lancem 49
lancet 6 12 40 43 46 49 55 71 88
lances 5 10 12 20 22 39 40 49 53 55 56 65 69 77 83
lanced 49
landes 79
landed 4 6 9 10 12 13 14 16 17 20 21 22 26 27 28 30 31 33 34 38 39 40 42 44 46 48 49 51 53 55 58 59 60 61 65 66 69 70 71 72 73 74 76 77 78 79 80 81 82 83 90 94
licuit 49
landau 12 16 21 79
lokhov 39
liloan 53
lily’s 17 42
lictor 49
levant 12 49 55 73 79 81
lov’th 26
lautum 49
litash 39
letzte 63
lecher 9 44 49 55
lechij 53
litany 26 27 31 39 55 77
lautet 63
lauten 63
loafer 21 28 55 70
loafed 27 51 70
liv’st 40
liketh 9 26 45
likest 20 49 80 88 98
likely 3 4 5 6 7 9 10 11 12 13 14 15 16 17 18 19 20 21 22 23 26 27 28 29 30 31 32 33 34 36 37 38 39 40 41 42 43 44 45 46 48 49 50 51 52 53 54 55 56 57 58 59 60 61 63 65 66 67 68 69 70 71 72 73 74 76 77 78 79 80 81 82 83 84 85 87 88 89 90 93 94 95 97
likens 26 55 80
loaded 4 6 10 12 13 14 20 22 23 27 28 30 31 32 33 34 37 38 39 40 41 47 48 49 52 53 54 55 57 60 61 63 65 68 69 70 71 72 73 74 76 77 78 79 81 83 84 90 94
loaden 65
laurie 94
laurel 5 9 10 11 12 18 21 23 41 49 53 55 65 77 79 85 91 98
laura. 77
libido 49
lamb’s 5 10 24 26 37 38 40 41 55 71
luzhin 37
libici 55
laltre 53
laltro 53
laltra 53
letted 9
letter 1 3 4 5 6 7 9 10 11 12 13 14 15 16 18 19 21 23 26 27 28 29 30 31 32 33 34 35 36 37 38 39 40 41 42 43 44 45 46 49 50 51 52 53 54 55 56 57 58 60 62 63 65 66 67 68 69 70 71 72 73 74 76 77 78 79 80 81 82 83 84 85 86 87 88 89 90 91 92 94 95 96 97 98 99 100
lettin 5
lettre 49
launds 9
launch 10 12 14 26 28 33 40 46 49 55 60 65 71 79 81 92 98
libels 32 71 73 77
libera 53
libero 53 65
lorqua 7
lorosa 53
lacuna 20 63
loiter 14 28 43 48 49 65 68 78 80 85 93
listen 1 3 4 5 6 7 8 10 11 12 13 14 16 17 18 19 21 22 23 26 27 28 29 30 31 32 33 34 35 36 37 38 39 40 41 42 43 44 46 48 49 50 51 52 54 55 56 57 58 59 60 62 64 66 67 68 69 70 71 72 73 74 75 76 77 78 79 80 81 84 85 86 89 90 92 93 94 95 100
listed 13 55 65 68 78 93
laugh. 71 77
lissen 12 30
lissom 56
lisson 50
laught 83
laughs 5 10 12 13 17 18 19 23 24 25 27 28 35 37 39 40 41 45 49 51 55 56 64 68 70 71 72 78 79 80 82 85 92 93 94
laueua 53
lacque 53
lacqua 53
ladson 51
l’azur 23
litres 12
lavery 55
losing 1 3 4 5 7 8 10 11 12 13 14 16 17 18 19 21 22 23 26 27 28 29 32 33 34 35 37 39 40 41 42 43 44 45 46 47 48 49 50 51 54 55 56 57 58 59 60 61 65 66 68 69 70 71 72 76 77 78 79 80 81 82 84 85 88 89 92 93 94 96
loaves 9 10 13 22 28 38 46 48 53 55 60 68 69 70 71 73 76 77 78 80
lich’s 39
luis’s 77
lamina 49
loathe 23 26 27 37 39 41 46 49 68 75 77 79
lady’s 1 5 6 9 10 11 12 13 14 16 17 19 21 27 31 37 38 39 41 42 43 44 48 49 50 51 52 55 56 66 68 69 71 72 73 76 77 79 84 85
lavato 28
lectos 65
lectur 68 83
l’aube 12
litmus 55 79
losers 42 71 73 77
losest 49
loarca 53
loseth 45 88 94
libyan 55
l’arme 7 65
lament 6 11 14 15 16 19 20 22 26 38 40 49 53 65 71 72 73 74 77 79 80 88 90 94
l’arte 49
lamely 26 42 56
ladled 13 68
lamp’s 14 55
leucus 65
leucas 22
lading 28 49 53 60 73 79 81 83
loaned 4 13 35 51 79
ladies 1 2 4 5 7 9 10 11 12 13 14 16 17 18 19 21 23 27 28 29 32 33 37 38 39 40 41 42 43 44 46 48 49 50 55 56 61 66 67 68 69 70 71 73 74 75 76 77 78 79 81 82 83 84 85 90 92 93 94 98
lithia 42 55
leuare 53
lauzet 12
leuata 53
leuaua 53
lambes 55
lambay 55
libris 34 45 49
litera 83
libras 12 53
libres 92
l’alto 49
likker 72 91
ladeys 91
laddie 94
ladder 3 5 6 7 10 12 13 14 18 21 26 27 28 32 34 38 39 40 41 45 46 47 48 49 50 53 55 56 57 60 61 63 65 67 68 70 71 72 73 76 77 78 79 80 81 92 94 100
liking 1 4 5 6 7 10 11 14 16 17 19 21 22 23 29 37 38 39 41 42 44 45 49 50 53 55 56 58 60 68 70 71 72 76 77 78 79 80 81 82 83 85 89 94
lapels 55 69
loved. 79
lxxvii 26
lapdog 10
lucius 9 45 49 79
lucien 18 79
lucida 49
lucide 45
lucidi 53
lucian 40 49
lucina 79
lucili 49
lucija 13
luchon 79
luchar 53
lutzen 12
lull’d 65
linnen 83
linnet 10 12 73 100
lagged 11 39 55 56 68 71 76
laghan 53
lvi.br 77
lucena 82
lucern 79 83
luceat 12
linked 1 2 3 4 5 6 7 8 9 10 11 12 13 14 15 16 17 18 19 20 21 22 23 24 25 26 27 28 29 30 31 32 33 34 35 36 37 38 39 40 41 42 43 44 45 46 47 48 49 50 51 52 53 54 55 56 57 58 59 60 61 63 64 65 66 67 68 69 70 71 72 73 74 75 76 77 78 79 80 81 82 83 84 85 86 87 88 89 90 91 92 93 94 95 96 97 98 99 100
linken 63
linkin 70
lybico 49
lybian 49
leon’s 77
laxuna 53
lining 4 12 13 21 23 30 37 39 40 44 53 61 70 71 75 77 78 79 84 86
lodges 11 12 19 20 37 39 40 49 55 68 71 73 78 79 97
lodger 6 12 14 21 34 37 41 44 48 55 71 76 78 79
lingre 12
lodged 4 6 7 9 10 12 13 14 16 18 22 27 28 31 37 39 40 41 43 44 48 49 51 52 55 57 59 60 61 65 68 69 71 72 73 77 78 79 81 82 83 84 85 97 99
lingua 7 28 49 53 73 79
luck’s 55 79
lagado 73
love’s 9 13 23 26 36 44 49 55 64 65 71 77
lingam 55
linger 10 12 13 14 18 19 20 22 23 29 30 37 38 42 47 49 52 56 57 65 67 68 69 71 72 77 78 79 80 85 88 92 93 94
lligen 63
linen. 12
lineht 63
linens 53
liners 48
lineal 32 42 70
linear 40 55
louvre 12 23 49 79 94
lindia 53
lindus 65
lxxiii 26 77
louvel 12
linden 12 20 79 84
lincon 27
lyster 55
linbad 55
lefanu 1
lion’s 5 6 12 17 24 26 27 32 33 49 55 60 61 65 76 77 79
lyttle 53
lytton 42 55
long’s 55
lycaon 65
layout 63
laputa 73 80 82
legal. 21
legall 45
legate 7 49 53 65 79
layman 20 41 55 77 80
lapsed 10 12 14 30 39 40 41 42 47 49 67 69 71 72 76 78 84 85 92
lapses 10 28 49 55 66 78
legacy 10 11 12 19 20 22 23 27 37 41 43 49 51 67 71 78 79 83
liffey 42 55
lapsus 28
lapped 9 12 28 31 33 46 49 55 66 67 73 80 81
lappel 68
lappet 73
luctum 49
laying 1 4 5 6 9 10 11 12 13 14 15 16 18 19 21 22 23 26 27 28 31 33 34 36 37 38 39 40 41 42 43 44 45 46 47 48 49 51 52 53 54 55 59 60 61 64 65 66 68 69 70 71 72 73 74 76 77 78 79 80 81 82 83 85 88 89 90 93 94 97
liface 53
lulled 5 10 12 28 40 49 68 69 71 74 76 79 81 88 90
layers 12 13 21 22 23 27 28 35 40 56 67 68 96
layeth 20 26 40 45 88
layest 26 49
lyca’s 24
lovich 39
loving 1 3 4 5 7 9 10 11 12 13 14 17 18 19 20 21 22 23 24 25 26 27 28 29 32 35 37 39 40 41 42 44 45 46 49 50 51 55 56 60 61 64 65 66 67 68 69 71 72 73 75 76 77 78 79 80 81 82 83 85 88 89 94 95
lucy’s 19 27 34 53
leonis 49
lagoon 17 77 81
lapice 77
leonor 77
lapide 49
linton 72
leonum 49
lintel 22 28 43 55
leonem 49
linsey 4 52 70
leomie 9
lxxxiv 65
life’s 4 6 9 10 12 18 23 24 26 27 28 30 33 36 39 40 41 42 44 49 55 64 65 69 71 76 77 85
lover. 71
lovely 1 3 4 5 9 10 11 12 13 14 16 17 19 20 21 22 23 24 25 26 27 29 35 36 38 39 40 41 42 43 44 46 48 49 51 55 56 57 58 59 61 65 66 67 68 69 70 71 72 74 76 77 78 79 81 83 84 85 88 90 94 98 99 100
lovers 1 7 9 10 11 12 13 14 15 16 18 19 21 23 26 28 34 35 39 40 41 42 43 44 45 49 51 52 55 56 57 64 65 68 71 72 73 74 76 77 78 79 80 81 82 83 88 89 90 92 94 100
lovest 12 26 49 77 85 88 98
loveth 9 26 27 45 77 88 99
limned 55 77
lute’s 84
length 1 2 3 5 6 7 8 9 10 11 12 13 14 16 18 19 20 21 22 23 26 27 28 29 31 32 33 34 35 37 38 39 40 41 42 43 44 45 46 47 48 49 50 52 53 55 56 57 59 60 61 63 65 66 67 68 69 70 71 72 73 74 76 77 78 79 80 81 82 83 84 85 86 88 89 90 91 92 93 94 95 96 97 98 99 100
lengua 53
livest 20 26 49 77 88
liveth 9 20 26 37 45 76 84 88
lives. 22 38 71
lubeat 28
livers 40 48 49 55 70 76 78
livery 3 6 10 11 12 13 14 23 28 32 39 49 52 55 57 68 71 73 77 79 91 93
lockup 39 55
lawyer 4 7 10 12 13 14 16 19 21 27 28 31 34 36 37 40 41 43 45 46 49 51 54 55 57 64 65 68 69 70 71 72 73 76 77 78 79 80 81 82 83 84 85 88 91 96
lived. 31
lively 1 4 5 6 7 10 11 12 13 14 16 18 19 22 24 26 27 30 31 32 33 36 37 39 40 41 42 43 44 45 46 48 49 54 55 56 57 59 60 65 66 68 69 70 71 72 74 76 77 78 79 80 82 83 88 89 90 92 94 98 99
locket 10 13 18 21 41 55 57 68 70 71 72
locker 6 40 41 55 56 60 71 79
locked 1 3 4 5 6 8 10 12 13 14 16 18 20 21 22 23 24 25 26 27 28 29 33 34 35 36 37 38 39 40 41 42 43 44 46 48 51 53 54 55 56 57 58 59 60 61 66 67 68 69 70 71 72 73 76 77 78 79 81 84 91 92 93 94
limits 6 7 8 10 11 12 14 15 16 19 20 21 27 28 31 32 33 34 37 39 40 41 42 43 44 45 47 49 51 53 55 56 63 65 67 68 71 72 73 77 78 79 80 83 84 85 88 89 92 93 95 97 98
lender 33 45 50 55 78
limina 49
limine 49
lubber 6 9 17 40 55
lustre 10 11 12 14 20 21 23 26 27 31 34 35 40 42 46 47 49 55 57 65 68 71 72 77 78 79 82 84 85 92
luster 10 56 94
lusted 55 88
loches 49
locher 12
lawson 50 55
luke’s 4 71
lidlyd 55
lon’on 71
lanyon 54
lyacus 49
lyable 45
limbes 45
limbs. 71
limbos 12
limbus 49
locale 84
locals 13
limbed 10 14 23 28 39 51 68
limber 40 48 70 71
locati 49
locate 22 30 69
lock’d 65
lansac 49
lidded 21 23 42
liegen 63
liefer 9 20
link’d 65
lieden 84
lieder 34
lutins 96
laxity 29 39 80
l’uomo 55
luther 12 28 32 39 49 85 89 92
liebig 12 28
lounge 12 18 27 28 39 40 55 56 76 78 94
lafter 43
lenten 12 39 41
lenses 21 42 55 62 86
line’s 10
lubric 55
livres 12 49 79 82
lysias 49 80
leeway 6 53
locust 28 52 69 84 99
lout’s 55
louise 12 39 49 53 56 79
louisa 10 11 39 55 71 74 90 94
lenore 46
lina’s 18
lenoir 12
laforc 18
lennon 42
lennox 5 94
limtoc 73
leetle 27 68 71
loughs 55
leeson 55
laxata 49
lollia 49
lolled 14 17 33 39 55 68 70
locris 65
lewers 55
leered 42 55 71
loudly 1 3 5 6 10 11 12 13 14 15 16 17 21 22 23 26 27 28 30 31 32 35 37 38 39 40 41 42 43 44 46 47 48 49 50 51 53 54 55 59 61 65 66 68 71 74 75 76 77 78 79 80 81 82 84 86 88 90 93 97
lewdly 44 55
louder 3 5 6 8 10 11 12 13 14 16 20 21 23 24 26 27 28 29 30 31 32 33 34 37 38 39 40 41 42 43 46 47 48 49 50 54 56 65 68 69 70 71 72 73 76 77 78 79 81 84 85 92 93 100
louden 32
limped 10 12 13 14 21 26 30 33 38 39 40 42 47 48 55 59 68 71 76 94
limpid 10 12 26 28 40 56 69 77 79
limpet 55
limper 44 94
lewder 44
limply 30 39 41 55 56 59
lenity 4 45 73 79 81
living 1 3 4 5 6 7 8 9 10 11 12 13 14 15 16 17 18 19 20 21 22 23 25 26 27 28 29 30 31 32 33 34 35 36 37 38 39 40 41 42 43 44 45 46 47 48 49 50 51 52 53 54 55 56 57 58 59 60 61 62 63 64 65 66 67 68 69 70 71 72 73 74 75 76 77 78 79 80 81 82 83 84 85 86 87 88 89 90 91 92 93 94 95 96 97 98 99 100
lafing 20 91
livius 7 49 79
livida 49
loud82 65
limone 53
limoni 53
lympha 49
lunita 55
looped 10 40 42 55 72 77 94
lungri 33
loftus 70
lipton 55
lunged 8 31 33 55
lunges 40 44 48
largly 45
loomis 5
larger 3 4 5 6 7 10 11 12 14 15 16 17 19 20 21 22 23 26 27 28 30 32 34 37 38 39 40 41 43 44 45 46 47 48 49 51 52 53 55 57 60 61 64 65 66 69 71 72 73 75 76 77 78 79 80 81 83 84 85 88 89 91 93 94 95 97
large. 12
loomed 6 12 13 21 28 29 31 34 40 41 43 47 48 51 56 57 71 79
looloo 55
largus 49
largue 53
larfed 27
looks. 71
lookin 5 27 34 46 55 70
lookye 78
looker 28 40 44 68 72 76 88 94 96
laredo 53 55 77
lookee 14 40 71 78
looked 1 2 3 4 5 6 7 8 9 10 11 12 13 14 15 16 17 18 19 20 21 22 23 25 26 27 28 29 30 31 32 33 34 35 36 37 38 39 40 41 42 43 44 45 46 47 48 49 50 51 52 54 55 56 57 58 59 60 61 64 65 66 67 68 69 70 71 72 73 74 75 76 77 78 79 80 81 82 83 84 85 87 88 89 90 92 93 94 95 96 97 98 99 100
larder 8 10 11 18 27 28 46 51 55 71 77 94
larded 12 49 82
lipped 21 23 34 39 40 43 44 55 56
lipoti 55
loos’d 49
lunacy 1 40 45 55 71 78 85 98
larbin 12
l’elmo 49
laracy 55
laigle 12
lark’s 12
loodle 78
lydian 80
laical 49
lazuro 53
lazure 53
lazuli 33 53
lignum 49 78
laicis 45
lignea 53
looard 70
lajdak 37 41
logico 63 82
logick 45
lash’d 65
lizard 3 4 10 12 33 40 46 49 77 78 79 88 92 100
logged 28 40 48
larynx 12 28 92
larvae 1 39 45
leicht 63
lartif 12
lope’s 77
larton 12
larrey 39
larrup 55
larose 12
lunnon 14 55
lunnun 78
lequel 49
liza’s 17
looted 30 39
larnin 27
larned 91
loosen 4 13 14 17 18 26 30 42 44 55 64 71 72 76 79 86 88 95 97
looses 12
looser 55 76
loosed 6 9 10 12 21 22 24 26 27 30 32 33 39 40 43 45 49 65 66 71 72 76 77 84 88
laiter 12
laisne 81
larmes 12
leguas 53
l’orme 12
lazaro 53
lazare 12 79
lowell 41 51 66
l’opre 49
legros 12 67
lowers 12 40 55 77
lowest 4 11 12 13 14 16 17 21 23 26 27 28 29 32 33 34 39 40 41 42 44 46 49 51 55 60 64 65 66 68 71 72 73 74 76 77 78 79 80 83 85 88 89 90 92 94 95 96 99
legree 27
lowcut 55
l’onde 49
leyden 12 40 73 82
lepini 79
lumbis 49
lumber 1 6 13 21 27 28 33 34 38 40 49 54 56 57 61 65 70 72 76 78 83 85 93 94
lumbus 70
longus 49
longui 53
longuo 53
longue 53
longho 53
longin 65
longis 49
longed 3 4 5 9 10 11 12 13 14 16 17 19 21 22 23 26 27 34 35 36 37 38 39 40 41 42 44 47 49 50 51 55 56 57 60 61 66 69 71 72 73 74 77 78 79 81 84 85 88 90 93 94 100
lifted 1 3 4 5 6 7 8 9 10 11 12 13 14 16 17 18 19 20 21 22 23 26 27 29 30 31 33 34 35 37 38 39 40 41 42 43 44 46 47 48 49 50 51 54 55 56 57 59 60 61 64 65 66 67 68 69 70 71 72 73 74 75 76 77 78 79 80 81 82 83 84 85 88 90 92 94 99
longer 1 2 3 4 5 6 7 8 9 10 11 12 13 14 15 16 17 18 19 20 21 22 23 26 27 28 29 30 31 32 33 34 35 36 37 38 39 40 41 42 43 44 45 46 47 48 49 50 51 52 53 54 55 56 57 58 59 60 61 63 64 65 66 67 68 69 70 71 72 73 74 75 76 77 78 79 80 81 82 83 84 85 86 87 88 89 90 91 92 93 94 95 96 97 100
legnea 53
lifter 88
longhi 53
liftin 27
legnia 53
legnio 53
lionel 9 40 50 55
liones 9
longly 55
longos 84
longae 49
lonely 1 3 4 5 6 10 12 13 14 16 17 18 20 21 22 23 24 26 27 28 29 30 31 33 34 35 38 39 40 41 42 43 44 46 47 48 50 51 52 55 56 57 61 65 66 67 68 69 70 71 72 74 76 77 78 79 82 84 85 90 92 93 94 100
london 2 3 4 5 6 9 10 11 12 14 15 16 17 19 20 21 23 24 26 28 29 30 31 34 39 40 42 43 44 45 46 47 48 50 53 54 55 56 60 62 63 66 68 70 71 72 73 74 75 76 77 78 79 81 82 83 84 85 89 90 93 94 95 96 97 100
lepers 45 49
londel 49
lycian 49 65
legion 10 12 27 28 30 37 39 45 49 51 52 55 65 67 72 77 78 79 84 91 92 93
legist 12
leghex 53
l’oeil 49
lepard 91
legged 3 5 6 10 12 14 21 27 28 30 31 32 33 34 38 39 40 41 49 51 56 60 61 66 68 69 70 71 72 76 77 78 79 80 85 94
legget 55
lyceum 12 28
legend 1 8 12 13 20 22 27 29 35 37 39 40 41 42 43 45 46 49 51 52 55 56 62 65 66 67 71 76 77 78 79 80 82 84 85 94
legere 12
legers 55
look’e 68
look’d 49 65
ligion 49
lights 1 5 6 8 9 10 12 13 14 16 17 18 21 22 23 25 26 27 28 29 30 31 33 34 36 37 38 39 40 41 42 43 44 45 46 47 48 49 50 51 53 54 55 56 57 58 60 64 65 67 68 69 70 71 72 74 75 76 77 78 79 80 81 83 84 85 86 88 89 90 92 94 100
lara’s 79
laqueo 55
light. 38 71 80
lowton 10
lipang 53
lipari 22
lowrey 46
ludwig 12 55 63
lumped 31 96
lowood 10
lazily 3 18 21 30 31 33 37 38 39 40 41 42 46 47 51 54 55 58 66 67 71 78 85 92 100
lazied 70
ligami 53
leptic 14
ligano 53
ligate 53
ligati 53
ligato 53
ligaty 53
ligare 53
ligade 53
ligadi 53
lowing 3 13 22 26 28 48 55 65 79
lumine 49
lumina 49
lahore 55
lyctus 65
