m. 21
ma 3 4 10 12 13 14 16 18 19 37 39 46 49 53 55 62 63 65 66 70 71 78 79 81 82 89 94
md 46
me 1 2 3 4 5 6 7 8 9 10 11 12 13 14 15 16 17 18 19 20 21 22 23 24 25 26 27 28 29 30 31 32 33 34 35 36 37 38 39 40 41 42 43 44 45 46 47 48 49 50 51 52 53 54 55 56 57 58 59 60 61 62 63 64 65 66 67 68 69 70 71 72 73 74 75 76 77 78 79 80 81 82 83 84 85 87 88 89 90 91 92 93 94 95 97 98 99 100
mf 33 63 69 70
mh 55 98
mi 12 14 39 41 49 53 55 77 83
mm 12 49 55 82
mn 55
mo 9 14 17 18 39 53 55 70 78
mp 63
mr 4 5 6 7 9 10 11 12 13 14 15 16 17 18 19 21 22 23 27 28 29 31 32 34 36 37 38 39 40 41 42 43 44 45 46 47 49 50 51 52 54 55 56 57 58 59 60 61 62 63 65 66 67 68 69 70 71 72 73 74 75 76 77 78 79 80 81 82 83 84 85 89 90 91 93 94 95 97 98 99
ms 1 9 20 22 26 32 46 49 53 66 83 84 94
mt 22 40
mu 49 53 63 77
my 1 2 3 4 5 6 7 8 9 10 11 12 13 14 15 16 17 18 19 20 21 22 23 24 25 26 27 28 29 30 31 32 33 34 35 36 37 38 39 40 41 42 43 44 45 46 47 48 49 50 51 52 53 54 55 56 57 58 59 60 61 62 63 64 65 66 67 68 69 70 71 72 73 74 75 76 77 78 79 80 81 82 83 84 85 87 88 89 90 91 92 93 94 95 97 98 99 100
