m’a 10 39 55
m’c 55
m’s 55
m.a 63 65 92
m.d 19 34 46 54 78 81
m.n 81
m.m 94
m.p 19 54 55 78 81
ma. 71
mac 12 42 55
mab 17 19 40 79
mae 53 65
mad 3 4 5 6 9 10 12 13 14 16 18 21 22 23 26 27 28 29 30 31 33 34 36 37 38 39 40 41 43 44 45 46 48 49 50 51 54 55 56 57 58 59 60 65 66 67 68 70 71 72 73 74 76 77 78 79 80 81 82 84 85 88 90 91 92 93 94 97 99
mag 18 63 78 98
mai 12 49 53
mah 55 66
mak 10 39 72 91
mam 39 50 70
mal 9 10 12 18 23 39 49 53 55 63 77
mao 33
man 1 2 3 4 5 6 7 8 9 10 11 12 13 14 15 16 17 18 19 20 21 22 23 24 25 26 27 28 29 30 31 32 33 34 35 36 37 38 39 40 41 42 43 44 45 46 47 48 49 50 51 52 53 54 55 56 57 58 59 60 61 62 63 64 65 66 67 68 69 70 71 72 73 74 75 76 77 78 79 80 81 82 83 84 85 86 87 88 89 90 91 92 93 94 95 96 97 98 99 100
map 6 8 10 12 13 17 21 22 27 28 31 34 38 39 40 41 43 46 48 51 53 54 55 63 65 69 71 73 74 77 79 80 84 90 94 95
mas 9 20 49 53 77
mar 12 23 27 33 39 45 53 56 61 68 69 76 77 79 83 94
mat 10 12 14 16 21 27 28 35 38 40 41 42 45 49 53 54 55 56 57 61 68 72 73 77 78 79 80 81 94 99
maw 12 40 46 51 54 55 74 85 90
may 1 2 3 4 5 6 7 8 9 10 11 12 13 14 15 16 17 18 19 20 21 22 23 24 25 26 27 28 29 30 31 32 33 34 35 36 37 38 39 40 41 42 43 44 45 46 47 48 49 50 51 52 53 54 55 56 57 58 59 60 61 63 64 65 66 67 68 69 70 71 72 73 74 75 76 77 78 79 80 81 82 83 84 85 86 87 88 89 90 91 92 93 94 95 96 97 98 99 100
max 49 63 65 82
maz 53
me. 12 13 16 22 24 31 37 38 39 40 41 44 49 66 71 72 74 77 79 80 100
mea 17 49 55
mee 45
med 39
meg 12 94
mei 45 49
meh 55
mek 30
mem 5 28 44 46 55 80 83
mel 53
meo 70
men 1 2 3 4 5 6 7 8 9 10 11 12 13 14 15 16 17 18 19 20 21 22 23 24 26 27 28 29 30 31 32 33 34 35 36 37 38 39 40 41 42 43 44 45 46 47 48 49 50 51 52 53 54 55 56 57 58 59 60 61 63 64 65 66 67 68 69 70 71 72 73 74 75 76 77 78 79 80 81 82 83 84 85 86 88 89 90 91 92 93 94 95 96 97 98 99 100
mes 10 12 23 39 55 79
mer 12 53 55
met 1 2 3 4 5 6 7 8 9 10 11 12 13 14 15 16 17 18 19 20 21 22 23 24 25 26 27 28 29 30 31 32 33 34 35 36 37 38 39 40 41 42 43 44 45 46 47 48 49 50 51 52 53 54 55 56 57 58 59 60 61 63 64 65 66 67 68 69 70 71 72 73 74 75 76 77 78 79 80 81 82 83 84 85 86 87 88 89 90 91 92 93 94 95 96 97 98 99 100
mew 72
mey 53
mge 20
mgr 55
mia 49 53
mic 37 46 48
mie 53 79
mid 6 12 14 16 17 18 19 20 22 26 28 30 33 38 40 43 49 52 54 55 57 64 65 66 68 69 71 73 76 77 78 79 80 81 84 85 88 99
mik 39
mim 12 49 72
mil 39 79
mio 39 53 55 79
min 65
mis 12 16 18 22 26 39 45 53 55 57 66 68 69 81 84 91 94
mir 39 63 98
mit 10 13 20 39 55 63 91 94
miw 39
mix 8 10 11 12 14 15 16 18 19 20 22 23 26 27 28 29 39 41 42 49 53 54 55 65 68 70 71 73 74 76 77 78 79 81 83 86 90 94
mme 12 43 79
mmm 39
mob 4 12 13 15 22 26 28 31 33 39 40 49 50 51 55 65 68 69 70 71 76 78 79 80 84 89 91 92
moi 10 12 18 37 41 49 55 79 92
moh 46
mom 87
mol 79
moo 41 55
mon 5 9 10 12 18 37 39 41 46 55 63 65 74 79 83 90 92 94
mop 13 14 28 38 39 40 55 71 85 94
mos 13 49 70
mor 55 78
mou 55
mot 12 13 29 39 41
mow 12 22 40 49 55 60 62 65 79
mov 39 83
mox 49
mph 69
mps 63
mrs 4 5 6 10 11 13 14 16 17 18 19 21 23 26 27 28 29 32 34 36 38 40 42 43 44 46 47 48 50 51 55 56 57 58 59 62 66 67 68 69 70 71 72 73 74 75 76 78 81 83 89 90 93 94 99
msa 63
msb 63
mss 40 49 53
mud 6 7 10 11 12 13 14 16 17 21 22 23 26 27 28 30 31 32 33 34 35 36 37 39 40 41 42 43 46 48 49 50 51 52 53 55 61 68 69 70 71 72 73 76 77 78 83 85 92 93 94 99 100
mug 5 6 10 14 17 30 37 39 40 41 42 50 55 68 71 72 78 94
muh 72
mum 14 16 20 27 40 69 70 78 94
mul 33 49
mun 5 10 51 72
mus 49 55 65 79 91 94
mur 12 49 55 68
mut 49
muy 55
myo 51
myr 20
myt 39
