m’en 12 65
m’am 39
m.’s 44
ma’l 49
ma’s 69
me’s 6 12
mace 40 47 49 53 55 65 78 79 84
macc 63
mach 39
mack 12 37 39 51 55
maam 50
maas 55
mael 33
mady 55
made 1 2 3 4 5 6 7 8 9 10 11 12 13 14 15 16 17 18 19 20 21 22 23 24 25 26 27 28 29 30 31 32 33 34 35 36 37 38 39 40 41 42 43 44 45 46 47 48 49 50 51 52 53 54 55 56 57 58 59 60 61 62 63 64 65 66 67 68 69 70 71 72 73 74 75 76 77 78 79 80 81 82 83 84 85 86 87 88 89 90 91 92 93 94 95 96 97 98 99 100
mado 66
mact 53
macy 40
mage 53
magi 12 45 84
magn 39 49
mail 1 2 3 4 5 6 7 8 9 10 11 12 13 14 15 16 17 18 19 20 21 22 23 24 25 26 27 28 29 30 31 32 33 34 35 36 37 38 39 40 41 42 43 45 46 47 48 49 51 52 53 54 55 56 57 58 59 60 61 62 63 64 65 66 67 68 69 70 71 72 73 74 75 76 77 78 79 80 81 82 83 84 85 86 87 88 89 90 91 92 93 94 95 96 97 98 99 100
main 1 2 3 4 5 6 7 8 9 10 11 12 13 14 15 16 17 18 19 20 21 22 23 24 25 26 27 28 29 30 31 32 33 34 35 36 37 38 39 40 41 42 43 44 45 46 47 48 49 50 51 52 53 54 55 56 57 58 59 60 61 62 63 64 65 66 67 68 69 70 71 72 73 74 75 76 77 78 79 80 81 82 83 84 85 86 87 88 89 90 91 92 93 94 95 96 97 98 99 100
maim 23 39 40 70 81 89 97
mais 10 12 18 39 41 49 53 55 84
maid 1 4 5 6 9 10 11 12 14 15 16 18 19 21 22 23 24 27 29 33 34 35 36 37 38 39 40 41 43 44 45 46 49 50 51 54 55 56 59 65 66 67 68 69 70 71 72 73 75 77 78 79 82 83 85 88 92 94 98 99 100
maia 22
maks 39 72 91
make 1 2 3 4 5 6 7 8 9 10 11 12 13 14 15 16 17 18 19 20 21 22 23 24 25 26 27 28 29 30 31 32 33 34 35 36 37 38 39 40 41 42 43 44 45 46 47 48 49 50 51 52 53 54 55 56 57 58 59 60 61 62 63 64 65 66 67 68 69 70 71 72 73 74 75 76 77 78 79 80 81 82 83 84 85 86 87 88 89 90 91 92 93 94 95 96 97 98 99 100
majo 12
maiz 53
maja 35
mami 77
mama 10 11 16 19 66 71 78 94
mame 12
mali 49 53
malh 53
malo 49 53
mall 7 19 21 23 42 46 47 48 55 81
man. 12 21 22 31 37 38 41 61 71 79 80
malv 39
malt 12 13 14 16 41 42 55 60 72 78
mala 39 49 77 79 92
male 2 8 9 10 11 12 14 15 16 17 21 22 26 27 28 32 35 37 39 40 42 44 45 47 49 50 53 55 60 62 68 71 72 73 75 76 77 78 80 81 84 88 94 97
maow 69
manj 53
mano 13 53 55
mann 27 39 49 68
manu 49 55 65
mans 12 45 49 53 55 60 98
many 1 2 3 4 5 6 7 8 9 10 11 12 13 14 15 16 17 18 19 20 21 22 23 24 25 26 27 28 29 30 31 32 33 34 35 36 37 38 39 40 41 42 43 44 45 46 47 48 49 50 51 52 53 54 55 56 57 58 59 60 61 62 63 64 65 66 67 68 69 70 71 72 73 74 75 76 77 78 79 80 81 82 83 84 85 86 87 88 89 90 91 92 93 94 95 96 97 98 99 100
manx 40 55
mamy 55
mana 49 53
mane 9 10 12 14 22 24 26 30 33 39 40 49 52 53 55 61 65 72 77 78 79 94
mand 12
mani 49 53 79
mang 10 33
maps 3 14 16 17 31 34 38 39 46 48 49 53 55 60 71 73 78 93 94
mast 6 10 12 14 17 20 22 28 29 31 33 40 45 48 49 52 53 55 60 64 65 71 73 77 79 81 82 84 85 100
mass 1 4 5 6 9 10 12 13 18 19 20 21 22 24 26 27 28 29 30 31 32 33 34 37 38 39 40 41 42 44 46 47 48 49 51 53 55 56 57 61 63 65 66 67 68 69 70 71 72 73 74 76 77 78 79 80 82 83 84 85 88 89 90 92 94 95 96 98
masc 20
mash 13 22 39 41 65 73 77
mask 1 10 12 13 14 15 21 23 26 29 31 35 36 37 39 40 41 42 43 45 46 49 54 55 61 62 68 69 70 71 75 76 77 78 79 80 84 85 92 94 95
maro 33 98
mart 12 27 49 51 53 65 81
mars 12 22 23 31 37 39 44 48 49 55 65 69 70 73 77 79 80 83 88 91 98
marr 56
mary 3 4 5 7 10 11 12 13 14 19 20 21 24 25 27 28 32 37 39 40 41 42 44 45 46 49 51 53 55 56 69 70 71 72 73 74 75 77 81 82 83 85 88 89 90 94 99
marx 55 84 96
mara 35 53 77
mare 9 12 14 16 19 23 37 39 43 46 49 52 53 55 56 65 70 72 73 76 77 84 90 98
marc 44 49 77
mari 12 49 55 77
marg 83
marm 4 21 94
marl 12 40 79 98
mark 1 3 4 6 7 9 10 11 12 13 14 16 17 18 19 20 21 22 23 24 25 26 27 28 29 31 33 34 35 37 38 39 40 41 43 44 45 46 47 48 49 51 52 54 55 56 60 61 62 63 64 65 66 68 69 70 71 72 73 74 76 77 78 79 80 81 82 83 84 85 88 89 90 91 92 93 94 95 98 100
maur 12
maux 23
maud 55 56 94
maul 40 55 79
maun 55
mats 4 12 14 23 28 31 32 39 53 73 78 81 94
matr 39
matv 39
matt 10 12 45 57 81
maty 40
mata 53
mate 1 5 6 10 13 17 22 26 27 28 38 39 40 44 46 53 55 60 61 63 65 67 68 70 72 74 77 79 80 81 83 90 94 98
math 45 53 63
maws 26 32
may. 71
mavr 39
maze 13 18 24 40 41 42 43 48 51 55 57 65 68 69 71 77 78 79 85 99
mayo 30
mayn 46 70 83 94
mays 48
maya 35
mazy 40 65 84
mazo 53
mbox 63
mead 20 22 24 39 41 55 65 82
meae 49
meal 3 5 6 8 9 10 12 13 14 16 17 18 19 20 21 22 23 25 27 28 29 30 31 32 33 34 35 37 38 39 40 41 42 43 44 46 47 48 49 51 53 54 55 56 57 58 59 60 61 62 65 66 68 69 70 71 72 73 74 76 77 78 79 80 81 83 90 91 94 95 96 98 99
mean 1 2 3 4 5 6 7 9 10 11 12 13 14 15 16 17 18 19 20 21 22 23 24 25 26 27 28 29 31 32 33 34 35 36 37 38 39 40 41 42 43 44 45 46 47 48 49 50 51 52 53 54 55 56 57 58 59 60 61 62 63 65 66 67 68 69 70 71 72 73 74 75 76 77 78 79 80 81 82 83 84 85 86 87 88 89 90 91 92 93 94 95 96 97 98 99 100
meam 55
meat 2 3 4 5 6 9 10 11 12 13 14 15 16 18 19 22 23 25 26 27 28 30 31 32 33 34 35 37 38 39 40 41 42 43 44 45 46 47 48 49 51 53 55 57 59 60 61 62 65 66 68 69 70 71 72 73 76 77 78 79 80 81 84 85 88 93 94 97 98 99
meas 84
meau 53
meed 10 69 74 77 80 85 90
meek 4 9 10 13 14 24 32 34 37 38 39 41 42 43 47 51 55 56 58 61 68 70 71 72 77 78 84 88 94
medv 39
mede 53
medi 13 23 42 46 53 55 66
meck 12
meet 1 2 3 4 5 6 7 8 9 10 11 12 13 14 15 16 17 18 19 20 21 22 23 24 25 26 27 28 29 30 31 32 33 34 35 36 37 38 39 40 41 42 43 44 45 46 47 48 49 50 51 52 53 54 55 56 57 58 59 60 61 62 63 64 65 66 67 68 69 70 71 72 73 74 75 76 77 78 79 80 81 82 83 84 85 86 87 88 89 90 91 92 93 94 95 96 97 98 99 100
mees 94
meer 45
mein 39 46 63 94
mehr 37 63
megs 94
meis 49
meme 12 94
melt 8 10 12 14 18 20 26 27 28 36 39 40 41 45 46 48 49 54 55 57 60 61 64 65 67 68 69 70 71 72 74 77 78 79 80 81 85 88 90 94 95 99 100
melk 39
mell 12 13 30 37 40 46 49 68 71 94
men. 22 31 38 40 77 80
mela 84
meno 53
menu 18 23 55 66
ment 12 39 55 91
mens 45 49 55
mena 77
mene 20 40 49 53 79
mend 6 11 12 14 16 19 22 27 30 31 35 36 37 39 40 41 45 46 49 55 56 57 60 61 66 68 69 71 72 73 77 78 80 81 94 100
meow 69
mess 6 9 10 11 12 13 18 21 22 27 28 30 31 34 37 39 40 41 42 44 49 51 55 56 58 61 67 70 72 77 78 80 81 86 94 99
mesa 53
mesi 53
mesh 12 63 85 86
mero 49
mern 63
mere 1 4 5 6 7 10 11 12 13 14 15 16 18 19 20 21 22 23 25 26 27 28 29 30 31 32 33 34 35 36 37 39 40 41 42 43 44 45 46 47 48 49 50 51 52 54 55 56 57 60 63 65 68 69 70 71 72 73 74 76 77 78 79 80 81 83 84 85 88 89 90 92 93 94 95 96 97 98
merc 79 83
meri 49
meum 27 45 49 55
meus 49 65
mets 12 18
metu 49
metz 12
meta 53 79
mete 41 53
mews 21 34 46 55 78
meza 53
meyo 53
mezi 53
mezo 53
mica 31 34 49
mice 3 4 5 12 14 21 28 37 38 42 46 49 55 56 57 58 61 65 68 71 72 73 78 82 93 94
miau 38 77
midi 12 94
mids 70
midw 55
mich 10 55 63
mick 71
mien 10 11 12 20 22 26 39 49 54 55 57 65 69 74 77 81 85 90 92
miha 41
mihi 34 49 84 98
migr 12 39
mike 9 13 14 27 55
mikh 39
mimi 12 39
mils 91
mila 12
mile 1 3 4 5 6 7 8 9 10 11 12 13 14 16 17 18 19 20 21 22 23 27 28 29 30 31 33 34 37 38 39 40 41 43 44 46 47 48 49 51 52 55 56 57 60 62 66 67 68 69 70 71 72 73 74 76 77 78 79 81 82 84 90 98 99
mild 4 6 7 9 10 11 12 13 14 16 18 19 20 24 27 28 29 31 35 37 39 40 41 42 43 44 46 47 49 55 56 57 59 65 66 68 70 71 72 73 74 77 78 79 81 83 85 90 92 93 94
milk 1 2 3 4 5 9 10 12 13 14 15 17 18 21 22 26 27 28 29 33 34 35 38 39 40 41 42 44 45 46 48 49 50 51 52 53 55 56 57 58 59 60 61 62 64 65 66 67 68 70 71 72 73 74 76 77 78 79 80 81 82 83 88 90 92 94 100
milo 41 72 79 82
mill 4 6 9 12 13 14 16 18 22 23 27 28 30 32 38 39 40 42 45 46 55 57 60 68 69 70 71 73 76 77 78 79 80 82 83 84 85 89 92 97 100
mint 23 27 28 32 40 41 56 67 71 78 79 85
miny 69
minx 4 27 44 49 55 68 72 98
mine 1 3 4 5 6 7 8 9 10 11 12 13 14 16 17 18 19 20 21 22 23 24 25 26 27 28 29 30 31 32 33 34 35 36 37 38 39 40 41 42 43 44 45 46 47 48 49 50 51 53 54 55 56 57 58 60 61 65 66 67 68 69 70 71 72 73 74 75 76 77 78 79 80 81 82 83 84 85 86 88 89 90 92 93 94 97 98 99 100
mind 1 3 4 5 6 7 8 9 10 11 12 13 14 15 16 17 18 19 20 21 22 23 24 25 26 27 28 29 30 31 32 33 34 35 36 37 38 39 40 41 42 43 44 45 46 47 48 49 50 51 52 53 54 55 56 57 58 59 60 61 62 63 64 65 66 67 68 69 70 71 72 73 74 75 76 77 78 79 80 81 82 83 84 85 86 87 88 89 90 91 92 93 94 95 97 98 99 100
mink 28 58
mims 51
mina 27 46 55
miso 49
mist 1 5 6 8 10 12 13 14 18 20 22 23 26 27 28 31 33 35 37 38 39 40 41 42 43 45 46 47 48 49 51 52 53 54 55 56 57 64 65 66 67 68 70 71 72 74 76 78 79 80 84 85 88 90 93 94 98 100
miss 1 3 4 5 6 9 10 11 12 13 14 16 17 18 19 21 22 23 27 29 34 36 37 38 39 40 41 42 43 44 46 48 49 50 51 55 56 57 58 59 60 61 62 65 66 67 68 69 70 71 72 74 75 76 77 78 79 80 81 82 83 88 89 90 91 93 94 97
miry 6 10 43 77 78
mise 26 55 92
miro 49
mira 49 53 65
mire 9 10 12 13 14 24 26 37 42 43 49 55 68 70 72 76 77 78 80 83 86 88 92
mium 62
mity 55
mits 42
mite 4 12 13 14 18 30 38 40 42 46 47 55 56 57 70 71 78 83 94
mixt 45 49
mizu 66
mkin 39
mlin 39
mlle 39 43 79
mlud 78
mmel 39
mmer 39
mobs 12 33 39 80
moby 40
moat 1 8 12 14 55 70 77 79 81 94
moab 45 82
moan 6 8 9 10 13 17 18 19 20 22 23 24 29 33 37 39 43 46 51 52 55 65 67 68 69 70 71 72 77 78 85 88 94
mode 10 11 12 15 16 19 23 26 27 28 30 32 39 40 41 44 49 52 55 63 65 66 68 69 71 72 73 74 76 77 78 79 80 81 83 84 85 88 89 90 92 94 95 96
modi 53
modo 7 49 53 97 98
moch 30
mock 3 4 9 12 16 22 23 26 28 35 37 39 40 41 42 44 45 46 48 49 50 51 52 55 57 64 65 68 71 72 73 74 76 77 80 81 85 88 90 91 94
mogg 55
moil 85 94
mois 12
moll 55 73 83
molt 33
moly 22 49
mole 1 5 9 10 12 17 18 21 26 28 37 39 40 41 48 49 53 55 64 66 73 74 77 79 90 94 98
mold 13 35 39 41 86 94
moli 12 39 77 79
mood 1 4 5 10 12 13 14 17 18 19 20 21 23 26 27 28 30 34 36 37 38 39 40 41 42 43 46 48 51 52 55 57 59 62 65 66 68 69 72 74 75 76 77 78 79 80 81 84 85 90 92 93 94
mono 66
mons 7 12 44 49 65 74 81 90 98
mont 12 13 18 37 44 49 69 74 79 90 94
mony 10 45
mona 55
mong 4 20 26 40 55
mond 12
monk 12 26 35 37 39 41 44 49 53 55 66 77 82 88
mops 30 67
mope 10 42 55
moon 1 3 4 5 6 9 10 12 13 14 17 18 20 21 22 23 24 25 26 27 28 29 30 31 33 34 35 37 38 39 40 41 42 43 44 45 46 47 48 49 51 52 53 54 55 56 57 58 60 61 62 65 66 67 68 69 70 71 72 73 74 75 76 77 78 79 80 81 83 84 85 88 90 94 95 98 100
moot 40 55 78
moor 5 10 12 20 40 41 43 49 51 55 60 65 71 72 77 78 79 81 82 93 100
mosa 81
mose 27
mors 49 77 84 98
mort 39 41 44 55 70 71 79 92 94
mory 53
mora 49 53
more 1 2 3 4 5 6 7 8 9 10 11 12 13 14 15 16 17 18 19 20 21 22 23 24 25 26 27 28 29 30 31 32 33 34 35 36 37 38 39 40 41 42 43 44 45 46 47 48 49 50 51 52 53 54 55 56 57 58 59 60 61 62 63 64 65 66 67 68 69 70 71 72 73 74 75 76 77 78 79 80 81 82 83 84 85 86 87 88 89 90 91 92 93 94 95 96 97 98 99 100
morj 53
mori 39 49 53
moro 7 53
morn 9 12 20 22 24 26 40 41 53 55 65 66 71 72 76 77 79 81 83 85 92
mouf 51 70 94
moue 23 53
motu 49 79
mott 65
mots 7 39 55 82
mote 28 40 45 55 76 77
moth 10 12 14 26 28 40 43 46 55 66 71 77 85 100
moto 49
most 1 2 3 4 5 6 7 8 9 10 11 12 13 14 15 16 17 18 19 20 21 22 23 24 25 26 27 28 29 30 31 32 33 34 35 36 37 38 39 40 41 42 43 44 45 46 47 48 49 50 51 52 53 54 55 56 57 58 59 60 61 62 63 64 65 66 67 68 69 70 71 72 73 74 75 76 77 78 79 80 81 82 83 84 85 86 87 88 89 90 91 92 93 94 95 96 97 98 99 100
moss 5 6 8 10 12 17 18 19 21 23 26 27 28 30 33 38 39 40 41 43 44 47 49 51 55 56 57 61 68 70 71 72 76 78 79 82 84 85 93 94 97
mown 9 12 39 40 41
mows 55 65
move 1 2 3 4 5 6 7 8 9 10 11 12 13 14 16 17 18 19 21 22 23 25 26 27 28 29 30 31 32 33 34 35 37 38 39 40 41 42 43 44 45 46 47 48 49 50 51 52 53 54 55 56 57 58 59 60 61 64 65 66 67 68 69 70 71 72 73 74 75 76 77 78 79 80 81 82 83 84 85 86 87 88 90 91 93 94 95 97 98 100
mout 40
mous 71
mova 39
moya 42 55
mozh 39
mozo 53
mque 49
mudo 53
muck 28 30 55 69 71
much 1 2 3 4 5 6 7 8 9 10 11 12 13 14 15 16 17 18 19 20 21 22 23 24 25 26 27 28 29 30 31 32 33 34 35 36 37 38 39 40 41 42 43 44 45 46 47 48 49 50 51 52 53 54 55 56 57 58 59 60 61 62 63 64 65 66 67 68 69 70 71 72 73 74 75 76 77 78 79 80 81 82 83 84 85 86 87 88 89 90 91 92 93 94 95 96 97 98 99 100
muff 10 12 19 21 28 29 36 44 55 59 69
mugs 12 40 42 55 72 76 78 81
muma 13
mule 9 10 12 13 16 22 33 34 40 41 46 49 51 53 55 56 65 72 73 74 77 88 90
mull 55
mula 49 53
musa 49 65
muse 13 22 26 28 41 55 56 65 66 70 72 77 78 79 80 83 84 98
musc 12
mush 4 30 32 55 66 70
murk 55
muro 53
mure 65
muta 49
mute 1 10 12 13 14 16 18 24 26 27 29 31 35 37 39 40 41 43 45 46 47 49 55 56 57 65 68 71 72 74 77 78 79 80 84 88 90 94
musn 70
musk 10 23 33 40 49 53 55 56 79 81
must 1 2 3 4 5 6 7 8 9 10 11 12 13 14 15 16 17 18 19 20 21 22 23 24 25 26 27 28 29 30 31 32 33 34 35 36 37 38 39 40 41 42 43 44 45 46 47 48 49 50 51 52 53 54 55 56 57 58 59 60 61 63 64 65 66 67 68 69 70 71 72 73 74 75 76 77 78 79 80 81 82 83 84 85 86 87 88 89 90 91 92 93 94 95 96 97 98 99 100
muss 37 39 63
myde 65
myer 67
myll 98
myra 55
myth 21 35 41 53 55 75 79 80
