mogle 53
moins 53
moira 17 55 65
moire 12 94
moist 5 12 13 14 21 23 26 28 33 38 39 41 42 44 45 47 49 50 51 55 56 68 72 76 77 78 79 84 85 88 93 94
moher 55
mohrs 19
mogul 40 78 82
momus 28
moman 49
momma 94
molly 14 27 42 55
molli 49 65 79
molle 49 53
moloc 53
molta 53
molti 53
molte 49 53
molus 65
molto 53
moles 17 26 28 40 41 49 65 77 81 92
moldy 13 99
molds 13 94
moory 26
moose 13 28 30 40
moore 27 28 42 55 63 70 95
moors 7 10 12 20 40 46 49 53 55 60 72 77 98
mooch 13
moody 10 14 18 21 22 37 40 42 51 52 55 56 69 71 72 76 77 78 84 94
moods 1 4 10 13 14 18 21 23 27 28 29 30 34 35 39 40 42 46 48 55 56 66 69 72 73 77 80 84 85 94
moomb 55
mools 72
moon. 31 38
moons 17 22 23 26 33 40 42 49 53 55 56 65 72 73 77 78 79 81 91 93 94
moony 24 65
monte 23 44 49 53 55 67 79
monta 53
month 2 3 4 5 6 7 8 9 10 11 12 13 14 16 18 19 21 22 23 26 27 28 29 31 32 33 34 35 36 37 38 39 40 41 42 44 46 47 48 49 51 53 54 55 56 57 59 60 62 64 65 66 67 68 69 70 71 72 73 74 76 77 78 79 80 81 82 83 84 85 88 89 90 93 94 95 98 99
monti 53
monts 91
monad 88 92 95
moneo 49
mondo 53 55
monds 70
monde 10 12 49 55 76 78
mongs 70
money 1 2 3 4 5 6 7 8 9 10 11 12 13 14 15 16 17 18 19 20 21 22 23 24 25 26 27 28 29 30 31 32 33 34 35 36 37 38 39 40 41 42 43 44 45 46 47 48 49 50 51 52 53 54 55 56 57 58 59 60 61 62 63 64 65 66 67 68 69 70 71 72 73 74 75 76 77 78 79 80 81 82 83 84 85 86 87 88 89 90 91 92 93 94 95 96 97 98 99 100
monio 49
monia 50
monk. 49
monks 9 12 14 35 39 40 41 42 44 45 49 55 68 76 77 82 84 94 96
moram 49
moran 21 55
moral 3 4 7 10 11 12 13 14 15 16 17 18 21 23 26 27 28 29 30 31 32 34 36 37 39 40 41 42 44 45 46 47 48 49 50 51 52 54 55 56 57 61 65 67 68 69 70 71 72 73 74 75 76 77 78 79 80 81 82 83 84 85 88 89 90 92 93 94 96 100
more. 37 38 71
morbi 49
morbo 49
morel 39
moreh 45
mores 49
moret 12
morem 49
morea 49
morga 53
morey 12
moque 49
mopes 49 71 94
moped 69 71 72 78
motes 9 28 32 46 55 71 77
motif 55
moths 8 10 14 43 46 56 61 67 72 86
mothe 12
moskv 39
mosqu 39
mossy 10 17 27 28 40 44 55 56 65 69 72 79 85 93 94
mosta 49
mosse 55
most. 44 71
mosto 53
morza 53
morys 65
moses 7 12 14 39 40 45 49 51 55 70 80 81 82 83 85 88 91 99
mosen 77
mosey 55 70
morio 39
moris 9
moria 49
moros 39 53
moror 49
moron 53 77
morny 55
morra 79
morta 53
morse 23 27 53 83
morum 49 92
morti 49 53
morte 9 49 53
morto 7 53
moved 1 3 4 5 6 7 8 9 10 11 12 13 14 16 17 18 19 20 21 22 23 26 27 28 29 30 31 32 33 34 35 37 38 39 40 41 42 43 44 45 46 47 48 49 51 52 53 54 55 56 57 58 59 60 61 64 65 66 67 68 69 70 71 72 73 74 76 77 78 79 80 81 82 84 85 88 89 90 91 92 93 94 95 99 100
mover 45 49 71 78 79 83
moves 8 12 13 14 16 17 18 21 24 26 27 35 36 39 40 41 43 44 46 47 49 50 51 55 64 65 68 71 72 76 77 78 79 80 82 84 92 94 96 97
movet 49
movie 62 67
movin 48 70
movna 39
mount 1 4 5 6 7 8 9 10 11 12 13 14 16 18 22 26 27 32 37 38 39 40 41 42 44 45 46 47 49 53 54 55 57 60 65 66 69 71 72 73 76 77 78 79 80 81 82 88 94 97 98
mound 5 6 10 12 14 19 20 22 39 44 48 49 53 55 65 71 72 78 84 85
moune 91
mousy 50
mouse 3 5 6 10 12 14 17 23 26 28 31 37 38 39 40 44 49 55 56 57 61 65 66 68 70 71 72 73 76 77 78 79 83 84 91 94 98
mourn 4 9 10 12 13 20 22 23 26 27 31 32 36 42 43 46 49 51 60 61 65 69 71 72 74 76 77 78 79 81 84 85 88 89 90 94 99
moutu 12
mouts 40
mouth 3 4 5 6 7 8 9 10 11 12 13 14 15 16 17 18 19 20 21 22 23 26 27 28 29 30 31 33 34 35 36 37 38 39 40 41 42 43 44 45 46 47 48 49 50 51 52 53 54 55 56 57 58 59 60 61 62 64 65 66 67 68 69 70 71 72 73 76 77 78 79 80 81 82 83 84 85 86 88 91 92 93 94 97 98 99
moued 53
mouer 53
moult 28
mould 5 7 8 10 12 14 21 24 26 27 28 30 31 40 43 44 46 48 49 51 53 64 65 68 69 71 72 73 74 76 77 78 79 80 83 84 85 88 89 90 92 96 97
motly 45
motor 12 13 42 46 48 49 50 55 67 86
motus 49
motum 49 98
motto 4 10 12 16 28 32 33 39 40 42 46 49 53 55 56 63 65 70 71 77 83 84 85 94
motya 22
mowed 12
mower 12 28 40 55 67 100
mowld 71
moyka 39
moyle 42
moyls 49
myasn 39
mydde 53
mycen 49
myers 55
mydon 65
ma’ch 39
myler 55
myles 55
ma’am 3 4 5 10 11 12 13 14 16 18 19 27 36 39 40 42 44 50 55 56 68 71 72
mysef 70
mysel 5 10
mysia 65
myrrh 40 53 80
myrto 55
myths 12 53 55 61 80
m’coy 42 55
m’ria 14
miaow 55
micro 48 55
micat 49
micah 45 99
micer 77
micky 55
mieux 12 44 84 92
miene 63
miens 12
midst 1 4 5 6 7 8 9 10 12 13 14 15 16 17 18 19 20 21 22 24 26 27 28 29 30 31 32 35 37 38 39 40 41 42 44 45 46 47 48 49 51 52 53 54 55 56 60 61 64 65 66 68 69 71 72 73 74 76 77 78 79 80 81 82 84 85 89 90 92 93 94 95 96 98 99
midas 49 67 80
midge 10
might 1 2 3 4 5 6 7 8 9 10 11 12 13 14 15 16 17 18 19 20 21 22 23 24 25 26 27 28 29 30 31 32 33 34 35 36 37 38 39 40 41 42 43 44 45 46 47 48 49 50 51 52 53 54 55 56 57 58 59 60 61 63 64 65 66 67 68 69 70 71 72 73 74 75 76 77 78 79 80 81 82 83 84 85 86 87 88 89 90 92 93 94 95 96 97 98 99 100
milan 7 9 12 23 39 41 42 44 49 51 53 55 74 77 79 88 90 98
milch 12 13 55 100
miles 1 3 4 5 6 7 9 10 11 12 13 14 15 16 17 19 21 22 25 26 27 28 29 30 31 32 33 34 37 38 39 40 41 42 43 44 46 47 48 49 50 51 52 53 55 56 57 58 60 61 65 66 67 68 69 70 71 72 73 74 76 77 78 79 80 81 82 83 84 85 86 89 90 91 94 95 99
milks 55
milky 10 17 23 28 33 37 39 40 41 44 47 48 53 55 57 65 66 67 80 88
milke 45 98
mills 12 13 23 27 28 34 40 42 48 51 57 68 71 77 78
milly 55
mille 10 39 49 53 55 79
mince 10 11 14 40 49 55 57 78 93 94
mine. 38 44 71
mind. 31 38 71
minas 49
minax 49
mined 12 39 56 63 77
miner 13 40 66 79 85
minds 6 7 8 10 11 12 13 14 15 16 17 19 21 22 23 26 27 28 31 32 33 34 36 37 38 39 40 41 42 43 44 45 46 47 48 49 51 52 54 55 58 61 63 65 68 69 70 71 72 73 74 76 77 78 79 80 81 82 83 84 85 88 89 90 91 92 94 95 97 99
minde 98
mingo 55 77
mines 12 13 21 22 26 30 34 39 41 48 49 55 65 71 74 77 78 79 84 90
minim 55 91
minit 27
minis 49
minks 28
minor 7 10 14 15 16 17 18 19 21 22 26 30 34 37 40 49 51 53 55 56 59 63 65 71 72 75 77 78 79 80 86 87 89 94 95 97
minos 22 49 65 77
minny 72
minna 94
minae 49
mimas 22
mimes 31
mix’d 49 65
mimic 16 23 41 42 49 50 52 55 65 68 74 79 84 85 88 90
milor 39
milon 91
milum 69
milti 12
minus 12 40 41 47 49 55 63 82 89 96
mints 14 40 53 83
minxi 55
mirus 55
mirum 49 98
mirth 4 6 9 11 12 16 18 19 20 26 27 28 37 39 40 41 42 44 46 49 52 54 55 56 60 68 69 71 72 73 77 79 81 85 88 93 94 98
mired 33 55
mires 9
mitre 12 14 55 65 77 82
mitri 41
mitya 41
mitch 72
mites 78
mitka 37
miss. 56
missy 17 37 39 55 72
missa 55
misse 27 45
misto 70
mists 8 10 12 13 14 20 28 33 34 39 40 41 46 49 51 53 54 55 56 65 71 74 76 77 78 80 82 84 88 90 94
misty 1 10 12 14 18 27 28 31 32 33 34 39 40 41 46 47 48 51 55 56 65 68 71 72 74 76 78 79 84 85 90 96
mista 49
miste 78
misce 49
misch 69
misdo 9
miser 12 34 38 40 49 55 60 68 71 72 73 77 79 80 83 84 94
misha 39 41 55
mixes 10 40 46 49 65 77 78 92
mixup 46 55
mixed 3 4 6 7 10 11 12 13 14 16 21 22 23 26 27 28 33 34 37 38 39 40 41 42 46 49 51 53 54 55 56 58 59 60 61 65 67 68 69 70 71 72 76 77 78 79 80 81 83 84 85 86 92 93 97 98
mabel 3 5 55 94
maayo 53
mizen 40 73 81
madge 66
madia 53
madly 10 12 17 20 21 23 30 39 40 41 43 44 46 48 55 65 68 71 74 76 78 79 84 88 90 94
madok 9
mador 9
madri 53
madre 53 55
madam 1 4 5 9 10 11 12 16 17 19 21 22 28 37 38 39 41 42 43 44 46 49 55 62 66 69 70 71 72 75 76 78 79 81 82 85 94 98
made. 38 71 79
madet 49
maces 78 79
man’s 1 4 5 6 8 9 10 11 12 13 14 16 17 18 19 21 22 23 26 27 28 30 31 32 33 34 35 36 37 38 39 40 41 42 43 44 45 47 48 49 50 51 54 55 56 60 61 64 65 66 67 68 69 71 72 73 74 76 77 79 80 84 85
macey 40
macia 53
macin 55
mache 31
macht 20 51 55 63
macon 49 51
macro 55 63
macan 53
mafra 53
maera 22 65
mahak 55
mahar 55
mas’r 14 27 71
maher 55
magor 91
magni 45 49
magna 15 19 27 49 80
magny 12
magno 49 53
magee 55
mar’s 12
magic 1 3 5 9 10 12 13 14 17 20 23 26 27 28 31 33 34 35 38 39 40 42 44 49 51 52 55 56 57 61 65 67 68 70 71 73 74 76 77 78 79 80 81 83 84 85 90 94 98
magia 1
magis 49 77
magio 53
maggy 55
majus 49
makar 55
major 12 21 33 37 39 41 42 45 48 49 51 52 53 55 62 67 69 71 78 79 81 83 87 94 99
maire 12
mairy 55
maize 46 82
majah 73
maid. 38
maidy 70
maids 4 10 12 13 14 16 18 19 21 22 27 28 29 32 35 36 38 39 41 46 49 50 51 55 56 65 68 72 73 76 77 78 79 82 94 98 100
maida 22
maims 9 49 73
mails 9 16 20 39 40 94
mainz 74
maior 12 45 53 55
maine 12 13 27 28 40 49 51 53 66 67 84 89 91 98
maimy 55
mains 9 13 46 48 55
malvo 53
mama. 71
mamas 78 94
maman 10 12 39 41
males 2 12 22 33 40 49 53 55 62 71 73 80 81
maw’s 54
malgr 39
malit 49
malis 49
malle 53
malos 49
malur 12
malus 49
malum 49 77 97
malta 12 39 53 55 77 78 79 82
malty 78
malam 49
malay 21 23 40 53 79
malek 12
malea 22 65
makee 55 60
makey 66
makes 1 2 3 4 5 6 7 8 9 10 11 12 13 14 15 16 17 18 19 20 21 22 23 24 25 26 27 28 29 30 31 32 33 34 35 36 37 38 39 40 41 42 43 44 45 46 47 48 49 50 51 52 53 54 55 56 57 58 59 60 61 62 63 64 65 66 67 68 69 70 71 72 73 74 75 76 77 78 79 80 81 82 83 84 85 86 87 88 89 90 91 92 93 94 95 96 97 98 99 100
maker 4 5 6 10 12 14 21 23 24 26 27 28 31 33 37 40 41 42 44 45 49 50 55 60 65 68 71 72 73 74 76 77 78 79 80 81 88 89 90 91 94 97
makin 5 27 46 70
manly 4 9 10 12 14 15 19 20 26 27 28 36 37 39 40 41 42 44 46 49 51 55 56 60 61 65 66 69 71 72 74 77 78 79 80 83 84 85 90 92 94 98
manor 5 9 10 11 12 14 19 20 21 43 48 49 60 75 78 83 94
manon 12 23 74 77 90
manna 7 10 20 28 39 49 55 65 75 77 88
manqu 39
manou 12
manse 55 56 85
manuc 53
manus 28 46 49 55 80
manuo 55
manto 49
manca 49
manat 49
manag 83
mandy 27 51
mando 49 53
maned 20 40 79
manco 49
manda 53 79
mangi 53
mange 12 32 33 41 94
maney 91
manet 49 83 97
manes 37 39 40 49 65 73 78 79 82 90
maner 53
may’s 55 56
manin 12
mania 12 13 14 16 18 21 23 37 39 41 46 72 75 76 79 82 94
mangy 14 28 31 33 37 41 55 71 76 78
mango 35 55
mamie 56
mamis 53
mamma 1 10 11 12 14 18 27 36 37 39 41 42 44 46 50 55 66 69 72 73 75 76 79 94
mammy 4 18 27 37 41 51 55
mapas 55
maple 16 27 28 40 55 56 57 66 84 94
maser 81
masel 46
mashi 66
masir 27
masks 1 12 23 26 31 40 46 55 70 79 83 84 92 94
mason 4 10 12 13 17 28 32 34 39 40 41 49 55 64 65 77 84 85
massa 4 7 40 55 82
masse 10 45 48 55 94
marry 4 5 7 10 11 12 13 14 16 18 19 21 22 23 27 33 34 36 37 38 39 40 41 42 43 44 45 46 49 50 51 55 56 57 61 66 67 68 69 70 71 72 73 75 76 77 78 79 80 81 82 83 84 85 87 88 94 98 99
marsi 73
marsh 6 9 10 12 14 20 26 28 30 31 38 39 40 49 52 53 55 56 65 69 71 72 80 81 83
marts 88
marto 12
marti 53
mary. 21 77
marye 53
marya 41
marys 55 70 78
marzo 53
marca 7
marat 12 39
mardi 12
mared 91
marco 23 53 77 79 84
marce 49
march 2 3 4 5 6 7 8 9 10 11 12 13 14 16 18 19 20 21 22 27 28 29 30 31 32 33 34 36 37 39 40 41 43 44 45 46 48 49 50 51 53 54 55 56 57 58 59 60 65 66 67 69 70 71 72 73 74 75 76 77 78 79 80 81 82 83 85 90 91 93 94 95 96 97 98 99 100
marcy 27
marge 40 55
mares 2 22 46 49 55 65 73 77
marfa 37 41
marey 91
marie 12 13 27 39 41 49 53 55 67 79 84 94
maria 4 7 10 11 12 13 23 26 27 37 39 41 42 49 53 55 77 79 92 94
margu 12 79
marha 55
marke 45 63 98
maris 9 49 65
mario 49 55
mark. 71
marly 12 83
marks 4 6 8 10 11 12 14 16 17 20 21 23 24 27 28 29 30 32 33 34 37 39 40 41 43 44 45 46 47 48 49 51 53 54 55 56 60 61 65 66 68 69 70 71 72 73 74 76 77 78 79 80 81 82 83 85 88 89 90 91 92 94 98
maron 22
marmo 84
marne 12
marot 49
maque 53
mauls 49 55
maury 40 84
mauri 53
maura 65
mauve 12 17 23 47 55 94
maubu 12
maude 7 39
mater 12 41 55 91
mates 6 10 12 20 21 29 30 33 37 39 40 42 46 49 51 54 55 56 65 71 73 74 81 84 90 94 97
mateo 53
matey 6 55
maths 17
matia 53
matin 12 55 66
matse 40
matri 49
matta 53
matto 9
matth 45
massy 27 44 49 53 65 66 73 77 79 84 98
masts 6 15 18 22 23 26 31 39 40 42 45 46 48 49 53 55 60 65 73 77 78 79 81 82 83 84 97 100
matan 53
matam 53
matau 13
mated 13 22 46 94
match 4 6 9 10 11 12 13 14 15 16 17 18 19 20 21 22 23 25 27 28 29 30 31 32 34 35 36 37 38 39 40 41 42 43 44 46 47 49 50 55 56 57 61 62 65 66 67 68 70 71 72 73 74 76 77 78 79 80 81 82 83 84 85 86 90 92 93 94 95 98 100
mavis 28
mavot 12
mavro 67
mayor 4 12 13 38 39 41 42 43 47 49 51 55 66 69 71 76 77 78 79 93 100
mayst 9 20 26 40 45 49 65 98
maybe 3 4 5 6 13 14 18 21 27 28 31 33 34 36 37 39 40 41 42 46 48 54 55 56 57 58 59 62 66 67 68 69 70 71 74 76 77 89 94
mayme 45
mayle 83
maxim 10 12 15 19 21 26 27 32 39 40 41 49 52 55 65 66 68 71 73 76 77 78 79 80 81 83 89
mazas 12
mazet 12
mazes 12 13 14 18 34 40 65 69 71 78 80 84 88
mazer 55
mazin 27
mkins 39
me’ll 6
mug’s 42
mckee 67
mckim 51
mum’s 55
mcmvi 53
mcmiv 55
muddy 6 12 14 18 26 27 28 30 31 33 37 38 39 41 42 48 49 54 55 56 61 65 66 67 68 69 70 71 76 78 84 85 88 94
mudie 75
mucks 55
mcoys 55
mucky 10 72
mucus 26 42
mlich 63
muche 12
much. 14 26 38 41 71
mufti 39 40 49 82 83
muffy 78
muffs 31 94
muggy 28
mully 73
multa 28 49
multo 49
multi 49 86
mulus 79
mulae 49
mulct 45
mulch 55
mules 7 9 12 18 22 23 26 33 34 45 49 51 55 65 70 73 77 81
mulet 49 77
muley 49 60 77 82
munno 42
munro 21 55
munus 49
munch 22
mundo 53
mundi 39 49
mungo 28 40
munio 77
mummy 12 17 26 28 39 55 72 73 74 77 90
mumps 13 17 55 70
music 1 3 4 5 6 7 9 10 11 12 13 14 16 17 18 19 20 21 22 23 26 27 28 29 30 32 33 34 35 36 37 38 39 40 41 42 44 46 48 49 50 51 52 53 55 56 57 59 62 64 65 66 67 68 69 70 71 72 73 74 75 76 77 78 79 80 81 82 83 84 85 88 89 90 91 92 93 94 98 99 100
musik 63
mushy 30 55
musha 42
musky 18 28 40
mussy 14
musst 63
must. 38
musty 14 26 28 40 41 42 46 49 55 66 67 68 71 72 74 76 78 85 90 92
mustn 57 58 70 78 94
muses 12 13 22 27 30 45 49 55 65 66 77 78 80 83
mused 10 14 18 20 27 29 37 41 42 51 55 57 60 69 71 72 76 79 81 84 93
muris 49
murky 12 14 18 20 21 23 31 35 40 42 51 67 68 69 71 76 77 78 84
muros 49
mural 12 55
murat 12 39 79
muret 49
mutor 12
mutua 49
mutes 12 40 49 55 68 79
muter 39
mdash 70
mutir 53
mutia 49 53
mmern 63
mdlle 10
meaux 12
meaty 55
meats 9 13 22 28 38 45 49 55 71 73 78 80 88 89 91
mebbe 13 27 30 56
meade 42 55
meads 28 40 55 65
mean. 38 71
mealy 34 40 68 71 77
meals 4 5 6 10 12 13 16 17 18 19 22 23 27 28 29 32 35 37 39 40 41 42 46 48 49 53 54 55 56 59 68 70 71 72 73 75 76 78 79 80 81 83 85 94 98
meant 3 4 5 6 7 8 9 10 11 12 13 14 15 16 17 18 19 20 21 22 23 25 26 27 28 29 30 31 32 33 34 35 36 37 38 39 40 41 42 43 44 45 46 47 48 49 50 51 53 54 55 56 57 58 59 60 61 63 65 66 67 68 69 70 71 72 73 74 75 76 77 78 79 80 81 82 83 84 85 86 88 89 90 92 93 94 95 96 97 98 99
means 1 2 3 4 5 6 7 8 9 10 11 12 13 14 15 16 17 18 19 20 21 22 23 24 25 26 27 28 29 30 31 32 33 34 35 36 37 38 39 40 41 42 43 44 45 46 47 48 49 50 51 52 53 54 55 56 57 58 59 60 61 62 63 64 65 66 67 68 69 70 71 72 73 74 75 76 77 78 79 80 81 82 83 84 85 86 87 88 89 90 91 92 93 94 95 96 97 98 99 100
meane 45 91
meath 42 55
meate 45
meat. 38
medal 12 33 37 39 40 41 42 49 55 56 69 71 83 94
medea 45 49 65 77 88
medes 7 10 40 49 77
medii 84
medic 55
media 12 27 49 86
medio 49 98
mecom 83
mecum 49 55
mecca 40 77
men’s 4 5 7 8 9 10 12 13 14 16 19 21 22 23 26 27 28 32 33 34 38 39 40 41 42 48 49 52 53 54 55 59 60 67 68 69 71 73 76 77 79 80 85
meers 73
meere 45
meets 7 8 10 11 12 16 20 21 22 23 26 28 32 33 34 37 38 40 41 43 49 50 51 53 55 65 71 72 73 77 78 79 80 81 82 83 85 86 88 89 92 94
meeds 20
meeky 70
medon 22 65
medoc 49 84
megas 65
meges 65
meggy 94
mejum 56
meiji 66
meila 55
meine 63
meiny 9
meint 63
melle 53
mells 72
melot 9
melon 12 14 21 33 55 69 77
melun 12
melts 10 12 20 27 28 39 46 48 65 78 96
melas 65
melan 24 33 34 49 52 53 57 58 63 71 77 78 81 82 83 86 87 88 89 90 91 92 94 95 96 97 98 99
melek 55
melee 9
meles 65
melia 14
mnemo 55
mekel 91
menor 53
menon 49 65
menno 74
mensa 55
mente 49 53 97
mentz 98
mento 53
menar 53
mends 17 41 77
mendo 53
mener 53
menka 39
memmi 49
meoto 20
meodu 20
meona 77
merge 10 22 46 51 55 84
meres 49
merit 1 4 9 10 11 12 14 15 16 19 20 21 26 28 32 37 39 40 41 44 45 49 50 51 55 63 65 68 71 72 73 74 76 77 78 79 80 81 82 83 84 85 89 90 91 92 94 95 97
merkw 63
merkt 63
merlo 77
merle 12
merry 1 2 4 6 9 10 11 12 13 16 17 18 19 20 21 22 24 26 27 28 31 34 36 37 38 39 40 41 42 44 46 49 51 52 55 56 57 58 60 61 64 66 68 69 71 72 73 76 77 78 79 81 84 85 88 91 92 93 94 98 99 100
merce 53
merci 12 39 41 55 94
merde 12 55
mercy 1 2 4 5 6 7 8 9 10 12 13 14 15 16 17 18 19 20 21 22 23 24 27 28 29 30 31 32 33 34 37 38 39 40 41 42 43 44 45 46 48 49 50 51 53 54 55 56 57 60 61 65 68 69 70 71 72 73 74 76 77 78 79 80 81 82 83 84 85 88 90 91 93 94 97 98 99
meton 80
metre 12 80 88
metro 62
metus 49
metas 49
metam 49
metal 4 8 10 12 13 14 21 23 28 30 31 34 37 39 40 41 42 46 47 48 49 53 55 57 65 67 68 69 71 73 77 78 79 80 81 83 84 86 87 93 97 100
meted 10 34 41 77
metes 27
meter 20 53 55
metic 80
meshk 39
messi 49
messy 17 33 56
mewed 12 30 38 55 61 77
meuse 12
meyer 67
mezzo 49 53 55 79
mwney 91
mocha 82
mon’s 74
mobbs 75
moans 12 13 17 24 27 28 32 37 39 41 47 65 68 71 72 76 77 78 79 85
moats 12
moely 60
modon 77
modos 49
modus 12 49 55 63
modum 49
modes 10 12 15 16 23 26 27 28 40 47 49 50 53 55 56 65 77 78 79 80 81 83 84 85 88 89 92 96
model 10 11 12 14 16 18 23 28 32 39 40 41 42 44 47 49 50 52 55 56 63 68 69 71 72 73 74 77 78 79 80 83 84 85 89 90 92 94 96 97 100
mocks 40 49 55 65
mocke 45 98
