marvin 48
mihiex 49
marvel 1 5 7 9 10 12 17 18 20 22 23 26 29 40 41 42 43 46 53 55 56 68 69 72 76 77 78 80 84 88 91 92 98
mihiel 12
mezura 53
mezure 53
martyr 4 10 12 23 27 39 40 41 45 46 51 53 55 56 59 71 77 78 79 80 85 88 92 94
martyn 55
martos 77
martha 4 5 10 19 37 40 45 51 55 57 60 68 71 77 93 94
marthe 12
marthy 4
martin 1 5 9 12 16 32 36 40 42 49 53 55 56 68 77 79 81 82 83 89 94 98
martem 49
marten 28 40 49 77
marshy 6 21 39 40 52 65 68 71 76 78
marsan 12
marsch 94
marry. 12
marrow 6 10 12 14 22 28 33 40 41 47 49 54 55 56 57 65 73 76 78 79 84 88 93
marrok 9
marron 18
marred 5 23 26 40 41 42 43 49 56 67 69 72 77 79 80 94
marole 94
maroon 6 39 55 94
maitre 26 92
mary’s 5 10 11 39 42 44 55
marnix 12
mihail 37 41
moglie 53
muffin 5 11 14 16 68 71 75 94
muffle 10 12 40 49 54 64
marmot 12
maison 12 39 55
muffed 10
marmee 94
marmar 94
marlow 23 31 90
marley 93
marlin 6
markus 85
marked 1 2 3 4 5 6 7 8 9 10 11 12 13 14 15 16 17 18 19 20 21 22 23 24 25 26 27 28 29 30 31 32 33 34 35 36 37 38 39 40 41 42 43 44 45 46 47 48 49 50 51 52 53 54 55 56 57 58 59 60 61 63 64 65 66 67 68 69 70 71 72 73 74 75 76 77 78 79 80 81 82 83 84 85 86 87 88 89 90 91 92 93 94 95 96 97 98 99 100
market 2 4 11 12 13 14 15 16 18 21 22 23 26 27 28 32 33 37 38 39 40 41 45 46 49 50 51 52 55 60 62 64 66 68 69 70 71 73 74 75 76 77 78 79 80 81 82 83 84 85 88 90 92 93 94 96 100
marker 39 79 85
markes 45
markel 41
markby 75
moping 1 18 43 69 71 94
me.’93 22
marito 49 53
mariti 53
marius 12 40 45 49 55 77 79
marish 6
marina 55
marini 53
marine 10 12 14 22 28 34 40 53 71 76 78 79 94
marion 12 55
marija 13
maried 91
maries 12 55
mariet 9
marien 77
marias 60 77
marian 38
marica 53 77
moyens 39
mainly 4 7 13 14 22 27 28 32 39 40 42 51 53 55 62 65 66 69 70 71 77 80 84 88 89 92 95
mars’s 65 79
maimun 55
margin 6 10 12 14 21 27 28 29 31 40 45 46 47 48 49 52 54 55 63 65 66 71 77 78 79 84 85 86 92
maimed 2 9 10 13 26 33 39 40 49 55 65 73 76 77 80 88
mailed 55 66
mailer 55
mundum 49
mundus 49
mashed 13 55 67 70 71 76 93 94
mashes 78
munera 49
mashay 94
munere 49
mermer 65
merman 22 40
merlin 9 12 28 77
mkgnao 55
merlan 12
mooney 42 55 78
mead’s 65
merken 63
munich 21 37 46 49
munifi 93
munina 49
meriti 53
merits 6 7 10 11 12 14 16 19 27 34 39 40 44 45 49 51 53 65 68 71 73 74 76 77 78 79 80 84 88 89 90 92 94 95
munity 28
munita 49
merino 10 12 53 57 68 94
merion 65
merica 4
meinte 63
meinec 12
meinem 63
meinen 39 63
meiner 63
meines 10 63
moored 12 14 22 29 31 33 37 40 53 55 60 68 79
masava 53
masaua 53
merged 10 27 29 35 39 40 43 46 47 48 57 66 76 78 84 88 93
merges 22 39 89 95
mooted 40 55 78
merest 6 12 13 16 18 19 20 21 27 31 32 34 37 40 42 44 47 68 72 77 79 84 85 92 95
merely 1 3 4 5 6 7 10 11 12 13 14 15 16 17 19 21 22 23 26 27 28 29 30 31 32 33 34 35 36 37 38 39 40 41 42 43 44 45 46 47 48 49 51 52 53 54 55 56 57 58 59 60 63 65 66 67 68 69 70 71 72 73 74 75 76 77 78 79 80 81 82 83 84 85 88 89 90 92 94 95 96 100
munnot 5
munnut 10
munodi 73
mercie 49
mercia 3
mercer 42 77
merces 49
mercad 53
munro. 21
munroe 84
maages 83
munson 51
muff’s 69
maid’s 1 17 38 39 40 43 54 55 59 77
mahuri 53
maia’s 65
moffat 94
moon’s 26 39 53 55 65 69 77 79
mooded 20
moodle 78
mahout 33
mahone 55
mahony 42 55
mazaua 53
mazava 53
mazana 53
mazaba 53
moor’s 77
megrim 49
meyers 43
mooing 55
munn’t 72
munday 88
moenia 65
mumbly 71
monian 12
monica 21 42 55
mumble 26 41 48 66 67 69 70
mixing 11 12 13 14 16 17 19 20 22 23 27 37 39 40 41 45 46 48 49 59 65 66 68 71 76 77 78 79 80 83 92 97
monige 20
monico 81
monied 40 78
monime 82
monism 63 95
monium 74 90
marcus 7 12 28 45 49 55 89
marcos 12 53
marche 55
marcia 1
marcel 12
monjui 77
marcet 29
miguel 12 40 53 55 77
monkey 6 10 12 14 19 26 27 28 31 33 39 40 41 43 46 47 50 54 55 61 67 72 73 77 78 79 80 84 91
monkes 45
marbre 23
marble 1 8 9 10 12 13 18 21 22 23 27 28 31 33 34 37 38 39 40 41 42 43 44 46 47 48 49 55 56 61 64 65 67 68 69 70 71 73 76 77 78 79 81 82 83 84 85 91 94 100
marbel 91
mowers 39 40 65 68
mezana 53
marais 12 79
maigre 79
migsby 75
mark’s 9 16 55 79
mowgli 33
mark’d 65
monnot 12
monoch 53
moeurs 84
mowing 13 22 27 28 39
maiden 4 9 11 12 13 21 22 23 24 26 28 34 36 37 38 39 41 43 44 46 49 51 55 56 61 65 66 71 72 77 78 79 80 83 84 85 88 92 94
mignon 42 94
monroe 46 51
mare’s 9 43 55
mummed 55
mummer 55 84
monsor 53
miglio 53
miglia 53
montal 74 90
months 1 2 4 5 6 7 8 9 10 11 12 13 14 15 16 18 19 21 22 23 25 26 27 28 29 30 31 32 33 34 35 37 38 39 40 41 42 43 44 46 48 49 50 51 53 54 55 56 57 59 60 62 65 66 67 68 69 70 71 72 73 74 75 76 77 78 79 80 81 82 83 84 85 88 89 90 91 93 94 99 100
monter 37
montes 49
montel 18
month. 31 79
montlh 79
mixtur 78
montis 44 49 98
montov 39
montre 12
mighty 4 6 7 9 10 12 13 14 16 17 19 20 22 23 24 26 27 28 30 31 32 34 37 38 39 40 41 42 43 44 45 46 48 49 51 52 54 55 56 60 61 64 65 66 68 69 70 71 72 73 74 77 78 79 80 81 84 85 88 90 91 92 93 94 97 98 99 100
mights 9
mightn 46 70 78 94
maquis 79
malden 48 91
malo’s 77
macias 53
moreau 12 39 55
machua 33
moreen 10
mishap 9 10 17 22 28 38 40 49 61 77 78 85 94
moreno 53 77
morena 77 82
machie 53
machin 53
machen 63
malaya 37
malays 23 28 40 53
malayu 53
metaph 80
metall 45
metals 8 12 18 28 45 49 53 55 61 65 73 74 76 78 79 84 86 90 97
metalo 53
metal. 71
moiler 78
miasms 12
miasma 12 17 46 84
malaga 33 55 77 79 81
malaca 53
malade 12 44
malady 1 7 9 10 12 19 23 26 39 40 46 49 55 71 72 73 76 77 78 79 80 84 89 92 93
morgan 6 9 51 55 67 78 91
misfit 49 50 71
morgen 39 63
misery 1 4 5 8 9 10 11 12 13 14 15 16 18 19 20 22 23 24 26 27 28 29 30 32 34 35 37 38 39 40 41 43 45 46 47 48 49 55 56 57 60 65 66 68 69 70 71 72 73 74 76 77 78 79 80 81 82 84 85 88 89 90 92 93 94 95 96 97 100
misers 49 77 79 80 82 92
misero 49
miseri 49
misere 49 96
morgue 12 55 79 84
maceys 40
moriar 49
morion 12 49 77
morire 53
moritz 74 90
miscet 49
matvey 37 41
macchi 12
mature 11 12 21 26 27 28 31 39 40 49 51 55 68 71 72 73 76 77 78 80 84 85 89 93 94 97
matura 49
maturs 91
morkan 42 55
moires 12 82
mattie 56 57
macart 55
matteo 7 49 53 77
mattei 41
matted 5 6 10 18 28 30 31 32 33 39 40 43 52 55 68 76 77 78 79
morley 55
matter 1 2 3 4 5 6 7 8 9 10 11 12 13 14 15 16 17 18 19 20 21 22 23 25 26 27 28 29 30 31 32 33 34 35 36 37 38 39 40 41 42 43 44 45 46 47 48 49 50 51 52 53 54 55 56 57 58 59 60 61 62 63 65 66 67 68 69 70 71 72 73 74 75 76 77 78 79 80 81 82 83 84 85 86 87 88 89 90 91 92 93 94 95 96 97 98 99 100
mattan 53
mattam 53
matsys 14
moises 9
moisel 55
matska 1
mormon 34 55 89
mack’s 39 55
matron 10 42 49 51 55 56 65 68 71 73 78 85 93 94
matris 49 55
matrix 49 55
matras 83
mornin 5 13 27 46 68 70 94
morose 10 12 14 21 23 30 31 37 39 41 49 55 71 72 73 76 78 80 93 94
morosa 49
miaire 12
morphy 55
mestri 7
mestor 65
mester 5
morrel 40 79
morris 9 11 21 27 46 49 50 55 68 81 83
morrow 4 6 7 9 10 11 12 13 14 16 18 19 21 22 23 25 26 27 28 29 33 34 37 38 39 40 41 45 46 48 49 51 54 55 56 57 58 60 63 65 66 68 69 70 71 72 74 75 76 77 78 79 81 82 83 84 85 88 89 90 92 93 94 95 97 99 100
messua 33
messrs 10 22 32 34 39 46 54 55 66 68 71 75 76 78 79 81 83 91 92
morsel 3 10 12 14 18 27 28 29 37 38 40 41 42 44 49 52 55 56 57 68 69 71 72 73 76 77 78 79 85 88 94
messed 81
messer 7 55
messes 77 94
mnesus 65
morsus 49
mortar 5 10 12 14 21 28 33 37 40 41 46 49 51 53 55 56 60 68 69 70 71 76 77 78 84 99
mortal 1 6 9 10 11 12 13 14 15 18 20 21 22 24 26 27 28 29 30 34 35 36 37 38 39 40 41 42 43 44 46 47 48 49 52 54 55 56 57 60 63 65 66 68 69 71 72 73 74 76 77 78 79 80 81 82 83 84 85 88 90 92 93 94 95
mortes 49 79
mortem 23 27 41 43 46 49 55 84
mortis 49 55 82 84
mama’s 10 16
maluco 53
mettre 12 41
mettle 18 22 44 48 49 52 65 77 78
maundy 55
metrop 65
metric 41
metres 12 24 40 80 88
mauled 14 33 54 77
m’graw 6
mtlich 63
malpha 53
misuse 7 63 76 92 97
malora 55
malory 9
malone 42 55
mauiga 53
mistry 91
mistos 49
mister 5 9 12 21 27 43 51 55 62 68 69 70 71 78 91
misted 55
mem’ry 71
mistah 31
missus 4 5 17 42 50 55 70
missum 49
mshevo 39
maugre 9 55
mactan 53
missis 4 6 10 14 27 39 46 68 69 71 72 78 94
missin 27
missie 5 27
missey 91
misses 10 12 16 18 19 21 33 39 42 45 49 55 68 71 77 78 85 92 94
missel 5
missed 1 3 4 5 6 9 10 11 12 13 14 16 17 18 19 20 21 22 23 26 27 28 29 30 31 33 34 37 38 39 40 41 42 43 44 46 47 48 49 51 55 56 57 58 59 60 66 67 68 69 70 71 72 73 74 75 76 77 78 79 80 81 82 83 84 85 88 90 92 93 94 99
missay 9
more’s 10 22 29 40 44 55 68 69 71 80
missal 12 46
more’n 6 27 69
mike’s 14
mallow 55
mallon 55
mallen 77
mallem 49
mallet 12 32 39 40 49 55 60 64 65 79 94
malles 98
mekran 53
mallam 75
mallat 53
mispah 97
malisa 53
malins 42
malign 26 39 46 47 54 55 71 77 79
malice 4 9 10 11 12 14 15 19 20 22 26 27 32 37 38 39 40 41 45 46 49 50 55 56 57 60 65 67 68 71 72 73 74 76 77 78 79 80 82 83 84 85 88 89 90 92 97
method 1 2 3 4 5 6 7 8 9 10 11 12 13 14 15 16 17 18 19 20 21 22 23 24 25 26 27 28 29 30 31 32 33 34 35 36 37 38 39 40 41 42 43 44 45 46 47 48 49 50 51 52 53 54 55 56 57 58 59 60 61 63 64 65 66 67 68 69 70 71 72 73 74 75 76 77 78 79 80 81 82 83 84 85 86 87 88 89 90 91 92 93 94 95 96 97 98 99 100
man’ll 27
mygdon 65
moiety 10 19 49 55 60 69 82 84
malher 12
macy’s 40
mccann 55
malgue 79
misled 1 7 11 12 14 16 18 19 20 22 26 28 39 46 49 55 65 71 73 74 80 84 90 97
mislay 12
malfil 12
morant 81
morand 12 39
morall 45
morals 3 12 15 23 26 27 32 37 39 40 45 49 50 51 53 55 56 70 73 77 80 81 82 83 84 85 89 92 94
morale 27 55 84 86
morari 49
moraro 53
morass 6 10 17 40 41 43 82 84
maclir 55
miss’d 65
miss’s 72
meteua 53
meters 59
morato 77
moraux 84
metere 53
meteno 53
meteor 12 48 78 79 85 94
morbis 49
morbid 1 5 10 18 23 26 27 37 39 40 41 46 51 54 55 65 67 71 72 75 84 85 92 94
malega 53
morbos 49
macked 39
morbus 12 65 79
mackey 55
malean 22
mackay 55
morcar 3 21
maldon 48 71
mate’s 40 60
mabeuf 12
mkin’s 39
meal32 22
mabbot 55
mabbee 27
mastor 22
mirant 12
mirage 12 28 37 41 51 55 76
mastic 12
mirada 55
meagre 4 10 12 23 26 28 31 38 40 42 46 51 57 65 66 68 69 73 76 77 78 79 80 81 85 93
masted 40
master 3 4 5 6 7 9 10 11 12 13 14 15 16 17 20 21 22 23 26 27 28 29 30 31 32 33 35 36 37 38 39 40 41 42 43 44 45 46 47 48 49 50 51 52 53 54 55 56 57 58 60 61 64 65 66 68 69 70 71 72 73 74 76 77 78 79 80 81 82 83 84 85 88 89 90 91 92 93 94 96 97 98 99 100
meager 18 94
massor 55
massed 12 13 51 53 55 57 67 69
massey 55 81 91
masses 6 7 9 10 12 13 21 23 27 28 34 37 39 40 41 45 46 47 48 51 55 56 71 72 74 76 77 78 79 80 84 88 89 90 92 93 96
mad’st 40 65 77
mozart 27 78 79 92 94
mo’nin 18
masque 10 79 84
meadow 9 10 12 13 18 21 22 26 28 38 39 40 48 52 55 56 58 60 61 64 66 68 69 72 73 77 78 80 82 92 94 100
mervyn 55
masons 12 38 39 41 49 53 65 79 81 84 98
mason. 10
masoch 55
merton 23 67
mersey 55
merry. 38
merrow 48
masked 1 10 12 21 26 29 34 40 43 48 51 54 55 70 77 79 84 94
masker 12
meroue 91
merops 65
merona 34
majore 12 49
myopic 55
mast’s 40 65
makran 53
mckees 67
moguer 53
matkah 33
mizpah 55
moppet 71
mopped 12 41 54
matins 9 12 18 39 78
mating 8 35 80
matina 53
mathrm 62
mathew 55
mather 50 52 83 85
mathan 12 53
mathbf 62
mesmer 12
mesmes 49
mirror 6 10 12 14 17 18 21 23 26 27 28 35 37 39 40 42 46 48 49 53 54 55 56 57 63 64 65 66 67 71 72 74 76 77 78 79 80 84 85 90 92 94 100
meslay 79
maters 91
mesina 53
miroir 12
match. 16
making 1 2 3 4 5 6 7 8 9 10 11 12 13 14 15 16 17 18 19 20 21 22 23 24 25 26 27 28 29 30 31 32 33 34 35 36 37 38 39 40 41 42 43 44 45 46 47 48 49 50 51 52 53 54 55 56 57 58 59 60 61 63 65 66 67 68 69 70 71 72 73 74 75 76 77 78 79 80 81 82 83 84 85 86 87 88 89 90 91 92 93 94 95 97 98 100
matche 9
mesial 55
mesias 55
meatus 49
meshes 10 12 14 18 20 21 39 43 44 55 66 71 78 79 94
meshch 39
meater 91
matara 53
measle 9
mizzen 6 31 40 60 79
mizzle 71 78
mohair 37
mohawk 40
makers 9 12 14 26 28 39 41 45 46 47 49 51 55 73 77 78 79 80 81 83 85 88 91 94 97
makest 9 26 40 49 77 88
maketh 9 15 20 26 27 40 45 77 88
miring 12
miriam 40 45 55
mabile 12
meant. 71
means. 21
meanly 11 15 16 21 22 28 39 40 41 49 65 68 74 77 78 83 85 88 90
meanes 45 98
meaner 14 20 26 27 28 45 46 49 51 56 65 71 73 80
myriel 12 66
musn’t 25 37 68 72
myriad 13 18 23 28 46 51 55 56 84
motive 1 2 4 10 11 12 13 15 16 18 19 20 21 23 26 27 28 29 31 32 34 37 39 40 41 43 44 45 46 48 49 51 55 56 65 66 68 71 72 73 74 76 77 78 79 80 81 82 83 84 85 86 88 89 90 92 94
manjar 77
muscle 5 10 12 13 17 20 27 30 31 33 34 39 40 42 44 51 55 67 68 69 71 74 76 78 79 84 90 94
manius 49
memory 1 3 4 6 7 8 9 10 11 12 13 14 16 17 18 19 20 21 22 23 26 27 28 29 30 31 33 34 35 36 37 39 40 41 42 43 44 45 46 47 48 49 51 53 54 55 56 57 58 59 60 63 64 65 66 67 68 69 70 71 72 73 74 75 76 77 78 79 80 81 82 83 84 85 87 88 89 90 91 92 93 94 95 97
medusa 10 12 46 79
manila 30 51 53
manioc 53
memoir 12 21
manife 53
maniac 10 13 26 28 37 39 41 46 77 84
manias 46
manich 82
milton 12 15 28 50 56 65 66 77 78 80 82 83 84 90 94 97 98
memnon 22 28 51 100
museth 26 88
motley 4 12 17 26 27 31 34 39 40 49 55 77 80 83 84 92 94 96
memmus 49
mokroe 41
museum 12 14 21 22 28 39 40 43 46 47 48 50 55 65 71 78 79 80 91 94
mangle 14 49 55 65 71 76 81 97
mangot 37
mangid 55
mangia 53
mangin 49
manger 12 23 39 49 55 65 72 73 77 78 94
manful 71 76 94
manens 49
music. 71
musick 45 83
musica 80
motors 12 59 86
mandar 12 53
musing 4 10 12 14 16 20 27 28 30 37 38 41 47 51 54 55 60 65 68 69 71 72 76 77 78 79 82 88 94 99
milons 91
medoro 77
medora 79
memini 49
mancha 53 77
mancho 53
mann’d 65
mann’s 68
medola 53
musjid 33
mictum 55
musket 4 6 12 13 14 15 18 28 32 33 39 40 46 49 52 53 57 60 73 76 77 79 81 84
musked 40
muskau 84
muskin 55
manare 49
mock’d 65
muslin 10 11 12 13 14 16 18 19 27 37 39 42 44 55 56 60 67 68 69 71 78 79 81 84 94
manaen 45
manage 3 4 5 6 7 10 11 12 13 14 16 18 19 20 21 22 23 27 28 30 31 32 33 34 36 37 38 39 40 41 42 43 44 49 52 55 56 60 61 65 66 68 69 70 71 72 73 75 77 78 79 80 81 83 84 94 97
mole’s 12 55 76
millys 55
mills. 21
millon 91
millio 53
millia 53
millet 12 28 33 38 49 53
miller 10 12 22 38 39 40 46 51 55 69 72 76 77 78 79 81 85 93 100
milled 12 55 68 76 77
millas 53
millar 21 97
medled 9
medley 9 13 16 41 49 51 55 57 66 76 77 78 79 84 92
medlar 55
mottos 83
milked 13 22 28 44 60 73
myrtle 4 12 18 27 49 51 55 56 64 67 77 79 80 94
myrtho 79
myrtea 49
milius 49
medium 1 2 3 4 5 6 7 8 9 10 11 12 13 14 15 16 17 18 19 20 21 22 23 24 25 26 27 28 29 30 31 32 33 34 35 36 37 38 39 40 41 42 43 44 45 46 47 48 49 50 51 52 53 54 55 56 57 58 59 60 61 63 64 65 66 67 68 69 70 71 72 73 74 75 76 77 78 79 80 81 82 83 84 85 86 87 88 89 90 91 92 93 94 95 96 97 98 99 100
medina 53 55 77
milieu 92
mediis 49
maecha 49
medias 55
median 49
medial 55
mediam 49
medico 34 46
medici 7 12 49 65 79 82 84
membra 21 49
membrj 53
membro 53
member 4 7 10 11 12 13 14 21 23 27 28 30 32 37 39 40 41 42 43 44 45 49 51 53 55 56 59 65 68 69 70 71 72 73 75 76 77 78 79 80 81 83 84 85 86 88 89 94 96 97
medher 55
mussel 38 53 77
musses 12
musset 92
musste 63
miles. 71
molars 55 67
meehan 90
menaua 53
manzur 53
menare 53
manzor 53
murren 55
murrey 70
menais 12
murray 4 27 32 34 46 55 67 81 84 95
menage 27 37
menace 10 12 14 30 31 39 40 41 42 46 49 51 52 54 55 65 66 71 76 78 79 84 96
mobile 10 12 26 27 37 46 49 55 84 85 92 98
midian 39 56 97
manure 10 12 22 28 32 39 41 55 77
mimber 55
manuet 49
manuel 12 30 49 53 77
manual 21 27 49 50 51 55 66 68 72 80 83 84 86 89 96
mantua 7 12 49 77 79 83 94
mawnin 70
mantis 49
mantle 5 6 9 10 12 18 22 23 26 27 28 37 38 39 40 41 46 49 54 55 56 65 68 72 76 77 78 79 84 85 93 94
mantes 12 49
mantel 5 13 14 18 19 27 28 47 55 61 68 70 74 84 90
mobled 55
midget 17 51 55
midges 38 55 77
mov’st 65
mokhav 39
murzka 42
manque 49
mokhov 39
middle 1 2 3 4 5 6 7 8 9 10 11 12 13 14 15 16 17 18 19 20 21 22 23 24 25 26 27 28 29 30 31 32 33 34 35 36 37 38 39 40 41 42 43 44 45 46 47 48 49 50 51 52 53 54 55 56 57 58 59 60 61 62 63 64 65 66 67 68 69 70 71 72 73 74 75 76 77 78 79 80 81 82 83 84 85 86 87 88 89 90 91 92 93 94 95 96 97 98 99 100
midden 55
middel 91
midday 5 6 7 8 12 14 18 21 26 32 33 37 38 39 40 41 42 44 48 59 70 76 77 79 85 92
manors 88
manola 55
manoir 26 74 90
manoel 53
may’st 40 65
manner 1 2 3 4 5 6 7 9 10 11 12 13 14 15 16 17 18 19 20 21 22 23 25 26 27 28 29 30 31 32 33 34 35 36 37 38 39 40 41 42 43 44 45 46 47 48 49 50 51 52 53 54 55 56 57 58 60 61 63 65 66 67 68 69 70 71 72 73 74 75 76 77 78 79 80 81 82 83 84 85 88 89 90 91 92 93 94 95 97 98 99 100
many’s 6 42 69
mannie 42 94
manned 6 22 32 40 51 55 60 69 70 71 73 77 79 81
maesti 49
musain 12
mother 1 2 4 5 6 7 8 9 10 11 12 13 14 15 16 17 18 19 20 21 22 23 24 25 26 27 28 29 30 31 32 33 34 35 36 37 38 39 40 41 42 43 44 45 46 47 48 49 50 51 53 55 56 57 58 59 60 61 62 64 65 66 67 68 69 70 71 72 73 74 75 76 77 78 79 80 81 82 83 84 85 88 90 91 92 93 94 96 97 98 99 100
medway 71
motion 4 6 7 10 11 12 13 14 15 16 18 19 21 22 23 26 27 28 29 30 31 32 33 34 35 38 39 40 41 42 44 45 46 47 48 49 51 52 55 57 60 65 66 68 71 72 73 74 76 77 78 79 80 83 84 85 86 88 90 92 93 94 95 96 98 99
madmen 26 37 39 41 45 46 49 68 76 77 79 80 84 97 99
madman 5 6 9 12 13 14 21 22 26 33 37 38 39 40 41 43 46 49 53 54 55 60 64 67 68 71 72 74 77 79 80 84 85 90
mellow 5 6 10 18 23 26 39 42 43 49 55 56 67 69 70 71 72 78 92 94
meller 14
moated 55
muzzle 5 6 12 14 18 21 26 28 30 33 34 39 40 43 48 55 58 60 73 79 81
mamela 53
meudon 12
murcia 53 77
melita 65
melius 49
meliot 9
melior 49
murder 3 4 6 7 9 10 12 13 14 20 21 22 23 26 27 28 31 32 34 37 38 39 40 41 43 44 45 46 47 48 49 51 54 55 56 60 64 65 68 69 70 71 72 73 74 76 77 78 79 80 81 82 83 84 85 88 89 90 91 94 97
mithra 92
mither 72
moskoe 84
murena 49
moslem 55
mauzor 53
mibray 12
madera 83
maders 68
madest 9 40 49 88
meldon 55
muriel 56
madden 40 41 51 55 79
madder 37 72 77 79 80
mauves 12
mecist 12
mecina 53
madcap 26 39 52 55 79
mosque 12 39 40 48 55 79 82
mod’rn 27
mell’s 71
madame 1 10 12 13 16 18 21 23 27 34 37 39 40 41 44 46 49 55 56 65 66 67 74 76 78 79 82 83 84 90 92 94
madams 46
mosses 12 40 56 57
mossoo 55
mostel 49
murmur 1 4 6 10 12 13 14 17 18 23 27 28 30 31 33 34 35 37 39 40 41 42 43 44 46 47 48 51 52 55 56 61 64 65 67 68 69 71 72 74 76 77 78 79 80 81 84 85 88 90 93 94 97
mostly 3 5 6 10 11 12 13 14 15 16 17 21 27 28 31 32 34 37 39 40 41 44 46 48 49 50 51 54 55 56 60 62 67 69 70 71 72 76 77 78 79 80 81 83 85 88 89 91
maurel 9
mobbed 4 40 50 55 76
mobcap 55
murphy 13 42 43 55
metuit 49
metuam 49
metuas 49
medeon 65
morton 10 19
mickle 9 20 55 83
mortua 49
mortuo 49
medemo 53
medeme 53
mickey 55
muzhik 12
mildly 5 10 11 12 39 40 41 42 50 55 56 57 58 65 68 71 73 74 76 78 79 81 88 90 92 93 94
meddle 5 6 9 10 12 15 21 27 33 34 37 38 39 40 41 46 47 49 50 55 56 57 60 69 70 72 73 77 78 79 80 81 82 85 88 89 94 97
milder 1 4 10 16 49 65 76 81 84 88 94
mildew 23 34 41 68 77 80
milden 57
morvan 12
micien 41
mavors 49 65
michel 12 49
michan 55
milano 7
mill’s 80
medals 7 10 12 16 39 40 49 55 56 67 79 82 83 84
melyuk 39
milk’s 39
mamsey 70
mamsel 41
m’baad 55
melven 28
mamoun 92
mittel 46
micant 49
micans 49
melted 5 6 10 12 14 17 18 20 22 27 28 32 33 35 38 39 40 44 46 49 50 51 54 55 56 57 60 61 65 67 71 72 76 77 78 79 80 81 84 86 88 93 94 99 100
mammon 10 15 32 42 45 81 88
mammis 40
mamma. 44
mammal 55
mammas 12 39 41 94
mitron 12
mitrof 39
mitres 12 49 55 77 82
mitred 12 55
mosaic 10 15 27 55 69 83
meulan 12
madrid 12 23 39 49 53 55 60 71 77 79 82
moaned 4 6 10 13 14 17 18 27 30 31 37 38 39 41 43 44 46 51 55 56 57 58 68 69 70 71 72 77 78 94 99
madras 12 27 28
moscow 12 37 39 41 48 79 82 84
moscou 39
meloni 53
melons 12 33 41 49 51 55 60 69 77 79
mikuji 66
melody 10 12 13 23 26 27 28 39 42 48 49 51 52 55 64 65 66 67 68 71 77 78 79 80 81 83 84 88 91 92 94
m’sieu 12
mosely 99
mapple 40
mapped 17 28 39 40 46 48 55
mayhem 55
mayhew 40
mayhap 6 40 46 51 55 71
minyas 65
minyan 22
maples 28 40 41 56
mayest 9 20 26 33 39 40 41 49 60 77 82 85 88
multas 49
mayeux 12
multae 49
mayers 55
mycale 49 65
multis 49 98
multum 12 40 49
multos 49 55 77
ma’ame 18
ma’am. 71
magpie 3 27 68 71 72 78 94
mulvey 55
minuti 90
minuta 49
minute 1 3 4 5 6 10 11 12 13 14 16 18 19 21 23 27 28 29 31 32 33 34 36 37 38 39 40 41 42 43 44 46 47 48 49 50 54 55 56 57 58 60 61 65 66 67 68 69 70 71 72 73 74 76 77 78 79 80 81 82 83 84 85 88 89 90 93 94 95
mexico 18 21 28 39 40 49 51 60 66 67 74 77 81 90 97
mayn’t 1 3 5 6 14 36 37 41 56 68 69 71 76
minuet 55
magnum 26 48 49 55 77
magnus 12 28 49 53 55 68 74 90 92 98
magnos 49
magnon 12
minted 6
magnis 49
magnet 4 10 12 18 27 40 73 74 85 90
magnam 49
magnas 49
mycene 22 65
mayans 77
monk’s 12 39 41 79
monaco 94
meow’d 69
monato 53
magley 75
monaym 53
mudcat 70
minors 15 55 77
minore 70
monday 4 10 11 12 13 14 16 18 19 21 32 40 41 42 44 48 49 50 53 55 56 62 66 67 68 69 71 72 74 75 76 77 78 79 81 82 83 90 91 93 94 99
minola 49
minois 10
mondle 81
magine 27
mudder 51
magior 53
muddle 3 26 31 37 39 41 68 69 77 78 92 94
magian 40
magiau 53
magick 45
magici 98
minnit 27
minnie 55 56 71 94
mas’rs 27
money. 12 21 38 41 71 79 100
moneth 98
moneta 53
moneys 6 29 51 55 76 77 80
maggot 28 39 55 78
maggie 21
monger 12 21 91
mieris 79
mongst 70 98
moment 1 2 3 4 5 6 8 9 10 11 12 13 14 15 16 17 18 19 20 21 22 23 25 26 27 28 29 30 31 32 33 34 35 36 37 38 39 40 41 42 43 44 45 46 47 48 49 50 51 52 53 54 55 56 57 59 60 61 62 63 64 65 66 67 68 69 70 71 72 73 74 75 76 77 78 79 80 81 82 84 85 87 88 89 90 92 93 94 95 96 97 99 100
meglio 53
mixeth 26
mixers 26
muchee 55
muchly 55
modora 53
mdccvi 83
mdccxi 55
mucius 39
moved. 80
moveat 49
mucked 6
movent 49
movers 18 45 79
moveri 49
moveth 26 45 88
mmmyes 42
mommol 12
mcgrew 5
mythol 65
mythic 27 80
movies 67 86
momoly 53
mythus 80
moving 1 3 5 6 10 11 12 13 14 15 16 17 18 19 21 22 23 25 26 27 28 30 31 32 33 34 35 36 37 38 39 40 41 42 43 44 45 46 47 48 49 51 53 54 55 57 58 59 60 61 63 64 65 66 67 68 69 70 71 72 73 74 75 76 77 78 79 80 81 84 85 86 88 90 92 94 98 99
mulier 49 92
mucous 44
mulius 22 65
mulish 50
mayor. 38
mayors 12 55 68
megara 22 80
mulled 39 55 72 93
mullee 55
mullen 70
mullet 70 94
muller 34 65 79
magyar 46
maylie 68
momuli 53
mensis 49
menski 39
mine’s 55 69 71 72
menses 44
mensch 63
molten 13 26 28 40 42 48 55 65 68 76 79 84 88 93
mind’s 10 12 13 28 39 44 49 52 54 55 68 71 77 80 85
mounds 6 10 14 28 31 33 39 48 55 65 68 71 72 78
molton 91
mounts 12 13 16 28 38 40 44 49 51 55 57 65 69 71 72 73 78
mount. 80
mutiny 6 10 14 17 30 31 39 40 41 45 49 53 55 56 60 69 73 74 80 90 97
mutius 77
mewing 12 28 49 55 69
menori 53
menolo 53
meetly 10
meetin 27 70
mourns 41 51 55 65 78
mourne 55
mourut 12
moused 69
mousey 55
mouse. 71
moussu 12
meerly 45
meeren 12
mouth. 67
mouths 2 3 5 7 10 11 12 13 14 17 18 21 22 23 24 26 27 28 32 33 37 38 39 40 41 44 45 46 47 49 50 51 55 60 65 66 70 71 73 76 77 78 79 80 81 88 91 92 93 94 98 99
mouton 39
mystic 1 4 5 10 12 18 23 27 37 39 40 41 47 49 51 54 55 65 69 77 79 80 84 85 88 92 95
myster 9
midway 4 12 14 21 22 26 30 39 40 42 47 53 54 55 56 62 65 71 77 78 79 80 84
mliche 63
mimosa 55
modder 55
menial 10 22 29 34 38 40 46 51 55 65 68 73 84
models 10 44 47 48 49 55 63 68 71 76 77 78 80 84 88 94
modell 45 63
modena 12 49
modest 1 2 7 10 11 12 14 16 18 19 20 21 22 24 26 27 29 31 35 37 39 41 42 43 44 45 46 47 49 51 54 55 56 59 65 66 68 69 71 73 74 76 77 78 79 80 81 82 83 84 85 89 90 92 93 94 95 97
modern 3 7 8 9 10 11 12 13 16 18 19 20 21 22 23 26 27 28 37 39 40 41 42 43 44 45 46 49 50 51 52 53 55 61 63 65 66 67 68 69 70 71 72 73 74 75 76 77 78 79 80 81 82 83 85 89 90 92 94 95 96 98
mcntem 49
mule’s 33
maffei 55
mutter 12 13 14 17 26 31 33 37 38 39 40 41 43 48 49 51 54 55 68 72 76 79 94
meekly 3 9 13 14 27 30 37 39 41 42 43 46 51 56 58 61 66 68 71 77 78 94
mutton 12 13 14 16 19 29 32 37 39 41 42 47 48 49 55 60 68 71 72 73 76 77 78 85 94 98
meeker 71
modica 49
modico 49
mutual 4 10 11 12 13 14 16 17 19 20 22 24 27 28 29 32 36 37 39 40 41 43 44 47 49 51 53 55 63 65 68 69 71 72 73 74 76 77 78 79 80 81 83 85 88 89 90 92 94 96 97
modify 5 12 20 26 49 62 80 84 89 95
mendez 53 73 77
mended 5 10 12 14 18 28 34 37 39 40 49 52 54 55 60 61 68 69 71 72 76 77 78 81 83 85 90 94 100
mender 12 76
mendes 55
mendax 49
modish 67
mencia 77
mimics 66
menbro 53
muster 4 10 21 27 39 40 42 46 49 51 54 55 59 65 67 68 69 71 77 78 79 80 81 83 85
mochus 49
musume 66
minion 12 23 44 49 55 71 73 94
mining 12 14 21 30 39 66 71 79 81 86
minimo 49
minims 12 54 55
minima 49
molded 18 39
mocked 4 9 10 23 26 37 38 40 49 55 57 77 79 82 85 88
mocker 26 55 69 79
molest 28 40 49 65 72 79 81 88
mingle 10 12 13 19 27 28 29 32 37 39 41 46 48 49 51 59 65 66 68 76 77 78 79 80 81 85 88 93 98
magalh 53
miners 12 13 21 30 43 66 79 93
mindin 46
mindes 45
minded 3 4 5 6 10 11 12 13 14 16 18 19 20 21 22 23 26 27 28 32 36 37 39 40 41 42 43 46 47 48 49 51 55 56 58 60 65 66 68 69 70 71 72 74 76 77 78 79 80 81 82 84 85 88 89 90 92 94 98 100
molino 53
molion 65
mouche 12
moliri 7
mincer 40
minced 16 28 40 49 55 73 80
minbad 55
moueno 53
minano 53
myself 1 2 3 4 5 6 7 9 10 11 12 13 14 15 16 17 18 19 20 21 22 23 25 26 27 28 29 31 32 33 34 35 36 37 38 39 40 41 42 43 44 46 47 48 49 50 51 52 53 54 55 56 57 58 60 61 63 64 65 66 67 68 69 70 71 72 73 74 75 76 77 78 79 80 81 82 83 84 85 88 89 90 91 92 93 94 95 97 98 99 100
mollis 49
mollie 30
molloy 55
mought 6
mutant 49
mutari 49
mutata 49
moloch 45 49
mysian 65
maopay 53
menuta 53
menute 53
menuti 53
maxime 49 55
maxima 49
maxims 7 12 15 19 26 33 39 44 48 65 73 77 79 80 82 83 89 92 97
mentre 53 55
mentor 14 22 55 65 79 94
menton 55
mentis 49 55
mentha 49
menthe 49
mentem 49
mentes 22 49 65
mutely 10 17 26 29 40 41 55 56 68 72 79 94
mental 1 4 7 10 12 14 16 18 19 21 23 26 27 28 31 32 34 37 39 41 42 43 46 47 48 49 51 54 55 56 57 63 68 69 71 72 74 75 76 77 78 79 80 83 84 85 89 90 92 94 95
moulds 20 28 49 65 80 83 89 91
mouldy 12 40 48 55 60 71 77 78 79 85 93
moulin 42
