n’ai 12 39
n’en 39
na’s 39
na’e 42
ne’s 39
naas 42
naca 20
nack 55
nach 63
nabs 42
naed 55
nads 12
nahe 63
nage 12 18
nags 33 37 50 55 73
naiv 39
nail 6 10 12 13 14 17 20 21 27 28 34 37 38 39 40 41 43 44 46 47 49 51 53 55 60 62 63 66 67 68 70 71 73 76 77 78 79 81 83 86 93 100
nain 12
nais 65
nake 18
nap. 38
nant 49
nans 55
nana 17
nane 46
namu 66
name 1 2 3 4 5 6 7 8 9 10 11 12 13 14 15 16 17 18 19 20 21 22 23 24 25 26 27 28 29 30 31 32 33 34 35 36 37 38 39 40 41 42 43 44 45 46 47 48 49 50 51 52 53 54 55 56 57 58 59 60 61 62 63 64 65 66 67 68 69 70 71 72 73 74 75 76 77 78 79 80 81 82 83 84 85 86 87 88 89 90 91 92 93 94 95 96 97 98 99 100
naps 27 51 58 68
nape 12 14 18 28 37 39 40 42 55 65 77 78 82
napi 53
naro 53
nary 70
nare 53 84
nard 12 55
nark 50
nata 49 92
nate 78
nati 28
nato 49 53
nast 39
nash 16 91
navy 9 10 12 15 19 28 31 34 40 46 48 49 55 56 65 71 78 79 81 83
naut 53
nauy 53
naue 53
naui 53
nauj 53
nazo 53
naze 10 20 48
nays 92
nn’s 39
ncyo 63
no’m 69
nded 98
nden 51 63
ndig 63
neap 55
neat 2 3 5 6 10 11 12 13 14 16 18 19 21 22 27 28 31 33 34 38 39 40 41 42 44 48 49 51 54 55 56 61 67 68 69 70 71 72 73 74 76 77 78 79 81 82 84 90 94 99
neas 28 65 77 82 91
near 1 3 4 5 6 7 8 9 10 11 12 13 14 15 16 17 18 19 20 21 22 23 24 25 26 27 28 29 30 31 32 33 34 35 36 37 38 39 40 41 42 43 44 46 47 48 49 50 51 52 53 54 55 56 57 58 59 60 61 62 63 64 65 66 67 68 69 70 71 72 73 74 76 77 78 79 80 81 82 83 84 85 86 88 89 90 91 92 93 94 95 97 98 99 100
nece 53
neck 1 3 4 5 6 8 9 10 12 13 14 17 18 19 20 21 22 23 24 25 26 27 28 30 31 32 33 34 35 36 37 38 39 40 41 42 43 44 46 47 48 49 50 51 52 53 55 56 57 58 59 60 61 65 66 67 68 69 70 71 72 73 74 76 77 78 79 80 81 82 84 85 88 89 90 92 93 94 95 97 98 99 100
nebo 55
neer 45
need 1 2 3 4 5 6 7 8 9 10 11 12 13 14 15 16 17 18 19 20 21 22 23 24 25 26 27 28 29 30 31 32 33 34 35 36 37 38 39 40 41 42 43 44 45 46 47 48 49 50 51 52 53 54 55 56 57 58 59 60 61 63 64 65 66 67 68 69 70 71 72 73 74 75 76 77 78 79 80 81 82 83 84 85 86 87 88 89 90 91 92 93 94 95 96 97 98 99 100
nehe 53
nega 49
negi 53
nego 53
neis 65
neid 65 82
nein 63
nele 53
nell 7 32 50 51 55 70 72
neli 53
nela 53
neni 66
neno 53
nemi 53
nemo 12 49 55 78 84
neon 65 86
nero 9 10 12 23 45 49 53 77 78 79 82 97
ners 46
neri 7 12
nets 12 14 26 40 43 49 52 53 55 71 74 77 78 79 88 90 94
netz 63
ness 20 60 66 70 92
nesv 39
nest 3 5 6 10 12 13 14 17 20 21 22 24 26 28 30 33 34 35 37 38 39 40 42 44 46 48 49 50 51 53 55 56 57 61 64 65 66 67 70 71 72 76 78 79 80 81 86 88 89 91 94 97 100
nesk 39
nesh 5 9
neva 28 37 41
nevi 49
neue 53 63
neuf 12 49 76 79
next 1 3 4 5 6 7 8 9 10 11 12 13 14 15 16 17 18 19 20 21 22 23 26 27 28 29 30 31 32 33 34 35 36 37 38 39 40 41 42 43 44 45 46 47 48 49 50 51 52 53 54 55 56 57 58 59 60 61 62 63 65 66 67 68 69 70 71 72 73 74 75 76 77 78 79 80 81 82 83 84 85 86 87 88 89 90 91 92 93 94 95 97 98 99 100
news 1 4 5 6 7 10 11 12 13 14 15 16 17 18 19 20 21 22 23 27 28 29 30 31 33 34 35 36 37 38 39 40 41 42 43 44 45 46 48 49 50 51 53 54 55 56 57 58 59 60 61 62 65 66 67 68 69 70 71 72 73 74 75 76 77 78 79 80 81 82 83 86 90 93 94 95 98 99 100
newr 70
newe 53
nezh 39
ngca 53
ngen 63
ngig 63
ngle 79
ngte 63
ngus 55
nick 6 12 13 14 18 28 37 40 41 46 49 55 56 61 67 72 79 86 91 93 94 96
nich 39
nice 1 3 4 5 6 10 11 12 13 14 15 16 17 18 19 21 23 25 26 27 29 30 33 34 35 36 37 38 39 40 41 42 44 46 48 49 50 51 55 56 57 58 59 60 61 62 65 66 67 68 69 70 71 72 73 75 76 77 78 79 80 81 84 92 93 94 97 99 100
nibs 17 55
niel 33 75
nier 12
nigh 4 5 6 9 10 14 17 20 21 23 24 26 27 28 32 34 38 40 45 46 47 48 49 50 51 55 57 60 65 66 68 70 71 72 75 76 77 78 79 81 83 85 88 89 92 94
nile 3 12 14 23 28 40 49 55 65 73 77 78 94 100
nill 9 40 84 88
nili 49
nine 1 2 3 4 5 6 8 9 10 11 12 13 14 16 17 18 19 20 21 22 23 26 27 28 29 30 31 32 34 36 37 38 39 40 41 42 43 44 45 46 47 48 49 51 52 53 54 55 56 60 61 65 66 67 68 69 70 71 72 73 74 75 76 77 78 79 80 81 82 83 84 85 88 89 90 91 93 94 96 97 98 99
nini 12
nina 39 41
nime 20
nimo 53
nilt 9
nils 36
nips 6
nipa 53
nits 91
nite 91
nisi 12 49 55 89 97 98
nist 9 55
nise 91
nix. 12
nive 49
niun 62
nius 65
nity 48
nixt 78
nnen 63
nnte 63
noah 6 15 27 32 40 45 55 68 72 78 79 88 94 97
noan 10 72
noce 53
noch 55 63
nock 91
nobs 68
noel 81
nods 11 13 16 19 22 36 39 40 42 49 55 56 65 68 70 71 78 94
node 91
nodo 53
nois 39
noir 12 55
noia 49
nola 49
nold 9
noli 49 92
noks 91
nona 77
none 1 3 4 5 6 7 8 9 10 11 12 13 14 15 16 17 18 19 20 21 22 23 26 27 28 29 30 31 32 33 34 35 36 37 38 39 40 41 42 43 44 45 46 47 48 49 50 51 52 53 54 55 56 57 58 60 61 63 64 65 66 67 68 69 70 71 72 73 74 75 76 77 78 79 80 81 82 83 84 85 88 89 90 91 92 93 94 95 97 98 99 100
nomy 53
nome 53
nomi 53
nolo 49 80
nope 67
noon 4 6 9 10 11 12 13 14 17 18 19 22 23 26 27 28 29 31 32 33 34 35 38 39 40 42 44 45 46 47 48 49 51 53 54 55 56 57 60 61 62 64 65 66 67 68 69 70 71 72 73 74 76 77 78 79 81 83 84 85 88 90 93 94 99 100
noou 65
noor 55
nook 4 10 12 14 27 28 34 39 55 66 68 69 71 72 74 76 77 78 79 84 85 90 92 94 95
nono 55 66
nons 12
nora 36 49
nore 14 55 81
not. 12 21 38 71 80
note 1 3 4 6 7 9 10 11 12 13 14 16 17 18 19 20 21 22 23 26 27 28 29 30 31 32 33 34 36 37 38 39 40 41 42 43 44 45 46 47 48 49 50 51 52 53 54 55 56 57 60 63 64 65 66 67 68 69 71 72 73 75 76 77 78 79 80 81 82 83 84 87 88 90 91 92 94 95 97 98 100
noti 49 53
noth 70
noto 49
nosy 77
nota 46 49
nose 3 5 6 7 9 10 11 12 13 14 17 18 20 21 22 23 26 27 28 30 31 32 33 34 37 38 39 40 41 42 43 44 45 46 47 48 49 50 52 53 54 55 56 57 58 60 61 62 65 66 67 68 69 70 71 72 73 76 77 78 79 80 81 82 84 85 92 93 94 99 100
novi 12 49
novo 27 49
novs 39
nouw 91
nova 10 21 39 49 53 55 56 81 85
nouf 91
noue 49 53 91
noun 20 40 47 55 62 67 71 76 78
now. 16 21 31 38 40 71 72 100
nous 10 12 21 39 44 49 53 55 83 91
nots 5 47 71
noua 53
nown 45
nowt 5 14 46 55 71 72
nows 6
nowe 53
noys 91
noya 53
noye 85
nsky 39
nski 39
ntia 53
ntov 39
nube 49
nubi 53
nues 49
nuee 40
nudo 49 53
nuda 49
nude 12 53 55 66
nudi 53
nuff 4 13 27 69 70
nuit 12 18 44
nunc 12 45 49 55 84 98
numa 45 49 65 74 90
numb 4 13 18 27 28 30 35 37 39 41 43 45 49 59 83 84
null 12 45 49 63 79 83 88 89 94
nuno 53 77
nuns 9 12 39 42 44 55 77 94
nuss 70 78
nut. 38
nutt 100
nuts 6 10 14 17 23 24 26 27 28 31 33 37 38 39 40 41 42 46 48 49 52 55 56 57 61 65 66 69 70 71 74 77 78 79 81 82 86 88 90 93 94 97 98 99 100
nutu 98
nuza 53
nych 39
nyha 73
nysa 65
