n’avait 12
nimble. 38
necktie 13 21 23 31 42 55 62 66 69
nimbler 65 77
norland 19
neuheit 63
nurse’s 12 17 18 24 39 49 55 65 67 71 73 79
newport 32 42 83
nobodys 78
nobodyd 55
notting 13 43
necklet 12
nancy’s 4 68
negavit 49
n’avons 10
nursery 1 5 10 12 16 17 21 25 26 27 29 33 38 39 40 43 47 48 49 55 65 66 71 72 73 80 88 94 96
neminem 49 92
nnuhnoh 73
nursing 2 3 4 10 11 12 14 19 20 27 30 31 33 34 35 37 39 40 41 42 46 49 50 51 53 55 57 60 65 66 68 71 72 78 79 80 94 97
nemiche 53
newgate 14 68 73 76 78 91
nuzzled 57
negamus 98
newpage 62 63
nortier 79
norther 72
navarra 53
navarre 12 23 45 49 60 70 77
navarro 53
negativ 63
narbona 53
neckett 78
natasha 41
napkins 12 23 27 39 40 42 55 94
novatur 49
nineveh 12 40
nauntes 9
ninnies 12
neatest 10 27 28 65 78 82
ninepin 78
nettuno 79
noman’s 22
noisome 32 39 48 68 73 74 76 78 90
natur’d 71
nereids 12 65
ninguno 53
ninguna 53
numeral 79
numerus 49 77
nievole 7
nordics 67
noisier 19 28
noisily 5 12 14 23 27 31 37 39 41 42 48 50 51 55 68 72 76 78 79 86 93
normans 3 97
natchez 27
neithah 39
neither 1 2 3 4 5 6 7 8 9 10 11 12 13 14 15 16 17 18 19 20 21 22 23 26 27 28 29 30 31 32 33 34 35 36 37 38 39 40 41 42 43 44 45 46 47 48 49 50 51 53 54 55 56 57 58 60 61 63 64 65 66 67 68 69 70 71 72 73 74 75 76 77 78 79 80 81 82 83 84 85 87 88 89 90 91 92 93 94 95 97 98 99 100
nominal 14 16 19 21 27 28 40 41 51 56 80 81 89
nominis 55
nominee 13
neave’s 55
neadels 91
naiad’s 10 65
noffing 13
naughts 28
naughty 5 10 12 14 17 18 26 27 29 36 37 38 39 41 42 44 50 55 56 66 68 71 72 77 78 79 85 94
nagaina 33
neaulan 55
nahenry 12
nuggets 30 55
nervous 1 3 4 5 6 10 11 12 13 14 16 18 19 21 22 23 25 27 28 29 30 34 36 37 39 40 41 42 43 44 46 48 49 50 51 54 55 56 57 58 65 67 68 71 72 74 75 76 77 78 79 80 84 85 90 92 93 94
nenneko 66
notches 30 37 40 49 55 59 60 79
notched 12 28 37 40 78
niemand 63
nogales 77
nerving 80
nought. 80
noabody 78
nepotis 49
nepotes 49
nicolao 53 77
nicolas 12 49 53 67 79
nibbles 55
nibbled 3 12 24 26 28 38 39 44 49 55 56 57 66 69
numquam 49
numquid 49
nagle’s 55
needle. 38
needles 1 6 10 12 14 27 28 34 36 38 39 40 42 48 53 55 57 60 61 66 69 70 71 72 73 77 84 94
needler 94
ngerman 63
network 1 2 3 4 5 6 7 8 9 10 11 12 13 14 15 16 17 18 19 20 21 22 23 24 25 26 27 28 29 30 31 32 33 34 35 36 37 38 39 40 41 42 43 44 45 46 47 48 49 50 51 52 53 54 55 56 57 58 59 60 61 63 64 65 66 67 68 69 70 71 72 73 74 75 76 77 78 79 80 81 82 83 84 85 86 87 88 89 90 91 92 93 94 95 96 97 98 99 100
nixon’s 44
nepomuc 55
numidae 49
needn’t 3 4 5 6 14 18 27 29 33 34 36 37 39 41 42 50 54 55 56 59 61 66 67 68 69 71 72 77
niger’s 40 49
naistre 49
needing 14 32 39 40 41 49 71 76 77 78 84 86 88 89 92 94 97
needham 12
nipples 44 55 73
needful 10 13 15 26 32 37 38 39 40 46 49 51 55 60 65 66 68 71 72 76 77 78 79 80 81 85 88 89 94 97
needest 20 85
needeth 9 20 26 45 88
nowhere 1 3 4 5 6 8 9 10 11 12 13 14 16 18 20 26 27 28 29 30 31 32 33 35 37 38 39 40 41 42 43 44 49 50 51 54 55 56 57 58 60 65 67 68 69 70 71 72 76 77 78 79 80 82 84 85 87 88 89 92 93 94 95 100
neuilly 12
nardier 12
neglect 1 4 6 7 10 11 12 15 16 18 19 22 25 27 28 32 34 36 37 39 40 41 44 45 46 49 51 54 55 56 63 64 65 68 71 72 73 74 75 76 77 78 79 80 81 83 84 85 88 90 91 92 94 95 97
nipping 18 28 33 44 47 49 55 78
nyssa’s 65
narvaez 77
nicetas 49
nippers 1 40 44
natural 1 3 4 5 6 7 9 10 11 12 13 14 15 16 17 18 19 20 21 22 23 26 27 28 29 31 32 33 34 35 37 38 39 40 41 42 43 44 45 46 47 48 49 50 51 53 54 55 56 57 59 60 61 63 65 66 67 68 69 70 71 72 73 74 75 76 77 78 79 80 81 82 83 84 85 86 88 89 90 92 93 94 95 96 97 98 100
naturam 49 92 97
naturae 49
nature. 21 71 80
natured 1 3 5 10 11 12 13 14 16 19 21 22 23 26 27 29 30 37 39 40 41 43 49 50 51 55 56 58 61 65 66 70 71 72 73 75 76 77 78 79 82 83 84 92 93 94
natures 4 6 7 10 12 23 27 28 36 39 40 41 44 45 46 49 54 55 67 68 69 71 73 74 77 78 79 80 83 88 89 90 92
nomadic 30 48 92
nubendi 49
nanowne 9
noronha 60
nangcas 53
nulline 97
norfolk 4 19 44 46 71 93
nuptial 12 40 49 55 65 74 77 79 85 90
nullify 55
nullius 49
nullity 49
nuptiis 49
novetur 55
nocebit 49
nobites 28
nesting 12 14 58 63 71
noverit 49
nailest 40
newsman 13
nasally 55
nestles 13
nestled 4 10 12 16 18 33 37 38 44 51 55 71 76 78 94
nuptual 79
nailing 12 18 26 40 41 70 100
novelty 5 10 11 12 14 16 17 19 23 27 28 39 41 44 45 47 48 49 54 55 56 63 65 68 69 71 72 74 76 77 78 79 80 81 83 84 85 88 89 90 92 94
novelas 77
nassaus 12
nobilis 98
necesse 49
narwhal 30
nombril 70
nombre. 84
norwood 71
nasions 91
novel’s 23
nutting 28 33 94
nurture 9 14 49 55 65 71 72 80 85
newsboy 48 51 55
niagara 12 13 34 40 55 66 69 73 83 84 85 89
nourish 4 9 12 26 28 39 45 49 55 60 65 72 78 80 82 85 88 92 94 97
novna’s 39
norwich 71
noguchi 66
navvies 48 55
nitrous 12
newlaid 55
noscere 49
nititur 49
numbers 1 4 5 6 7 8 10 12 13 14 15 16 17 20 21 22 26 28 33 34 37 38 39 40 41 42 44 45 46 47 49 51 53 54 55 60 63 64 65 66 67 68 69 71 73 76 77 78 79 80 81 82 83 85 86 88 89 91 92 93 95 97 99
natorum 49
nastier 17 68
noscant 49
numbing 35 65
nostros 49
nostrum 46 49 55 80 92
nixie’s 55
nostrae 49 55
nostram 49
nostria 55
nostril 10 14 40 41 42 46 49 55 67 72 73 76 84
nostris 49 98
nostras 12 49 98
nor’ard 6
nargaud 12
nichols 44 55 65 70
naustes 65
nitimur 92
napping 28 34 40 47 55 58 80
nstigen 63
numbred 45
nitrate 12 21
nostils 91
nostitz 39
naively 26 34 44 92
naivete 77 92
naivest 34
nitidis 49
nitidum 49
newbury 91 99
nosters 53
nikolay 37 41
nefasti 49
nitzsch 65
not’ing 40
nuances 92
natoire 12
nussery 70
niggard 10 20 26 49 55 77 98
nefanda 49
nephews 7 9 11 14 16 37 39 42 49 53 55 56 60 68 72 78 79 94
nephew. 71
navette 53
niggers 4 27 31 32 51 55 68 69 70
nequeas 49
nequeat 49
nikodim 37
neutral 7 12 18 21 27 28 39 40 43 46 76 79 80 84 85 95
nocendi 49
nonplus 49
nescius 49
nescire 49
newborn 12 13 30 41 51 55 94
neagh’s 55
nesciam 49
nesciat 49
nemmine 70
nudging 5 37 39 40 41 55 68 71 78
neritus 22 65
neritum 22
neritos 65
nemoito 65
nunnery 9 10 37 39 41 70 83 94
nevil’s 55
neighed 39 73 81
nothing 1 2 3 4 5 6 7 8 9 10 11 12 13 14 15 16 17 18 19 20 21 22 23 25 26 27 28 29 30 31 32 33 34 35 36 37 38 39 40 41 42 43 44 45 46 47 48 49 50 51 52 53 54 55 56 57 58 59 60 61 63 65 66 67 68 69 70 71 72 73 74 75 76 77 78 79 80 81 82 83 84 85 86 87 88 89 90 91 92 93 94 95 96 97 98 99 100
nothink 14 46 68 78
nolan’s 55
neigh’d 65
nucleus 21 27 55 57 73 85
nakedly 28
nascose 49
nusquam 49 98
niarros 77
newmake 55
nightly 1 9 14 17 20 26 28 33 40 43 44 46 51 52 53 54 55 57 65 68 69 74 76 78 79 80 83 84 90
nutmegs 27 53
nighted 9
ninthly 12 45
nascent 55
nabbing 12
nericum 22
nebulae 55
nebular 48
night’s 6 10 13 14 16 17 19 21 22 23 27 28 30 33 34 35 37 38 39 40 41 42 43 44 47 49 55 60 65 68 69 71 74 76 77 79 84
nebulle 53
noodler 17
noodles 14 17 41 55 78
nebukim 55
nesmond 49
newlist 63
newcomb 47
nighest 26 27
nicians 28
nauteus 22
nemesis 47 77 80
negotia 49
negotii 49
negotio 49
nobbs’s 14
nhearde 20
nummern 63
nosejam 55
notions 4 6 7 10 11 12 14 16 19 26 27 28 31 32 35 37 39 40 41 42 45 49 50 51 55 60 65 67 68 69 72 73 77 78 79 80 81 84 88 89 92 94 95 96 97
novices 12 35 37 41 49 55 69 79
nachdem 63
newness 19 39 44 55 66 85 95
nagging 18 30 33 41 50 56 77
nentres 9
nosegay 12 38 40 49 66 68 71 78 94 100
nasmyth 10
nevaire 30
narrate 10 12 13 14 17 20 26 27 32 34 42 53 66 71 79 80
narrare 49
naumann 26 55
nosebag 55
nouveau 41 51
nunquam 49
noticed 3 4 5 7 10 11 12 13 14 16 17 18 19 20 21 22 23 25 27 28 29 31 33 34 35 36 37 38 39 40 41 42 43 44 46 47 48 50 51 54 55 56 57 58 59 61 65 66 67 68 69 70 71 72 76 77 78 79 80 82 83 84 85 89 92 93 94 95
notices 12 13 14 21 22 23 27 34 39 42 51 53 55 56 60 69 78 86 88 92 94 100
notice. 21 71
nearer. 44
nicaria 82
neranzi 53
nonamdi 12
nameref 63
neranci 53
names22 65
naudain 83
nooning 69
nearing 5 12 14 20 21 22 27 39 40 42 46 55 61 69
neezing 71
nat’ral 6 71 76
nixatur 49
nicanor 49
nearest 1 2 4 5 6 10 11 12 13 14 15 16 17 19 20 21 22 26 27 28 29 31 32 33 34 37 39 40 41 42 43 44 45 46 47 48 49 50 53 54 55 56 57 59 65 67 68 69 70 71 72 73 76 77 78 79 80 81 83 84 85 92 94 95 97 99
naribus 49
nolasco 55
nicaise 12
nat’lly 27
noonday 6 12 20 24 26 29 39 51 55 69 77 79 84 85 94
nothung 55
nasutus 49
nemorin 12
nunries 98
neville 21
newmown 55
noblest 9 11 15 20 21 22 23 26 27 28 30 32 39 40 41 46 49 55 65 69 73 74 75 77 79 80 84 89 90 92
nefesch 55
niece’s 1 11 16 71
natalya 37
netting 10 11 12 71
negroes 4 6 12 13 15 18 21 23 27 32 39 40 51 52 53 55 60 65 66 67 81 82 89
natalie 39
natalis 49
negroid 55
novalia 49
norbert 63
nirvana 35
niebuhr 80
nettles 12 14 19 41 47 48 49 55 60 68 71 94
nglinge 63
nettled 6 10 11 17 42 49 51 55 68 71 73 76 78 83 94
negrito 53
naranzi 53
naranci 53
nimrods 45
naranio 53
nankeen 12 39 55 68 71 78 79
noxious 10 12 31 37 39 41 45 65 73 77 80 89 97
nimirum 49
ngliche 55
notaire 12
novitas 7
negress 6 13 14 27 55 66
nouembr 53
natives 5 6 7 13 15 27 28 31 33 40 49 53 55 57 60 65 69 71 73 76 77 78 79 81 84 86
negro’s 40 51 55
noddles 12
neptune 12 16 22 28 45 49 65 68 77 81 83 88
notably 12 21 49 51 53 55 69 80 86 95
nodding 1 5 6 13 14 16 18 19 21 22 23 27 30 33 37 39 41 42 46 47 50 51 52 55 56 59 61 65 66 67 68 69 70 71 72 76 78 79 80 85 94
notable 6 7 12 20 21 28 45 49 50 51 52 53 54 56 57 68 69 71 72 76 77 78 79 82 83
nickers 20
nutgall 55
nickels 13
noddies 77
neerest 45
novimus 49
narrows 6 53
nisyrus 65
noserag 55
naigeon 12 49
noddeth 45
neasden 48
nelly’s 72
nouebry 91
nonstop 55
nudaque 49
nations 2 4 6 7 10 12 13 15 20 22 23 27 28 34 35 39 40 41 42 45 46 47 48 49 51 53 55 60 65 69 73 74 77 79 80 81 82 83 85 86 88 89 90 92 94 96 97 98
