ob 4 40 49 53 63 94
od 12 20 22 39 49 65 67 68
of 1 2 3 4 5 6 7 8 9 10 11 12 13 14 15 16 17 18 19 20 21 22 23 24 25 26 27 28 29 30 31 32 33 34 35 36 37 38 39 40 41 42 43 44 45 46 47 48 49 50 51 52 53 54 55 56 57 58 59 60 61 62 63 64 65 66 67 68 69 70 71 72 73 74 75 76 77 78 79 80 81 82 83 84 85 86 87 88 89 90 91 92 93 94 95 96 97 98 99 100
og 12 20 55
oh 1 3 4 5 6 9 10 11 12 13 14 16 17 18 19 20 21 22 23 25 26 27 28 29 30 31 33 34 35 36 37 38 39 40 41 42 43 44 45 46 47 48 49 50 51 52 53 56 57 58 59 60 61 65 66 67 68 69 70 71 72 74 75 76 77 78 79 80 81 82 83 84 88 90 91 92 93 94 98 99 100
oi 53 65
ok 39 62
ol 20 53 77
om 35 39 53
on 1 2 3 4 5 6 7 8 9 10 11 12 13 14 15 16 17 18 19 20 21 22 23 24 25 26 27 28 29 30 31 32 33 34 35 36 37 38 39 40 41 42 43 44 45 46 47 48 49 50 51 52 53 54 55 56 57 58 59 60 61 62 63 64 65 66 67 68 69 70 71 72 73 74 75 76 77 78 79 80 81 82 83 84 85 86 87 88 89 90 91 92 93 94 95 96 97 98 99 100
oo 17 39 41 50 55 65
op 20 39 49 53 62 63
or 1 2 3 4 5 6 7 8 9 10 11 12 13 14 15 16 17 18 19 20 21 22 23 24 25 26 27 28 29 30 31 32 33 34 35 36 37 38 39 40 41 42 43 44 45 46 47 48 49 50 51 52 53 54 55 56 57 58 59 60 61 62 63 64 65 66 67 68 69 70 71 72 73 74 75 76 77 78 79 80 81 82 83 84 85 86 87 88 89 90 91 92 93 94 95 96 97 98 99 100
os 14 40 49 53 65 77 91
ot 12 91
ou 10 12 27 39 42 49 55 65
ow 20 33 46 50 55 69 83 94
ox 6 7 10 12 14 16 18 22 26 28 32 35 40 41 48 49 51 53 55 60 64 65 66 70 73 76 77 79 83 85 91 100
oy 49 53
oz 53 55 61
