o’s 29 53 77
o.p 55
oak 1 5 6 9 10 12 15 18 21 22 23 24 26 28 29 32 34 38 39 40 41 43 46 49 51 54 55 60 61 64 65 67 68 69 70 71 72 73 74 77 78 79 80 84 85 90 92 94 97 100
oal 53
oan 53
oar 6 14 18 22 28 35 40 49 55 56 60 65 68 69 70 71 73 74 77 79 81 82 84 90 94
oat 5 10 72 73
obh 49
obj 20
obi 51
obr 12
oca 53
och 37 39 41
oct 4 21 43 60 63 66 83
odd 1 3 5 6 10 11 12 13 14 16 17 18 19 21 23 27 28 29 30 31 33 34 36 37 38 39 40 41 42 44 46 47 48 49 51 52 54 55 56 57 60 61 62 63 65 66 67 68 69 70 71 72 73 76 77 78 79 80 81 82 83 84 85 94 95 97
ode 14 28 49 70 80 94
odi 49
of. 11 38 71 76 77
ods 77 91
odz 55
oer 55
ofc 49
off 1 2 3 4 5 6 7 8 9 10 11 12 13 14 15 16 17 18 19 20 21 22 23 24 25 26 27 28 29 30 31 32 33 34 35 36 37 38 39 40 41 42 43 44 45 46 47 48 49 50 51 52 53 54 55 56 57 58 59 60 61 62 63 64 65 66 67 68 69 70 71 72 73 74 75 76 77 78 79 80 81 82 83 84 85 86 88 89 90 91 92 93 94 95 96 97 98 99 100
oft 9 20 26 27 39 40 45 49 55 56 63 65 77 79 80 81 88 92 94 98
ofu 53
oge 93
ogi 53
ohe 33
oho 6 33 36 37 38 39 41 51 55 66 68 70 71 72 98
ohs 56 77 94
oil 9 10 12 13 17 21 22 23 25 27 28 32 33 35 37 39 40 41 42 44 46 47 48 49 50 51 53 55 57 61 64 65 66 67 71 72 76 77 78 79 81 82 84 85 86 88 93 94 97
ois 12 30 42 53 65 82
oji 66
oks 55
oku 66
ola 53
old 1 2 3 4 5 6 7 8 9 10 11 12 13 14 15 16 17 18 19 20 21 22 23 24 25 26 27 28 29 30 31 32 33 34 35 36 37 38 39 40 41 42 43 44 45 46 47 48 49 50 51 52 53 54 55 56 57 58 59 60 61 62 63 64 65 66 67 68 69 70 71 72 73 74 75 76 77 78 79 80 81 82 83 84 85 86 87 88 89 90 91 92 93 94 95 96 97 98 99 100
olf 63
ole 4 13 20 27 46 49 51 53 55 69 70 78 91
olh 63
oli 53
on. 31 38 71 79 100
oll 66
olm 39
olo 53
oly 40 52
ome 34 46 48 55
oml 63
oms 63
omx 63
ona 13 20 24 77
ond 20
onc 49
onf 20
one 1 2 3 4 5 6 7 8 9 10 11 12 13 14 15 16 17 18 19 20 21 22 23 24 25 26 27 28 29 30 31 32 33 34 35 36 37 38 39 40 41 42 43 44 45 46 47 48 49 50 51 52 53 54 55 56 57 58 59 60 61 62 63 64 65 66 67 68 69 70 71 72 73 74 75 76 77 78 79 80 81 82 83 84 85 86 87 88 89 90 91 92 93 94 95 96 97 98 99 100
oni 53 66
ono 53
ont 12 23 39
ons 34 44 79
ony 10 72 78 91
ooa 50
ood 14
oof 55
ooh 39 50
ook 46 55
oom 55
ooo 55
oon 27
oop 3
oot 46 55
opa 53
ope 14 70 92
opp 65 83 98
opt 49
ops 22
opy 94
orb 4 10 26 28 39 49 55 65 74 77 78 80 84 85 90 98
ora 49 53 55 77 80
ord 39 49 68
orf 12 46 50 63
ore 10 26 28 41 49 53 55 65 85 87 97
orh 63
orl 39 79
ork 40
oro 20 53
ot1 63
ort 63 91
oss 86
ota 53
oth 55
oti 53
oto 53
otr 39
oue 53
oud 53
ouf 12
oui 10 18 39 53 55 94
ouh 39
ouo 53
ous 49
our 1 2 3 4 5 6 7 8 9 10 11 12 13 14 15 16 17 18 19 20 21 22 23 24 25 26 27 28 29 30 31 32 33 34 35 36 37 38 39 40 41 42 43 44 45 46 47 48 49 50 51 52 53 54 55 56 57 58 59 60 61 62 63 64 65 66 67 68 69 70 71 72 73 74 75 76 77 78 79 80 81 82 83 84 85 86 87 88 89 90 91 92 93 94 95 96 97 98 99 100
out 1 2 3 4 5 6 7 8 9 10 11 12 13 14 15 16 17 18 19 20 21 22 23 24 25 26 27 28 29 30 31 32 33 34 35 36 37 38 39 40 41 42 43 44 45 46 47 48 49 50 51 52 53 54 55 56 57 58 59 60 61 62 63 64 65 66 67 68 69 70 71 72 73 74 75 76 77 78 79 80 81 82 83 84 85 86 87 88 89 90 91 92 93 94 95 96 97 98 99 100
ova 28
ove 65
ovo 39 49
owe 6 7 8 9 10 11 12 13 14 16 19 21 22 23 26 27 32 33 36 37 38 39 40 41 42 43 44 45 46 49 50 51 55 60 63 65 67 68 71 72 73 74 77 78 79 80 83 88 89 90 92 94 97
owd 10 72
owl 3 12 13 18 26 28 32 33 34 35 37 38 46 47 52 55 57 64 67 69 70 71 76 78 79 84
own 1 2 3 4 5 6 7 8 9 10 11 12 13 14 15 16 17 18 19 20 21 22 23 24 25 26 27 28 29 30 31 32 33 34 35 36 37 38 39 40 41 42 43 44 45 46 47 48 49 50 51 52 53 54 55 56 57 58 59 60 61 62 63 64 65 66 67 68 69 70 71 72 73 74 75 76 77 78 79 80 81 82 83 84 85 86 87 88 89 90 91 92 93 94 95 96 97 98 99 100
owt 53 71 72
oxe 91 98
oxy 55
oya 66
oye 81
