off. 12 22 31 37 38 41 71
offe 6 78
offa 20
ofer 53
ofra 20
ogma 53
ogle 12 41 55 81
ogny 53
ogni 49 53
ogre 10 12 14 22 71 74 76 78 79 90 93 94 100
ohio 13 27 28 34 40 51 53 55 67 70 79
ohon 53
ohne 63
ohoy 53
oily 12 13 21 23 31 35 39 40 41 42 44 47 48 55 56 58 66 71 78 84 86 93 94
oils 12 23 31 40 49 55 65 73
oile 91
oise 12 49 79
ojos 12 77
okay 62 63 94
old. 24 71
olaf 55
olam 53
olds 33
oldo 53
olga 39 41
oleo 53
olet 49
olia 65
olic 65
olim 49 98
olio 53
olit 28
olle 53
olla 27 53 77 79
olol 53
olum 53
olui 53
olus 49 79 84
omai 49
omar 23 51 55 66
ox’s 22 42 77
omen 4 11 17 22 23 26 35 37 40 49 51 53 65 66 72 74 77 78 79 90 94
omer 49 71
omit 2 7 10 11 12 14 15 16 26 27 28 34 37 39 40 41 44 45 49 53 60 65 66 71 72 73 74 75 77 78 79 80 83 86 88 90 92 94 97
omne 21 46 49 55
omni 49 97
omou 65
onau 53
onan 55
onde 53
onda 53
once 1 3 4 5 6 7 8 9 10 11 12 13 14 15 16 17 18 19 20 21 22 23 24 25 26 27 28 29 30 31 32 33 34 35 36 37 38 39 40 41 42 43 44 45 46 47 48 49 50 51 52 53 54 55 56 57 58 59 60 61 63 64 65 66 67 68 69 70 71 72 73 74 75 76 77 78 79 80 81 82 83 84 85 86 87 88 89 90 91 92 93 94 95 96 97 98 99 100
one. 19 22 26 37 38 41 49 56 71
ones 1 3 4 5 6 7 8 10 11 12 13 14 15 16 17 18 19 20 21 22 23 24 25 26 27 28 29 30 32 33 34 35 36 37 38 39 40 41 42 43 44 45 46 47 48 49 50 51 52 53 55 56 57 58 59 60 61 63 65 66 67 68 69 70 71 72 73 74 76 77 78 79 80 81 82 83 84 85 86 88 89 90 91 92 93 94 95 96 97
only 1 2 3 4 5 6 7 8 9 10 11 12 13 14 15 16 17 18 19 20 21 22 23 24 25 26 27 28 29 30 31 32 33 34 35 36 37 38 39 40 41 42 43 44 45 46 47 48 49 50 51 52 53 54 55 56 57 58 59 60 61 63 64 65 66 67 68 69 70 71 72 73 74 75 76 77 78 79 80 81 82 83 84 85 86 87 88 89 90 91 92 93 94 95 96 97 98 99 100
onle 91
onom 53 65
onno 53
onne 20 53
onna 53
onus 10 49 55
onts 63
onto 8 21 39 43 44 48 53 57 59 69 70 78 79 86 94
onst 72
onyx 23
onya 39
oogh 41
oomb 55
oooh 39
oone 53
oonk 28
ooos 55
oooo 50
ooty 50
oost 53
oozy 27 33 40 60 84
ooze 12 14 17 27 39 42 55 71 73 78
opal 21 23 40 41 55 67 79
oped 32 46 65
opes 49 65
open 1 3 4 5 6 7 8 9 10 11 12 13 14 15 16 17 18 19 20 21 22 23 25 26 27 28 29 30 31 32 33 34 35 36 37 38 39 40 41 42 43 44 45 46 47 48 49 50 51 52 53 54 55 56 57 58 59 60 61 62 64 65 66 67 68 69 70 71 72 73 74 75 76 77 78 79 80 81 82 83 84 85 86 87 88 89 90 91 92 93 94 95 96 97 98 99 100
opin 77
opra 53 65
opus 26 49 65 98
orbs 31 40 44 46 65 74 84 88 90
orbe 49
orbi 12
oras 12 49
orat 49 65
oran 77 79
oral 10 38 55 65 79 85
oram 49
ordo 49 77
orci 49
oret 49
orie 37
orgy 12 17 41 44 55 92
orgi 53
orgo 53 70
oris 49
orin 57
orme 12 45 83
orse 71
orsh 39
orsi 22
orue 53
orts 55
orte 53
orth 78
orta 49 53
orus 65
osir 80
ossa 12 22 49 77
ostr 39
otia 49 55
otho 12 49 79 82
otii 49
otis 49
otin 53
otio 49
otos 12
otre 53
otto 53 55 66 70
otus 22 65
ouch 33 69 70
ouer 98
ouen 12
ough 31 41
ouls 91
ould 68 91
ouns 55
ouse 14 46 68 71 78
ours 1 3 4 6 8 9 10 11 12 13 14 15 16 17 18 19 21 22 23 27 28 29 31 32 33 34 36 37 39 40 41 44 45 46 47 48 49 50 53 54 55 56 60 65 68 69 70 71 72 73 74 75 76 77 78 79 80 81 82 83 88 89 90 92 94 99
out. 3 31 38 41 71 77 79
ourn 70
oura 53
outr 16 21 34 43 84
outs 6 13 14 37 40 55 77
outa 30 67
outh 53
oust 22 28 40 48
oval 10 12 23 37 39 40 41 42 44 48 55 56 65 71 78 79 84 95
over 1 3 4 5 6 7 8 9 10 11 12 13 14 15 16 17 18 19 20 21 22 23 24 25 26 27 28 29 30 31 32 33 34 35 36 37 38 39 40 41 42 43 44 45 46 47 48 49 50 51 52 53 54 55 56 57 58 59 60 61 62 63 64 65 66 67 68 69 70 71 72 73 74 75 76 77 78 79 80 81 82 83 84 85 86 87 88 89 90 91 92 93 94 95 96 97 98 99 100
oven 4 5 8 10 12 27 28 38 39 48 49 50 55 56 60 64 66 71 72 73 78 79 84 93 94 97
ovid 49 77 98
ower 10
owes 4 6 11 12 16 23 41 43 46 49 55 65 72 74 77 78 79 80 84 88 89 90 92 94 97
owen 12 40 55 96 97
owed 1 2 3 4 5 6 7 8 9 10 11 12 13 14 15 16 17 18 19 20 21 22 23 24 25 26 27 28 29 30 31 32 33 34 35 36 37 38 39 40 41 42 43 44 45 46 47 48 49 50 51 52 53 54 55 56 57 58 59 60 61 63 64 65 66 67 68 69 70 71 72 73 74 75 76 77 78 79 80 81 82 83 84 85 86 87 88 89 90 91 92 93 94 95 96 97 98 99 100
owel 55
owl. 71
owld 72
owls 6 10 12 18 22 26 28 33 49 70 83 92
own. 6 71 80
owny 55
owns 1 2 3 4 5 6 7 8 9 10 11 12 13 14 15 16 17 18 19 20 21 22 23 24 25 26 27 28 29 30 31 32 33 34 35 36 37 38 39 40 41 42 43 44 45 46 47 48 49 50 51 52 53 54 55 56 57 58 59 60 61 63 64 65 66 67 68 69 70 71 72 73 74 75 76 77 78 79 80 81 82 83 84 85 86 87 88 89 90 91 92 93 94 95 96 97 98 99 100
owne 45 98
owre 53
owte 53
oxen 6 12 22 28 32 33 34 38 39 40 49 51 55 65 68 73 77 78 79 80 97
oxus 84
oyez 49
oyes 91
oyle 45
o’er 10 12 24 26 27 28 33 38 39 40 49 55 56 65 72 77 80 84
oh’s 44
oahu 40
oaks 5 6 10 11 12 18 28 39 40 43 49 51 52 64 65 69 72 74 77 78 79 80 83 85 90 94
oars 4 6 12 13 14 17 22 26 27 28 29 40 46 48 49 55 56 60 65 67 69 70 71 73 74 77 79 81 82 90 94
oats 9 12 22 28 39 40 41 42 52 55 57 61 72 73 82 83 94
oath 4 6 7 9 10 12 13 14 16 17 19 20 21 22 23 27 30 32 37 39 40 41 44 45 46 49 50 51 53 55 56 57 60 65 68 69 70 71 72 73 74 76 77 78 79 80 81 82 83 84 85 89 90 97 98
obed 40
ober 39 40
obey 1 4 5 6 7 8 9 10 11 12 13 14 15 17 19 21 22 26 27 28 30 32 33 35 37 39 40 41 44 45 46 48 49 53 54 55 56 60 61 62 63 65 66 68 69 71 72 73 74 76 77 78 79 80 81 87 88 89 90 92 94 97 98
obit 12
obol 39
obsc 49
on’y 6 71
on’t 14 27 49 55 71 72
on’s 13 55
ochy 53
oche 53
ochi 53
ocha 53
octa 53
octo 53
odds 5 6 13 14 17 22 27 30 32 33 35 36 40 43 45 49 50 51 55 60 65 68 69 70 71 76 77 78 84 89 93 94 97
odde 45
odes 12 55
oder 39 40 55 63
odio 49
odit 49
odma 53
odor 8 12 13 18 25 28 39 40 52 53 56 61 66 69 79 84 86 94
odry 12
