orgest 91
otorno 53
oppose 5 7 10 11 12 13 15 16 19 20 27 29 34 35 37 39 40 41 45 46 49 51 65 66 68 72 73 76 77 79 80 81 82 83 84 88 89 92 94 96 97
orgies 12 13 21 23 35 39 40 41 44 51 69 70 76
onyxes 84
ostler 10 14 16 55 68 72 78 98
oublie 39
oenops 22 65
orphic 12 80
orphan 4 7 10 12 13 14 16 19 21 28 37 39 40 41 44 55 56 61 65 68 71 72 74 76 77 78 79 80 81 83 90 94
outcry 12 13 15 16 21 22 26 31 37 41 44 46 49 51 68 69 72 77 78 79 85 92 94 99
outdid 12 20
outdie 78
obstat 97
ostrov 37
oscars 12
outfit 12 13 14 18 23 27 30 31 37 39 40 43 44 56 66 69 70 71 75 77 78 79 84 94
orgule 9
orgues 12
outing 18 39
oxford 4 11 16 19 20 21 23 27 28 43 44 48 50 51 55 65 67 71 73 74 76 78 81 83 84 85 90
outher 9
odiosa 49
odious 4 6 7 10 11 12 13 14 16 19 26 29 31 38 40 45 49 50 54 55 65 69 71 72 73 74 77 79 84 85 89 90 92 93 98
odiong 53
ocelli 49
odry’s 79
onguie 53
object 1 2 4 5 7 10 11 12 13 14 15 16 17 18 19 20 21 22 23 26 27 28 29 32 34 35 37 39 40 41 43 44 45 46 47 48 49 50 51 52 53 54 55 56 57 59 60 63 65 66 67 68 69 70 71 72 73 74 75 76 77 78 79 80 81 82 83 84 85 86 87 88 89 90 91 92 94 95 96 98
objekt 63
oxeyed 55
ostade 71
objice 49
organs 10 12 26 27 28 39 40 44 45 48 49 50 53 55 71 73 74 76 79 80 84 85 88 90 92 94 95
organ. 71
oppius 49
ousted 46 55
onyons 45
obscur 83
oppida 49
oppian 49
o’lees 55
ostend 12 48 79
oeneus 65
observ 83
oiling 55
orfila 12
ossify 96
ossian 12 55
orodes 49
oroden 49
overdo 5 14 37 55 56 68 78 94
overly 56
ongeno 53
oceani 49
oceana 80
oceans 10 12 13 20 28 40 46 48 55 71 77
oporto 53 81
obitum 49
onghot 53
onghie 53
ossory 55
ofiare 53
olympo 65
olympi 49
ousels 72
oreqie 53
ourika 12
ogling 12 26 55 71 92
otways 16
otenba 66
oileus 65
oilean 65
obigen 63
osanna 9
orrery 80
onando 53
oxhide 22 55
oriole 28 84
otides 82
onsets 12 20 40
ovid’s 49 77
orison 12 72
oritur 28
otreus 65
otille 53
ochori 84
ochote 53
ochone 55
oracle 12 14 22 27 28 37 45 46 49 55 57 65 71 73 77 78 80 82 88 89 98
omened 22 23 34 43 65 71 76 85 88
omnino 49 97
oxygen 39 48 55 89
omnibu 49
omnium 49 55 88
often. 12
owling 46
owlish 78
olalla 77
olamte 53
onable 53
oblige 2 6 10 11 14 16 19 22 23 27 39 40 41 42 43 45 46 49 50 55 56 60 65 71 72 73 74 77 78 79 80 81 83 90 91 94 97
opinor 49
opinio 98
opined 40 41 55 56
opines 80
oriana 77
obliti 49
oblita 49
oricum 49
oricia 49
olarte 53
orient 9 12 26 40 46 53 55 65 66 77 86 87 92 98
oriels 84
origin 10 12 15 16 18 19 20 21 23 26 27 28 35 37 39 40 41 42 43 44 46 49 51 53 54 55 60 65 66 72 74 75 77 79 80 81 82 83 84 85 88 89 90 92 93 95
onagli 53
origen 49
opisso 55
oftner 45
oblong 1 3 10 12 22 28 29 40 48 55 78 79 80 95
opites 65
osmond 55
o’ered 72
oscula 49
oinopa 55
o’cook 55
oharas 55
oeolus 81
olaf’s 67
olivis 49
olive. 66
olives 19 22 28 49 55 77 79 80 94
oliver 10 15 51 53 68 81
olivar 53
others 1 2 3 4 5 6 7 8 9 10 11 12 13 14 15 16 17 18 19 20 21 22 23 24 25 26 27 28 29 30 31 32 33 34 35 36 37 38 39 40 41 42 43 44 45 46 47 48 49 50 51 52 53 54 55 56 57 58 59 60 61 63 64 65 66 67 68 69 70 71 72 73 74 75 76 77 78 79 80 81 82 83 84 85 86 87 88 89 90 91 92 93 94 95 96 97 98 99 100
other. 22 38 41 71 80
omer’s 71
opiate 10 46 71 76 78
onions 3 5 12 13 27 48 49 55 66 68 70 71 76 77 79 93
oniony 55 76
obtuse 12 37 41 42 49 50 55 77 84 95
omneis 49
omelet 18 39 94
oblate 55
outlaw 14 22 39 55 69 71 78 85
outlay 12 13 27 49 55 71 79 94
oyster 3 12 13 14 26 32 49 55 62 68 71 72 76 78 79 80 85 93 98
outlet 4 10 12 23 28 37 39 40 41 44 46 47 53 55 67 77 79 84 89
obbico 81
outran 40
output 13 51 63 86
o’mara 55
obtain 1 2 3 4 5 6 7 8 9 10 11 12 13 14 15 16 17 18 19 20 21 22 23 24 25 26 27 28 29 30 31 32 33 34 35 36 37 38 39 40 41 42 43 44 45 46 47 48 49 50 51 52 53 54 55 56 57 58 59 60 61 63 64 65 66 67 68 69 70 71 72 73 74 75 76 77 78 79 80 81 82 83 84 85 86 87 88 89 90 91 92 93 94 95 96 97 98 99 100
outrun 11 19 27 70 84
ognuna 53
oscnla 49
ognuno 53
outset 5 6 12 13 21 28 40 41 43 46 49 55 63 65 68 71 77 79 88 92 93 94
outvie 79
outwit 7 26 28 49 58
ouches 9
obtini 53
o’dowd 55
odessa 21 34 39 41 55
ogilvy 48
ottave 7
ottawa 56
otters 5
oldest 3 4 5 6 8 9 12 13 18 19 21 22 23 26 27 28 30 32 35 39 40 41 45 49 51 54 55 56 57 60 65 68 70 71 73 76 77 78 79 80 81 83 84 85 92 94
ottimo 53
o’gall 10
oldish 12 42 55 70
orchis 84
orchid 23 43 67
osgood 85
optics 10 47 49 60 73 85
orbits 12 40 55 65 76 80
option 19 23 39 42 49 55 63 65 85
optima 49
optime 49
optimo 55
optimi 80
oberfl 63
oberon 45 92
ogre’s 27
onless 70
ortega 53
osorio 77
obeyes 45
obeyed 4 5 6 7 9 10 11 12 15 17 19 20 21 22 27 28 29 30 31 32 33 34 35 37 38 39 40 41 42 43 44 45 49 51 53 55 56 58 60 61 68 69 70 71 72 73 76 77 79 80 81 82 84 88 89 91 93 94 97 98
obwohl 63
orkney 9 74 90
online 1 2 3 4 5 6 7 8 9 10 11 12 13 14 15 16 17 18 19 20 21 22 23 24 25 26 27 28 29 30 31 32 33 34 35 36 37 38 39 40 41 42 43 44 45 46 47 48 49 50 51 52 53 54 55 56 57 58 59 60 61 63 64 65 66 67 68 69 70 71 72 73 74 75 76 77 78 79 80 81 82 83 84 85 86 87 88 89 90 91 92 93 94 95 96 97 98 99 100
ogreek 63
ogilby 65
ocalea 65
ogress 12 94
oderit 49
orsini 7 77
orsino 7
owen’s 55
ohumer 53
ohumez 53
otanes 49
owners 4 10 13 18 19 22 27 28 30 32 39 40 44 45 46 48 49 51 55 60 65 67 68 71 72 73 76 77 78 79 80 81 83 85 91 93 94
ownest 55
owneth 9 45
once’s 18
ounque 53
otatem 49
otates 49
optato 49
optare 49
ollave 55
ollebo 55
owning 12 13 16 19 28 32 37 40 41 45 49 51 71 72 74 79 85 90 97
ovalle 23
ollete 53
obey’d 65
one’ll 41
oviedo 53 77
opaque 10 12 28 31 45 48 55 57 63 73 74 79 85 90 92 93 95
oswald 78
oddest 5 16 19 29 47 71 76 77 78 94
orally 71 79 88 89
obdura 49
ocquio 53
orange 3 5 10 12 14 18 21 23 25 27 31 32 33 39 40 42 46 47 48 49 50 52 53 55 60 62 67 68 69 71 72 73 76 77 79 82 84 94
ounces 12 14 37 38 49 55 60 68 77
oddity 1 10 11 12 68 71 78
obvius 49
oddish 40
off’en 68
oraria 53
orator 5 10 12 13 19 22 27 28 32 37 39 41 42 45 49 51 55 56 64 73 76 79 80 82 83 88 89 95
oratio 49 80
osiers 49 60 65
occurs 10 11 12 13 14 16 20 22 26 28 29 37 39 40 41 42 51 53 55 63 65 71 72 77 78 79 80 82 88 89 95 98
occurr 83
odyong 53
openum 13
opens. 77
occult 12 40 45 46 49 55 73 77 79 92
openly 4 5 6 7 9 10 11 13 14 16 17 18 19 21 22 25 26 30 31 32 33 34 35 36 37 39 40 41 42 43 44 45 46 48 49 51 52 53 55 57 58 59 60 68 71 72 74 75 76 77 78 79 80 83 84 85 86 88 89 90 92 94 96 97
occupy 1 4 6 7 9 10 11 12 13 14 16 18 19 21 22 25 28 34 35 36 37 39 41 43 44 46 49 51 53 55 65 66 68 71 72 74 76 77 78 79 80 81 84 85 88 89 90 92 95
openin 5
omatus 49
opened 1 3 4 5 6 7 8 9 10 11 12 13 14 16 17 18 19 20 21 22 23 24 25 26 27 28 29 30 31 32 33 34 35 36 37 38 39 40 41 42 43 44 45 46 47 48 49 50 51 53 54 55 56 57 59 60 61 65 66 67 68 69 70 71 72 73 74 76 77 78 79 80 81 82 83 84 85 86 87 88 90 92 93 94 96 98 99 100
opener 14 71 75 76 78 94
oclock 55
operis 49 98
oculus 49
operas 1 14 40 42 65 71 79 81 82 94
operae 49
operam 49
oculos 49 80 92
oculis 49
ocular 49 55 92
operta 49
ornata 53
ornate 71
ornati 53
ornato 53
oregon 13 40
osiris 49 55
ornery 69 70
onfeng 20
ourang 12
orelli 55
orelia 77
olonan 53
orense 53
ordnet 63
ordnen 63
olette 53
oneida 51
onnest 91
omar’s 66
onward 6 9 12 20 22 26 27 40 42 43 47 51 55 56 60 65 68 71 76 77 78 79 80 81 83 84 85 92 93
ormond 42 55
ormolu 23 55
open’d 65
ordure 49 53 73
orviot 12
ones80 22
onesti 7
ormsby 77
o’ryan 55
offing 17 31 33 40 60 84
offish 31
odoror 49
odorem 45
omilon 65
ordain 9 15 22 45 49 65 77 80 81
odours 26 37 42 49 54 55 65 68 76 77 78 88 92 93 100
o’hara 42 55
o’hare 55
oiseau 12
orderi 67
orders 4 5 6 7 10 11 12 13 14 15 16 17 18 19 20 21 22 23 27 28 30 31 32 33 34 35 36 37 38 39 40 41 42 43 44 45 46 47 48 49 50 51 53 54 55 57 60 61 63 65 67 68 69 70 71 72 73 74 75 76 77 78 79 80 81 82 83 84 85 86 89 90 91 92 93 94 95 96 97 100
order. 38
ordeno 53
ordeal 1 10 29 31 37 39 41 42 43 46 55 56 59 69 71 75 78 85 89 94
omisit 49
offset 12 51
oxcart 77
oneasy 27 70
ordine 49 53
octroi 46
occati 53
occams 63
olesch 35
oakham 11
orlick 14
onding 10
olmost 91
oughtn 57 70 94
oughts 40
oakley 55
osprey 12 55
oathes 45
oxtail 55
offahd 39
offals 55 74 90
offald 72
oozing 12 28 32 44 55 66 70 79
oupire 1
oxters 55
offend 3 4 7 9 10 11 16 19 27 28 37 39 41 44 45 46 49 50 55 56 60 64 65 67 71 72 75 77 78 79 83 84 88 93 94
offer. 79
offess 91
offers 1 2 3 4 5 6 7 8 9 10 11 12 13 14 15 16 17 18 19 20 21 22 23 24 25 26 27 28 29 30 31 32 33 34 35 36 37 38 39 40 41 42 43 44 45 46 47 48 49 50 51 52 53 54 55 56 57 58 59 60 61 63 64 65 66 67 68 69 70 71 72 73 74 75 76 77 78 79 80 81 82 83 84 85 86 87 88 89 90 91 92 93 94 95 96 97 98 99 100
ockham 48
octave 9 42 53 55 67 77 78
octavo 12 21 40 83 84
office 1 2 3 4 5 6 7 8 9 10 11 12 13 14 15 16 17 18 19 20 21 22 23 24 25 26 27 28 29 30 31 32 33 34 35 36 37 38 39 40 41 42 43 44 45 46 47 48 49 50 51 52 53 54 55 56 57 58 59 60 61 62 63 64 65 66 67 68 69 70 71 72 73 74 75 76 77 78 79 80 81 82 83 84 85 86 87 88 89 90 91 92 93 94 95 96 97 98 99 100
