olaudah 81
obelisk 23 28 47 55 71 79 83
obadiah 45
onnando 53
opossum 55
oceanus 22 65
oenides 65
oysters 6 12 14 16 32 36 40 41 42 44 49 53 55 68 71 73 78 79 93 94
ottoman 10 12 27 39 40 44 49 50 55 56 77 79 84
obloquy 13 27 65 89
outmost 28 49 60 99
officii 49
officio 40
officer 3 4 5 6 9 10 11 12 13 14 15 16 18 28 33 34 37 39 40 41 42 43 44 45 49 50 51 53 54 55 56 60 61 65 67 68 71 73 74 76 77 78 79 80 81 82 83 84 85 88 89 90 92 94 97
offices 7 10 12 13 14 16 18 19 21 22 23 27 28 31 32 34 37 39 40 41 42 43 44 45 46 49 51 54 55 65 68 71 73 74 76 77 78 79 80 81 82 83 84 85 86 88 89 90 93 94 97
oblongs 40 46 48
office. 71 79
oraison 37
ordered 1 3 4 5 6 7 8 10 11 12 13 14 16 17 18 19 20 21 22 23 26 27 28 29 31 32 33 34 35 36 37 38 39 40 41 42 43 44 45 46 49 51 53 55 56 57 60 61 63 65 66 67 68 69 70 71 72 73 74 75 76 77 78 79 80 81 82 83 88 90 91 92 94 97 99 100
orderer 88
orderin 5
orderly 4 10 11 12 14 15 16 22 27 30 34 39 41 42 45 46 48 49 55 66 68 71 73 76 78 80 83 94 95
okawoga 66
opposer 20
opposes 49 51 65 80 85 97
opposed 4 7 10 11 12 13 14 15 16 19 21 26 27 28 29 34 35 37 38 39 40 41 44 45 49 51 53 56 60 63 65 70 71 72 73 74 76 77 78 79 80 82 83 84 85 88 89 90 92 94 95 96 97
ordways 67
outward 4 6 9 10 13 14 16 18 19 20 21 22 23 26 27 28 32 33 39 40 41 44 45 46 49 51 55 60 65 68 69 71 72 73 74 76 77 78 79 80 81 84 85 88 89 90 92 93 94 95 97 99
opporto 82
ogresse 55
o’senbe 66
obtests 65
oreille 39
oreilly 55
ogreish 76 78 79
order’d 65
onkores 70
or’nary 27
obterit 49
ovation 12 13 55
ordures 49
obtulit 49
origias 65
overget 9
orfling 71
origine 28 49
origins 12 15 26
oportet 28 49
overfed 31 39 68
overfat 39
onaglie 53
onaglio 53
onkelos 12
overdue 13 55
overdid 21 34 41 78
oftener 4 5 10 11 12 14 16 18 19 26 27 28 30 32 37 39 40 41 42 44 49 52 56 60 65 68 71 72 74 75 76 77 78 79 80 84 85 89 90 92 95 97
origeti 49
outlook 12 26 29 30 39 41 43 51 85
orontes 34
overawe 37 46 48
orchids 13 23 43 48 67
onybody 10 72
obtusis 49
oakland 66
outline 6 10 12 13 14 20 21 27 28 34 39 40 43 47 48 49 51 55 57 65 68 77 79 80 84 85 86 87 89 93 95
outlive 22 27 28 39 41 55 72 73 76 78 79 94
outcome 12 30 39 41 43 47 51 56 95
offhand 21 29 39 41 42 49 68 77
o’bloom 55
outdone 4 11 14 19 40 49 55 56 76 77 79 94
outdoor 10 21 22 30 36 39 41 42 55 56 66 72
ompteda 12
ocean’s 18 40 49 65
ottobah 81
oetylos 65
oxengut 55
overtop 49 60 77
oaklike 6
oversee 9 27 28 40 49 53 56 60 92
oversea 20
overset 11 38 47 60 71 73 76 81
olesome 14
overrun 2 7 15 22 28 38 39 40 60 65 71 73 77 79 93 94 97
overran 22 49 52 84
oppenly 91
obsides 49
oilskin 6 55 71
olgaren 46
overman 92
overlay 39 76
overlap 22 28 40 43 63 80
orvieto 79
ogygian 22
occasum 55
oracled 55
oracles 10 12 22 28 45 49 65 80 81 85 88 97
oscar’s 66
opinion 1 2 3 4 5 6 7 9 10 11 12 13 14 15 16 17 18 19 20 21 22 23 26 27 28 31 32 34 35 36 37 38 39 40 41 42 43 44 45 46 47 48 49 51 53 55 56 57 58 59 60 61 63 65 66 67 68 69 70 71 72 73 74 75 76 77 78 79 80 81 82 83 84 85 88 89 90 92 93 94 95 97 100
opining 78
ortuque 49
olive’s 65
obstipa 49
ogrotis 49
opinant 39
omorlic 20
obscene 4 12 28 43 44 45 46 47 49 55 65 67 77 78 80 93
owner’s 4 6 44 55 68 72 77 79 85
orianas 77
odessus 46
offbore 20
onerous 12 39 43 52 77
ootiful 3
odalisk 55
oliver. 68
olivera 77
outpost 39
outpour 12
obligat 49
obliged 3 4 5 6 7 9 10 11 12 13 14 15 16 18 19 20 21 22 23 26 27 28 29 31 34 36 37 38 39 40 41 42 43 44 45 46 49 51 52 53 54 55 56 57 58 60 61 65 66 67 68 69 71 72 73 74 75 76 77 78 79 80 81 82 83 84 85 89 90 91 92 93 94 96 97 100
obliges 27 39 45 49 77 78 79 92 97
obliger 45
oneside 63
outgrow 28 94
olenian 65
olivier 49
outgrew 94
outyell 40
opulent 12 27 40 41 55 69
oakpale 55
oracula 49
omecils 77
oblique 12 39 40 42 47 49 55 57 65 73
obliquo 49
obliqua 80
outgoes 28
outgoer 55
oneself 3 5 7 12 16 19 23 26 35 37 38 39 40 41 44 49 56 62 63 75 77 89 92 95 100
odorare 53
obscura 49
obscure 1 6 10 12 13 14 18 23 26 27 29 31 34 37 39 40 41 42 45 46 47 49 53 54 55 57 65 67 68 71 72 73 74 76 77 79 80 81 82 83 85 88 89 90 92 93 94 95 97 98
orisons 12 40 49 72
offcast 20
obverse 12 55
oresche 53
orescho 53
offsets 49
ontario 40 55 83
osseous 40 84
opeecue 55
outworn 24
ordnung 63
ochotsh 40
oddness 46 47
oillamp 55
ostrich 10 12 13 21 26 37 39 40 50 52 53 59 66 70 76 77 78
outwits 94
oolitic 47
o’flynn 55
oxonian 50 55 75
o’grady 55
orgasms 55
ophites 40
orestes 12 22 65 77 88
orleans 4 12 13 18 23 27 28 34 40 49 51 67 70 76
oratory 12 23 27 39 42 45 49 55 65 66 73 77 78 79 83 88 92
oratore 53
orators 12 27 28 39 41 45 49 51 73 77 79 92
ongieno 53
onlucky 27
oxycrat 12
oration 7 12 14 45 49 54 55 56 69 71 73 80 94 98
orating 42
orabunt 49
opening 1 3 4 5 6 7 8 10 11 12 13 14 15 16 17 18 19 20 21 22 23 24 26 27 28 29 30 31 33 34 35 36 37 38 39 40 41 42 43 44 45 46 47 48 49 50 51 52 53 54 55 56 57 58 59 60 61 65 66 67 68 69 70 71 72 73 74 76 77 78 79 80 83 84 85 88 89 90 93 94 95 100
organes 44
organdy 56
organic 12 13 26 28 39 43 48 55 80 84 92
outflow 48
organon 80
onyegin 41
occured 44 68
opened. 71
occupet 49
outfits 12 20 40
openest 88
openers 71
openeth 26 45 88
obstare 49
ordinal 55
ordinem 49
outings 56
ordinis 97
orbital 43
oranges 13 14 23 27 33 42 49 50 52 53 55 67 70 71 72 78 79 81 82 93 94 100
outrage 1 4 7 9 10 12 14 16 26 27 30 32 34 37 39 40 41 43 46 49 55 70 71 72 75 76 77 78 80 85 89 93
osorius 49
o’clock 1 3 4 5 6 10 11 12 13 14 16 17 18 19 21 23 27 28 29 32 33 34 36 37 38 39 40 41 42 43 44 47 48 49 54 55 56 59 60 61 66 67 68 69 71 72 73 74 75 76 77 79 84 100
options 63
obviate 12 16 46 55 72
obtines 49
oldtime 55
obvious 2 6 7 9 10 11 12 13 14 18 21 22 23 26 27 28 29 31 36 37 39 40 41 43 45 47 48 49 51 54 55 59 63 65 67 68 71 72 73 74 75 76 77 78 80 81 82 84 85 87 89 90 92 95 97
optatos 49
opuntia 65
ourself 65 85 88
omphale 79
obtrude 16 28 39 41 45 65 71 73
optavit 97
othello 12 41 55 78 79 95
observe 1 2 4 6 7 10 11 12 13 14 15 16 17 18 19 21 22 23 26 27 28 34 37 38 39 40 41 42 43 44 45 46 47 48 49 50 53 55 60 63 65 66 68 71 72 73 74 76 77 78 79 80 81 82 83 84 85 88 89 90 92 93 94 95 97 99
ocinque 53
obserua 53
oumoumi 12
oughn’t 68
obsequi 49
offense 8 11 13 18 39 41 56 69 83
offence 4 6 7 10 11 12 14 15 16 17 19 21 22 27 28 30 32 37 40 44 45 46 49 55 57 60 65 66 68 69 71 72 73 76 77 78 79 80 81 84 85 88 89 92 97 98
o’nolan 55
offends 7 12 22 41 44 45 49 65 71 77 79 81 92
offered 1 2 4 6 7 8 9 10 11 12 13 14 15 16 17 18 19 20 21 22 23 24 26 27 28 29 30 31 34 35 37 38 39 40 41 42 43 44 45 46 48 49 50 51 52 53 54 55 56 59 60 61 65 66 67 68 69 70 71 72 73 74 76 77 78 79 80 81 82 83 84 85 88 89 90 92 94 96 97 98 99
ofttime 9
orotund 55
other’s 1 4 5 6 8 9 10 11 12 13 14 17 18 19 26 27 28 30 31 33 34 37 39 40 41 42 44 49 51 54 55 56 59 64 65 67 68 69 71 72 73 74 75 76 77 79 80 84 85
oranthy 94
obtains 7 12 28 40 49 65 71 76 78 79 80 88 89 92
obtaine 12 45
ossibus 49
offer’d 65
oculist 4 10 56 67
oculive 49
ossible 39
orosius 20
oglings 52
ogniaua 53
ogniato 53
octobre 53
october 2 3 4 6 10 11 12 13 16 18 19 21 22 23 28 29 33 36 39 40 42 43 44 46 47 49 51 52 53 54 55 56 57 60 61 62 63 66 67 71 72 73 74 77 78 79 80 81 83 84 85 90 91 94
otariid 53
osborne 23 55 83
outheld 55
omedeto 66
oblitae 49
odorous 23 28 29 40 42 46 84
omitted 4 7 9 10 11 12 13 19 20 22 28 32 37 39 40 41 44 45 49 50 53 55 60 64 65 68 71 73 74 76 77 78 79 80 83 84 85 88 89 90 92 97 98
omittas 49
outhaul 79
otranto 49
ochiali 53
oppress 7 10 12 16 27 33 37 39 49 55 65 68 71 78 79 81 84 89 94 96 97
o’doors 68
o’gaunt 55
oarsmen 14 22 40 79 80 82 84
oarsman 40
olentes 49
orechie 53
o’leary 55
orgulus 9
ocyalus 22
omaerou 65
ogniuno 53
omaeron 65
octopus 13 48 55
orician 49
obnixus 49
ovenful 38
obducit 49
obeying 6 10 12 13 26 27 37 39 40 41 44 45 49 50 51 57 72 74 76 77 78 79 80 85 88 89 90 92 94 97
obducta 49
optical 12 46 55
onauano 53
o’neill 55
oicleus 22
orgueil 12
odoardo 53
ostlers 21 55 78
obeyest 40
obeyeth 26 45 81
obeyers 26
ounited 91
ologies 94
oignons 55
ormenus 22 65
orthian 65
osceola 51
opathic 28
omer’s. 71
odhryre 20
oneness 35 40 51 64 85
orythia 65
onwards 12 22 26 31 34 38 39 41 46 48 55 60 74 79 84 90
orhatoz 80
ophelia 12 14 23 27 41 46 55 70
orkneys 33 74 81 90
o’toole 55
outlets 12 28 40 44 77 78 86 92
opiates 12 23
orchard 5 10 12 13 14 16 22 23 28 30 40 43 44 49 55 56 57 58 64 66 71 78 79 94
opacity 12 45 46
o’hagan 55
occidat 49
olassen 40
occidit 77
outlast 31 40 71 77 97
outlaws 20 40 69 77 79 85 89
o’liged 42
objects 4 7 10 11 12 14 15 16 17 19 20 23 27 28 29 34 36 37 39 40 41 42 44 45 47 48 49 51 55 60 62 63 65 67 68 69 71 72 73 74 76 77 78 79 80 81 82 83 84 85 86 88 89 90 91 92 93 94 95
objecta 49
object. 71
outcept 9
obesity 55 78
octavie 18
octaves 13 42 55
obleege 78
obleegd 70
oedipus 49 65 83 84 92
occiput 53 55 73 77 79
obdorsk 41
orlando 23 49 65 77 98
outcast 8 10 13 22 23 26 27 32 39 42 46 48 51 55 65 68 69 71 72 74 77 78 79 84 85 90 93
orifice 12 44 55 73 79
orion’s 65
ourcine 12
octanta 53
ostenta 45
oakroom 55
ostwald 63
outsize 55
orphans 4 10 12 14 22 28 37 39 40 41 44 55 56 65 68 70 77 78 79 94
outside 1 2 3 4 5 6 7 8 9 10 11 12 13 14 15 16 17 18 19 20 21 22 23 24 25 26 27 28 29 30 31 32 33 34 35 36 37 38 39 40 41 42 43 44 45 46 47 48 49 50 51 52 53 54 55 56 57 58 59 60 61 62 63 64 65 66 67 68 69 70 71 72 73 74 75 76 77 78 79 80 81 82 83 84 85 86 87 88 89 90 91 92 93 94 95 96 97 98 99 100
omnibus 12 23 45 48 49 67 75 79 92 94
ohthere 20
oughter 4 27 70
oughtnt 55
o’brien 1 6 30 55 67
olsen’s 36
otherth 14
others. 27 40 71 100
othered 78
operate 10 14 26 28 35 39 40 44 45 46 49 67 71 73 74 80 84 85 90 92
ordains 1 10 49 65 77 80 92 97
ordaine 45
olympie 12
olympic 49 79 80
olympus 12 22 28 41 49 65 78 79 98
olympum 45
orinoco 60
oberlin 51
odoured 26
odyssey 22 28 65 80 89
oldmore 43
odyssus 55
oriente 53
orients 23
outstay 55 67
oatmeal 13 55 60 68 69 72 74 90
opertos 49
ortygia 22
ominous 1 10 12 18 21 29 31 39 40 41 46 48 49 51 55 57 69 70 71 72 73 74 76 77 78 79 81 84 85 90 92 93 94
ornia’s 65
outsoar 64
orpheus 28 49 80 94
oenomas 65
ordayne 45
