pa 12 14 21 39 41 42 51 53 55 56 66 70 71 78
pe 5 18 39 49 53 61 67 77
pg 1 2 3 4 5 6 7 8 9 10 11 12 13 14 15 16 17 18 19 20 21 22 23 24 25 26 27 28 29 30 31 32 33 34 35 36 37 38 39 40 41 42 43 44 45 46 47 48 49 50 51 52 53 54 55 56 57 58 59 60 61 63 64 65 66 67 68 69 70 71 72 73 74 75 76 77 78 79 80 81 82 83 84 85 86 87 88 89 90 91 92 93 94 95 96 97 98 99 100
ph 5 12 20 28 40 41 42 46 47 49 55 63 66 70 73 77 79
pi 12 14 53 55 83
pl 9 12 20 39 63
po 6 7 8 9 18 22 27 29 30 39 48 49 53 56 62 64 66 70 84
pp 9 22 49 53 62 63 65 82 84 89
pr 1 10 12 14 20 23 28 39 40 45 49 55 63 78 79 82 83
ps 27 49
pt 53 65
pu 53 55
px 84
py 30 50 53 65 78
