p.c 94
p.m 10 40 50 55 62 66 67 78 79 94
p.o 94
p.p 55
p.s 12 14 15 27 39 41 46 54 56 66 71 79 94
paa 53
pad 18 28 33 39 55 68 70 71 77
pac 81
pah 27 33
pal 12 13 21 44 46 47 55 68 84
pan 3 4 9 12 13 14 16 17 20 27 28 30 33 37 38 39 40 41 45 48 49 53 55 56 57 58 60 66 68 69 70 72 77 78 79 81 83 93 94 99
pam 12
pap 9 28 49 55 65 67 69 70 77
par 4 9 10 12 16 18 26 27 28 44 49 53 55 67 73 76 77 78 79 84 86 88 92 94 98
pat 3 5 10 13 14 18 22 27 39 40 41 42 44 46 49 50 51 55 56 68 70 71 77 78 79 85 94
pas 10 12 18 37 39 41 55 65 79 84 92
pav 12 83 98
pau 12
pax 49 55
paw 3 6 12 17 26 27 28 31 33 38 39 40 41 49 55 58 61 65 70 72 73 77 78 79 84 94
paz 77
pay 1 2 3 4 5 6 7 8 9 10 11 12 13 14 15 16 17 18 19 20 21 22 23 24 25 26 27 28 29 30 31 32 33 34 35 36 37 38 39 40 41 42 43 44 45 46 47 48 49 50 51 52 53 54 55 56 57 58 59 60 61 62 63 64 65 66 67 68 69 70 71 72 73 74 75 76 77 78 79 80 81 82 83 84 85 86 87 88 89 90 91 92 93 94 95 96 97 98 99 100
pd1 63
pdf 63
pea 10 13 14 21 33 40 55 65 66 78 79 84
pee 44 55
peg 12 14 18 22 27 28 39 40 54 55 57 59 61 68 69 70 71 72 77 78 79 94
pel 53
pen 4 5 6 9 11 12 13 14 16 17 18 19 21 23 24 26 27 28 31 32 35 36 37 39 40 41 42 43 45 46 47 48 49 50 51 53 54 55 56 57 59 60 62 63 65 66 68 69 70 71 72 73 74 76 77 78 79 80 82 83 84 85 88 90 91 93 94 99
pep 61
per 2 7 10 11 12 13 14 15 17 19 21 23 26 27 28 32 37 39 40 41 44 49 51 53 55 65 66 67 68 69 70 71 72 73 77 78 79 81 83 84 91 97 98
pet 3 4 5 6 10 12 13 16 17 21 23 27 29 30 33 34 39 41 43 44 45 46 48 49 50 54 55 56 68 69 70 71 72 76 77 78 84 92 94
pes 49
peu 10 12 39 41 49
pew 6 12 14 16 21 29 56 69 70 71 75 78 84
pfb 63
pft 63
phe 28
phi 63
pia 49 53 92
pic 69
pif 55
pie 3 6 10 12 13 14 17 21 27 31 37 39 40 49 52 53 55 56 57 66 68 69 70 71 78 79 94
pig 3 4 5 6 10 12 13 14 17 18 22 26 28 32 33 37 38 39 40 41 46 48 49 50 52 55 56 65 67 68 70 74 76 77 78 80 82 83 85 90 93 94
pil 53
pin 4 5 6 10 11 12 13 14 15 18 19 21 22 23 26 27 29 33 34 37 38 39 40 41 42 43 46 49 50 55 56 57 61 66 68 69 70 71 73 76 77 78 79 83 84 94
pip 10 14 40 49 55 77 94
pio 49
pir 12 49
pit 4 6 9 10 12 13 14 17 21 23 26 28 32 33 34 35 39 40 41 42 43 45 46 47 48 49 53 54 55 60 66 71 72 73 77 78 79 81 84 85 88 92 99
pis 10 44
piu 49 53 55 65 77
pix 79
pla 79
pli 63
plu 20 83
ply 12 29 32 38 40 44 49 65 68 77 82
pod 39 40 55
poe 34 84 92
poh 27
poi 49 53
pol 12 49 53 80 97
pok 42
pon 12 14 27 39 53 55 66 69
pom 55 79
pop 3 4 13 16 17 28 31 33 39 40 41 46 55 61 66 68 78 94
poo 55
por 12
pot 3 5 8 10 12 13 14 17 18 22 23 26 27 28 31 33 37 38 39 40 41 42 43 44 46 49 53 55 57 59 60 61 66 67 68 69 70 71 72 73 76 77 78 79 81 82 83 85 93 94 98 100
pos 55 63
pou 46
pox 12 27 40 41 49 55 66 70 73 77 81 83
pow 28 70 99
poy 53
pre 7 10 12 13 15 16 19 20 21 22 23 34 35 39 40 41 48 49 50 53 57 63 65 67 72 77 78 79 80 82 84 89 92 95 97 98
pri 53
pro 1 4 12 21 37 41 42 46 49 51 53 55 62 71 77 83 89 97 98
prr 55
pry 14 19 23 27 30 38 39 40 41 45 49 55 66 70 77 78 84 92
psi 63
psy 63
pub 15 39 49 55
pua 39
pue 85
puh 27
pug 30 31 41 71
pun 3 12 41 55 71 78
pum 14
pup 27 34 41 55 69 70 77
puo 49 53
pur 23 53
put 1 2 3 4 5 6 7 8 9 10 11 12 13 14 15 16 17 18 19 20 21 22 23 24 25 26 27 28 29 30 31 32 33 34 35 36 37 38 39 40 41 42 43 44 45 46 47 48 49 50 51 52 53 54 55 56 57 58 59 60 61 62 63 64 65 66 67 68 69 70 71 72 73 74 75 76 77 78 79 80 81 82 83 84 85 86 87 88 89 90 91 92 93 94 95 96 97 98 99 100
pus 12 35 55 62
puy 12 49 79
pye 56
pyx 55
