pa’s 55 69
pade 53
pacy 12
pact 45 65 77
pada 53
paci 65
pace 1 3 6 9 10 11 12 13 14 16 17 18 19 22 23 27 28 29 30 31 33 35 37 38 39 40 41 42 43 44 45 46 47 48 49 52 53 54 55 56 57 60 61 62 64 65 66 68 69 71 72 73 74 76 77 78 79 80 81 83 84 85 90 92 93 94 96
pack 1 3 4 6 10 11 12 13 14 16 17 18 21 22 23 27 28 30 33 34 36 37 39 40 41 42 43 46 48 49 55 56 59 60 61 62 67 70 71 72 73 74 75 77 78 79 82 83 84 90 91 94 99
paff 55
pads 12 30 33 40 49 76 77 80
paha 53
pagi 53
page 1 2 3 4 5 6 7 8 9 10 11 12 13 14 15 16 17 18 19 20 21 22 23 24 25 26 27 28 29 30 31 32 33 34 35 36 37 38 39 40 41 42 43 44 45 46 47 48 49 50 51 52 53 54 55 56 57 58 59 60 61 63 64 65 66 67 68 69 70 71 72 73 74 75 76 77 78 79 80 81 82 83 84 85 86 87 88 89 90 91 92 93 94 95 96 97 98 99 100
paga 53
paix 12
pail 5 12 13 14 18 26 27 28 31 37 38 40 41 61 65 68 69 72 73 74 77 78 79 90 94
pain 1 2 4 5 6 8 9 10 11 12 13 14 16 17 18 19 20 21 22 23 26 27 28 29 30 31 32 33 34 35 36 37 38 39 40 41 42 43 44 45 46 47 48 49 51 53 54 55 56 57 59 60 61 64 65 67 68 69 71 72 73 74 75 76 77 78 79 80 81 82 83 84 85 88 89 90 91 92 93 94 95 96 98 100
pair 1 3 4 5 6 9 10 11 12 13 14 16 18 19 20 21 22 23 24 26 27 28 29 30 31 32 33 34 37 38 39 40 41 42 43 44 46 47 48 49 50 52 53 54 55 56 57 59 60 61 62 65 66 67 68 69 70 71 72 73 76 77 78 79 80 81 82 83 84 85 88 89 93 94 95 98 99 100
pais 53 65
paid 1 2 3 4 5 6 7 8 9 10 11 12 13 14 15 16 17 18 19 20 21 22 23 24 25 26 27 28 29 30 31 32 33 34 35 36 37 38 39 40 41 42 43 44 45 46 47 48 49 50 51 52 53 54 55 56 57 58 59 60 61 63 64 65 66 67 68 69 70 71 72 73 74 75 76 77 78 79 80 81 82 83 84 85 86 87 88 89 90 91 92 93 94 95 96 97 98 99 100
pall 7 12 13 14 18 19 21 22 23 30 31 39 40 46 47 48 49 51 54 55 56 71 78 79 81 85
palm 6 8 10 12 13 14 17 18 19 21 22 23 26 27 28 31 33 34 35 39 40 41 42 44 46 49 51 52 53 55 56 57 65 66 67 68 69 71 73 77 78 79 80 81 84 85 88 92 93 94 100
paly 55 70
pals 12 14 21 55 68 78
pala 53
pali 53 55
pale 1 3 4 5 6 8 9 10 11 12 13 14 16 17 18 19 21 22 23 24 26 27 28 29 30 31 33 34 35 36 37 38 39 40 41 42 43 44 46 47 48 49 51 53 54 55 56 57 59 60 65 66 67 68 69 70 71 72 73 74 75 76 77 78 79 80 81 83 84 85 88 89 90 92 93 94 95 100
pans 4 5 12 13 18 28 30 38 40 53 55 69 70 77 80 91 94
pant 6 10 12 38 42 49 51 65 71 78 88 91
pano 53
pana 53
pand 74 90
pani 37 41
pane 5 12 14 23 27 29 33 37 38 39 41 42 43 47 49 53 55 57 59 67 68 71 72 73 76 77 78 79 83 84 85 92 94
pang 4 6 10 11 12 16 18 19 20 23 27 29 37 39 40 41 42 44 46 51 54 56 57 65 68 69 71 72 74 77 78 79 80 85 90 93 94 100
paps 9 41 49 55
papa 1 10 11 12 13 14 16 18 22 27 36 37 39 41 42 44 50 53 55 66 71 72 73 74 75 76 78 90 94
parr 21 46
pars 26 49
part 1 2 3 4 5 6 7 8 9 10 11 12 13 14 15 16 17 18 19 20 21 22 23 24 25 26 27 28 29 30 31 32 33 34 35 36 37 38 39 40 41 42 43 44 45 46 47 48 49 50 51 52 53 54 55 56 57 58 59 60 61 62 63 64 65 66 67 68 69 70 71 72 73 74 75 76 77 78 79 80 81 82 83 84 85 86 87 88 89 90 91 92 93 94 95 96 97 98 99 100
pasa 65
pare 28 49
para 12 39 53 66
parc 12 28
pard 34 55 69 70
parm 40
paro 53
pari 49 65 84
park 5 10 11 12 13 14 16 19 21 23 28 29 30 34 37 38 39 40 42 43 44 46 48 50 51 54 55 56 62 66 67 68 71 72 73 75 78 79 81 82 92 94
parl 10
pats 50 55 71 78 94
path 4 5 7 8 9 10 11 12 13 14 16 17 18 19 20 21 22 23 25 26 27 28 29 30 31 32 33 34 35 37 38 39 40 41 42 43 44 45 46 47 48 49 51 52 53 54 55 56 57 58 61 64 65 66 67 68 69 70 71 72 73 74 76 77 78 79 80 81 84 85 88 89 90 92 93 94 98 99
pati 49 53
pate 18 27 31 36 49 55 69 77 83 94 98
patk 55
pass 1 3 4 5 6 7 8 9 10 11 12 13 14 15 16 17 18 19 20 21 22 23 26 27 28 29 30 31 32 33 34 35 36 37 38 39 40 41 42 43 44 45 46 47 48 49 50 51 52 53 54 55 56 57 60 61 62 63 64 65 66 67 68 69 70 71 72 73 74 75 76 77 78 79 80 81 82 83 84 85 86 88 89 90 91 92 93 94 95 96 97 98 99 100
past 1 2 3 4 5 6 7 8 9 10 11 12 13 14 15 16 17 18 19 20 21 22 23 24 26 27 28 29 30 31 33 34 35 36 37 38 39 40 41 42 43 44 45 46 47 48 49 50 51 52 53 54 55 56 57 58 59 60 61 62 64 65 66 67 68 69 70 71 72 73 74 75 76 77 78 79 80 81 83 84 85 86 88 89 90 91 92 93 94 95 96 97 98 99 100
pata 53 77
paso 77
pave 27 28 40 41 44 78 94 96
paul 10 12 13 23 26 27 33 39 40 41 45 49 53 55 63 67 72 77 78 79 80 81 83 88 89 90 92 93 99 100
payd 45
paye 53
paxe 53
pay. 80
paws 3 5 9 12 17 22 26 28 30 32 33 37 38 39 40 41 47 55 57 58 65 69 71 72 73 78 94
pawn 12 13 37 39 40 41 42 49 55 77 83
paza 53
pays 4 10 12 13 14 15 16 21 23 26 27 28 29 36 37 39 40 41 43 45 46 49 51 55 57 58 65 70 71 72 74 75 77 78 79 80 83 90 91 94 100
pchp 55
pear 10 12 13 22 23 28 38 39 40 46 48 49 51 53 55 71 78 84 88
peas 12 13 14 27 28 37 38 39 41 42 48 49 53 55 56 60 73 76 77 78 79 80 91 94 99
peal 6 10 12 14 26 27 31 33 34 39 42 46 50 55 56 68 69 71 76 77 78 79 84 85 93 94
peat 10 28 43 55 72
peau 12 55
peak 6 8 10 11 12 13 22 26 28 39 40 41 43 46 53 55 57 66 71 74 77 79 80 81 90
pede 49 54 77 79
peck 4 5 6 12 14 26 27 28 32 38 48 49 55 56 58 60 61 70 71 73 76 77 78 93 94 99
peci 53
peep 1 4 5 10 11 12 13 14 17 21 27 28 29 33 37 38 40 41 44 48 49 52 54 55 56 58 60 61 66 68 69 70 71 72 76 78 79 80 81 83 85 92 94
peer 9 12 13 14 22 23 26 30 31 39 40 42 48 49 51 55 72 77 78 79 84 92
peel 5 6 12 14 28 35 38 47 49 55 59 68 69 71 77 79 82
peek 58 94
pegs 3 14 33 39 42 53 55 61 68 71 73 77 80
pegu 40 49
pego 44
pell 12 13 30 37 40 46 49 68 71 94
peli 53
pelt 22 39 40 55 73 77 78 89 93
pelo 53
pele 53
pelf 55
penn 28 78 81 83
pens 4 11 12 13 14 21 22 27 29 33 37 39 40 41 43 45 46 49 52 55 60 68 70 71 77 78 79 81 82 83 85 94
pent 4 10 13 16 27 30 31 40 44 46 48 49 51 60 65 68 69 71 77 79 80 81 93
pene 12 49
pena 77
pend 4 12 53
peon 51
pert 5 16 27 29 40 49 55 56 70 72 73
pero 22 49 53 77
perp 12
peru 40 45 49 55 60 71 74 77 79 81 82 85 90 97
pera 66
peri 10 55
pet. 71
pere 53 94
peqi 53
pets 5 21 46 48 57 70 78 84 94
peto 49 53
petr 39
pete 27 30 34 49
peti 49 53
pest 1 7 12 28 40 49 55 65 66 74 82 84 90 97
peut 10 12
peur 39
peux 12
peuh 12
pews 14 69 71
pezi 53
pezo 53
peza 53
pfen 63
ph.d 62
pfoo 37
phew 12 33 37 50 55
phiz 12 40 41 55
phin 5
phil 4 5 13 27 28 40 55 68 78 80 84
phoo 31
phor 53
phoc 79
phyr 12
phys 63
pian 53
pide 12
pico 55 60
pick 2 5 6 10 12 13 14 16 17 18 21 22 23 25 26 27 28 29 30 31 33 34 37 38 39 40 41 42 44 45 46 47 48 49 50 53 55 56 57 61 66 67 68 69 70 71 72 73 76 77 78 79 80 82 83 85 86 87 91 93 94 96 99
pica 55 83
pice 49
pier 7 12 28 39 40 42 46 55 76 79
pies 10 11 16 27 37 39 41 49 52 55 57 60 61 70 71 76 93 94
pien 53
piet 12
pied 18 26 44 55
pigs 2 3 4 5 11 13 14 18 22 27 32 33 41 42 51 52 53 55 56 61 66 67 68 70 71 76 77 79 80 81 82 87 91 93 94 99
pili 49 66
pile 1 4 5 6 12 13 14 18 20 21 22 23 27 28 30 31 33 34 35 38 39 40 41 42 43 45 46 47 49 51 54 55 56 58 60 61 65 66 67 68 69 70 71 72 73 74 76 77 78 79 80 84 85 86 88 90 93 94
pill 14 28 34 37 40 46 55 71 76 83 85
pike 4 9 10 12 27 28 30 35 39 40 43 49 55 57 70 73 76 77 79 82 100
pini 12 53 79
pink 3 5 10 12 13 14 16 17 18 19 21 23 27 28 29 31 33 34 37 38 39 41 42 43 44 46 47 48 54 55 56 57 61 66 67 69 71 74 75 77 78 79 84 90 94 95 100
pip. 14
pine 2 3 4 6 10 12 13 22 23 26 27 28 30 32 34 37 39 40 41 44 46 48 51 53 55 57 58 65 66 69 70 71 73 74 77 78 79 81 82 83 84 85 90 94
ping 49
pins 12 14 18 22 23 37 38 39 40 41 44 49 55 56 57 60 61 68 69 70 71 73 77 78 79 81 82 91 94
pint 10 12 14 19 28 31 37 40 42 55 60 68 70 71 72 73 75 76 77 78 81 83 86 91 94 99
pino 53
pime 53
pimp 49 55 77 89
pimo 53
pima 53
pips 5 12 14 21 77
pipe 4 5 6 9 10 12 13 14 17 21 23 24 26 27 28 29 30 31 34 37 38 39 40 41 42 43 45 46 47 48 49 52 53 55 56 57 60 65 66 68 69 70 71 72 76 77 78 79 80 81 84 85 86 93 94 99 100
pios 49
piny 28 49 65 74 90
pit. 21
piqu 41 83
pipy 55
pito 53
pity 1 2 3 4 5 6 8 9 10 11 12 14 16 17 18 19 20 21 22 23 24 26 27 28 29 31 32 33 34 35 36 37 38 39 40 41 42 43 44 46 47 48 49 50 51 54 55 56 57 58 60 64 65 66 67 68 69 70 71 72 73 74 75 76 77 78 79 80 81 82 83 84 85 88 89 90 91 92 93 94 98 99 100
pits 6 12 21 22 26 33 43 48 49 55 60 68 71 72 73 77 78 84
pitt 7 12 39 43 55 71 76 81 83 91
pith 10 12 27 53 55 76 77 85
piti 18 39 83
pite 55
piso 49
piss 44 49 55
pisa 7 10 12 49 79
pish 27
pise 78 91
piup 62
pius 7 12 27 28 42 49 77 79
pu’d 71
play 1 3 4 5 6 7 8 9 10 11 12 13 14 15 16 17 18 19 20 21 22 23 24 26 27 28 29 30 31 33 34 35 36 37 38 39 40 41 42 43 44 45 46 47 48 49 50 51 52 53 54 55 56 57 58 59 60 62 63 64 65 66 67 68 69 70 71 72 73 74 75 76 77 78 79 80 81 82 83 84 85 88 89 90 91 92 93 94 98 99 100
plat 10 12 26 39
plan 1 3 4 5 6 7 10 11 12 13 14 15 16 17 18 19 20 21 22 23 26 27 28 29 32 33 34 35 36 37 38 39 40 41 43 44 46 47 48 49 51 53 55 56 57 58 59 60 61 63 65 66 67 68 69 70 71 72 74 76 77 78 79 80 81 83 84 88 89 90 91 94 95 96
plac 83
plea 4 7 10 12 14 15 16 17 19 26 29 32 39 44 45 55 56 69 72 76 77 78 79 81 83 85 88 89
plis 12
plow 28 33 39 52 56 70 83
plot 6 7 9 10 12 13 15 16 18 21 22 23 33 34 38 39 41 42 43 45 49 50 51 53 55 56 57 68 71 72 73 74 76 77 78 79 80 82 84 85 88 90 94 98 100
plod 13 51 54 55 71 98
plop 44
plum 5 6 9 12 13 14 28 30 39 40 42 46 49 51 55 56 66 67 70 71 77 78 93 94
plup 55
plus 12 28 29 30 34 39 41 44 49 55 63 66 82 84 86 92
plug 12 28 40 46 50 55 66 69 70 86 93
pock 37 41 55 66 68
poco 27 53 55
poca 53
poem 7 10 12 13 16 20 22 23 26 27 28 33 35 40 41 42 45 49 55 56 62 65 66 69 77 79 80 81 82 83 89 90 91 92 93
poes 65
poet 10 12 13 14 16 18 20 22 23 26 27 28 32 37 39 40 41 42 45 49 50 55 64 65 66 71 73 74 76 77 78 79 80 82 83 84 88 90 91 92 94 95 96
pods 28 40 46 77 78
poin 12
poir 12
pold 55
poli 55
polk 28
poll 6 28 49 55 60 77 78 94
pole 6 10 12 13 14 22 24 26 27 28 30 31 33 37 39 40 41 44 46 47 48 49 53 55 60 61 65 69 70 71 73 74 77 78 79 80 81 82 83 88 90 92 94 97 98 100
pokr 39
pokl 39
poky 3 21 40 55 56 94
poke 5 10 13 14 27 31 38 40 44 46 49 66 68 69 70 71 78 94
pond 6 10 13 14 17 23 27 28 29 33 38 39 40 46 51 52 56 57 62 66 68 73 78 79 81 83 84 85 92 98 100
pone 27 49 51 53 69 70
poni 13
pomo 53
pomp 7 10 12 15 16 17 22 23 26 28 29 32 38 39 40 41 45 49 53 55 65 67 68 69 73 77 78 79 80 82 84 85 91 92 98
pome 13 94
pomi 49
polt 39
polo 13 23 53 55 67 77 79
poly 40 49 71
pope 3 7 9 11 12 19 26 38 39 40 41 42 43 45 49 53 55 65 77 79 81 82 83 91 96 98
popa 53
popo 31 55
popp 79
poop 40 53 55 65 77 84
poor 1 2 3 4 5 6 7 8 9 10 11 12 13 14 15 16 17 18 19 20 21 22 23 24 25 26 27 28 29 30 31 32 33 34 35 36 37 38 39 40 41 42 43 44 45 46 47 48 49 50 51 52 53 54 55 56 57 58 59 60 61 65 66 67 68 69 70 71 72 73 74 75 76 77 78 79 80 81 82 83 84 85 86 88 89 90 91 92 93 94 96 97 98 99 100
poof 37
pool 3 5 6 10 11 12 13 14 17 18 21 22 23 28 29 30 31 33 34 37 38 39 40 41 43 46 48 51 55 56 58 62 64 67 68 74 78 79 80 84 85 89 90 100
pooh 10 14 17 21 27 30 36 37 40 46 55 58 66 68 71 76 78 79 84 93 94 100
pont 9 12 39 49 65 76 79
pony 5 10 27 29 40 42 43 44 48 55 68 71 72 78 94
pore 13 16 28 40 50 53 55 65 67 68 69 70 71 74 76 79 84 85 90
poro 53
pork 4 6 9 12 13 14 16 22 23 28 32 37 40 47 51 53 55 56 60 70 71 73 78 81 82 83 85 89 99
poqi 53
pops 50 55 94
popt 19
pote 53
pots 5 12 13 17 18 26 27 28 33 37 38 39 40 41 42 43 46 48 50 52 53 55 57 60 61 68 69 70 71 72 73 77 78 79 80 81 83 84 94 100
posy 94
post 1 4 6 7 8 9 10 11 12 13 14 16 17 18 19 21 22 23 26 27 28 29 31 32 33 34 36 37 39 40 41 42 43 44 45 46 48 49 50 51 53 54 55 56 57 60 62 65 66 67 68 69 70 71 72 73 74 75 76 77 78 79 81 83 84 85 86 89 90 91 93 94 97
pose 18 23 31 37 39 41 43 44 45 46 50 55 66 67 70 78 79 92
poss 79
pory 53
port 4 6 9 10 11 12 14 15 20 21 22 27 28 29 31 36 39 40 41 42 46 49 51 52 53 55 60 65 67 68 69 71 73 74 76 77 78 79 81 82 83 84 85 90 91 92 94
pova 39
pouf 12 46 56
pour 3 4 5 7 10 11 12 13 16 17 19 22 24 26 27 30 32 33 37 39 40 41 42 44 48 49 50 53 55 64 65 67 68 70 71 72 74 77 79 80 81 82 84 86 88 90 91 92 94 98 99
pout 10 12 28 40 44 55
poun 55
poxy 55
prau 53
prao 53
pray 1 3 4 7 9 10 11 12 13 14 15 16 17 19 20 21 22 23 24 26 27 28 31 32 37 38 39 40 41 42 43 44 45 46 49 50 51 55 56 58 60 61 64 65 66 68 69 70 71 72 73 75 76 77 78 79 80 81 82 83 84 85 88 91 92 93 94 98 99 100
prac 67
prad 68
prae 49
pram 50 55
prey 4 7 9 10 11 12 13 14 15 17 18 20 21 22 24 26 27 28 30 31 32 37 38 39 40 41 42 43 44 45 46 49 55 56 60 65 68 69 71 72 73 74 76 77 78 79 80 84 88 89 90 92 97
pres 55
pred 20
pree 55
prep 17 67
pren 53
prff 55
prix 55
prim 10 12 17 23 39 42 43 56 61 77 89 94
prin 53
prig 10 12 23 46 67 68 71
pris 12 81
prie 12 53 79
pros 55 65
prot 10 12 19 23 39 41 51 53 54 55 67 76 79 80
prom 55
prop 10 12 22 28 34 39 40 41 42 44 45 49 55 56 60 63 65 70 71 72 77 81 88
proy 53
prou 49
prov 27 45 81 83 98
prow 20 22 23 27 40 49 64 71 73 77 78 79 80 84 85
prob 70
proc 49 80
prod 33 55
proi 53
prok 39
prof 49
prog 71 77
proh 49
prut 94
prue 27
psal 45 97
pseu 63
psha 55
psst 55
pttt 12
puce 12 55
puck 55 94
pubs 55
pubb 55
puer 49 98
pugn 49
puff 6 12 16 18 27 28 31 39 40 42 46 48 49 51 53 55 65 66 69 76 77 78 79 84 85 94
puis 10 65
puke 55
puka 53
pung 56
pump 1 13 14 28 39 40 42 47 48 49 55 60 67 68 69 70 71 72 73 78 79 81 83 85 86
puma 46 49 55
pull 4 5 6 7 9 10 11 12 13 14 17 18 19 21 22 24 26 27 28 29 30 32 33 34 37 38 39 40 41 42 44 45 46 47 48 49 51 53 54 55 56 57 59 60 61 62 65 66 67 68 69 70 71 72 73 76 77 78 79 80 81 83 85 89 92 94 97 98
pult 39
pulp 13 21 28 42 49 55
puny 4 10 12 13 21 26 28 39 41 52 55 71 72 78 80 85
punk 55
puns 12 41 94
punt 39 55 81
puri 28 65
purl 65
pure 1 4 5 6 8 9 10 11 12 13 14 16 18 19 21 22 23 25 26 27 28 29 31 32 33 34 35 37 38 39 40 41 42 43 44 45 46 49 50 51 52 53 54 55 56 57 58 59 60 61 63 64 65 66 67 68 69 70 71 72 73 74 75 76 77 78 79 80 81 82 83 84 85 88 90 91 92 94 95 96 97 100
pups 27 28 77
puta 49
puss 3 17 38 44 46 55 57 71 78 94
push 3 5 6 8 10 12 13 16 20 21 22 25 26 27 29 31 33 34 37 38 39 40 41 44 45 46 47 48 49 50 51 53 55 56 57 58 59 61 66 67 68 70 71 72 73 74 77 78 79 80 82 84 86 87 90 92 94
pusi 49
purr 26 33 40 55 94
puro 49
puts 1 4 5 6 10 12 13 17 19 20 22 23 24 27 28 36 37 38 39 40 41 43 45 46 49 50 51 53 55 56 58 60 65 66 69 70 71 72 73 75 77 78 79 80 83 84 85 91 92 93 94 95 97
puto 41 49
putr 55
puys 12
pwee 55
pyes 56
pyin 50
pyle 65
pyre 8 18 20 22 42 49 55 65 71 78 80 94
p’pa 12
p.10 65
p.81 65
