pilorge 12
pancras 21 48 76
porcius 28
partlet 38
pfeilen 63
peaches 11 13 27 43 51 52 55 61 70 71 76 78 79 85
peached 68
party’s 13 71
porches 12 39 40 55 65 78
pglatex 63
partner 3 9 10 11 12 14 16 21 22 27 34 35 37 38 39 40 42 44 46 50 51 52 55 57 60 65 68 71 72 76 77 78 79 80 81 83 85 93 94
paynted 53
poirier 12
perdere 39 49
pauonne 53
psalmes 45
panloaf 55
patte’n 39
perusia 79
perused 10 12 13 14 55 68 72 73 74 78 79 84 88 90
perusal 10 11 12 14 16 19 40 44 56 65 68 71 78 79 83 84 89 94
prusias 12
psalter 41 45 88 98
phocoea 65
premunt 49
praeter 49 97
pondere 49 53
ponders 55 65 78 84
praetor 7 49
partial 4 10 11 12 14 15 16 19 27 28 32 36 37 39 40 42 46 49 53 54 55 56 63 65 67 68 71 72 73 76 78 79 80 81 84 89 92 94 95 97
partida 53
popular 2 5 7 11 12 13 14 15 16 18 21 23 26 31 32 34 39 40 41 42 43 45 46 47 48 49 50 51 53 54 55 56 57 62 65 66 67 70 71 74 75 76 77 78 79 80 83 84 85 88 89 90 92 94 97 100
praetus 65
parties 2 4 5 6 7 9 10 11 12 13 14 15 16 17 19 21 22 23 27 28 32 33 34 39 40 44 45 46 49 50 51 55 56 60 65 66 67 68 69 71 72 73 74 75 76 77 78 79 80 81 83 84 88 89 90 92 93 94 96 97
partire 53
populis 45
partiua 53
partiti 53
partite 53
partita 53
parting 1 4 7 10 11 12 13 14 16 17 18 19 20 23 26 27 29 32 37 39 40 41 43 44 46 47 48 49 55 56 57 60 61 64 65 67 68 69 70 71 72 73 75 76 77 78 79 80 81 82 85 88 91 93 94 100
populos 49
populus 34 49 97
populum 49 97
praesta 55
putrefy 53
perusta 49
pennant 40
proboer 55
pervade 14 28 52 56 68 71 77 78 79
pranced 34 39 55 69 70 79 94
premier 44 55 56 66 83
peletai 65
peccant 49 73
premise 10 46 84 94
premiss 95
players 3 10 11 12 16 18 23 26 39 40 45 49 55 64 66 71 73 76 77 78 79 80 83 92 94
peccavi 12 55
playest 77
premium 10 14 28 39 40 44 47 51 55 68 71 78
playeth 26
peccari 49 53
peccare 49
peccato 55 79
peccati 98
peccata 49
playful 1 11 14 16 17 18 19 27 31 34 37 39 40 41 46 47 55 66 68 71 77 78 80 90
permits 10 12 13 20 28 39 45 49 65 66 74 77 79 82 83 84 89 90 92 97 98
phrygia 49 65
perdona 53
patties 39 41
patting 1 17 21 27 33 37 39 42 44 55 56 61 68 69 71 73 76 78 79 84 93 94
pteropi 53
prevail 7 9 11 12 13 16 18 19 20 22 28 39 40 41 42 44 45 46 49 50 54 59 60 65 71 72 73 74 76 77 78 80 81 82 83 85 88 89 90 92 94 98
potteua 53
portray 10 13 49 66 77 84 94
plagula 49
pottery 12 28 40 49 67 80
potters 12 40 53 60 64 80
pealing 12 27 40 48 55 77 85
plagusa 65
puritan 12 23 28 55 79 80 85 92
peacock 18 23 26 33 42 44 49 53 55 56 71 79 92 94
plaguey 40
plagues 20 24 27 33 40 45 49 55 65 77 80
problem 1 2 3 4 5 6 7 8 9 10 11 12 13 14 15 16 17 18 19 20 21 22 23 24 25 26 27 28 29 30 31 32 33 34 35 36 37 38 39 40 41 42 43 44 45 46 47 48 49 50 51 52 53 54 55 56 57 58 59 60 61 62 63 64 65 66 67 68 69 70 71 72 73 74 75 76 77 78 79 80 81 82 83 84 85 86 87 88 89 90 91 92 93 94 95 96 97 98 99 100
plagued 1 19 22 27 33 38 43 49 65 72 81 94
partook 4 12 14 19 28 34 40 44 55 65 71 72 79 84 85 90 94
perdido 18
parch’d 65
porcela 53
playing 1 3 4 5 6 7 9 10 11 12 13 14 16 17 18 19 21 22 23 26 27 28 29 30 31 32 33 34 35 36 37 38 39 40 41 42 43 44 45 46 47 48 49 50 52 53 54 55 56 58 59 61 62 64 66 67 68 69 70 71 72 73 74 75 76 77 78 79 80 81 82 83 84 85 88 90 92 93 94 95 100
partout 10
peacify 55
protest 7 8 10 11 12 13 14 15 16 18 19 26 29 30 36 37 41 42 43 45 46 49 51 54 55 57 67 71 76 77 78 79 80 88 89 92 94
pigliar 53
pigliau 53
pectore 49
pectora 49
proteus 12 22 80
protend 65
praemia 49
portugu 53
prevent 1 2 3 4 5 6 7 8 9 10 11 12 13 14 15 16 17 18 19 20 21 22 23 24 25 26 27 28 29 30 31 32 33 34 35 36 37 38 39 40 41 42 43 44 45 46 47 48 49 50 51 52 53 54 55 56 57 58 59 60 61 63 64 65 66 67 68 69 70 71 72 73 74 75 76 77 78 79 80 81 82 83 84 85 86 87 88 89 90 91 92 93 94 95 96 97 98 99 100
poplins 94
peforme 98
protein 55
protege 68 94
protean 92
physica 92
physick 83
pattern 3 6 7 10 12 14 16 18 19 22 23 25 27 33 34 37 39 40 41 45 47 49 52 54 55 56 65 66 67 68 69 71 72 73 76 77 78 79 80 88 92 93 94 97
physics 39 49 55 57 63 79 82 84 95
protect 1 2 3 4 5 6 7 8 9 10 11 12 13 14 15 16 17 18 19 20 21 22 23 24 25 26 27 28 29 30 31 32 33 34 35 36 37 38 39 40 41 42 43 44 45 46 47 48 49 50 51 52 53 54 55 56 57 58 59 60 61 63 64 65 66 67 68 69 70 71 72 73 74 75 76 77 78 79 80 81 82 83 84 85 86 87 88 89 90 91 92 93 94 95 96 97 98 99 100
piloted 22 31 39 40
pattens 14 49 71 78
praelia 49
purring 3 17 27 55 69 73
puggish 84
perdita 23 55
phidias 49 65 80
pancado 53
pancake 13 37 39 55 99
pulsing 28 51 55 56
pieces. 38 71
podesta 7
pallida 77
pollute 4 49 65 78 80 83
peleg’s 40
prickly 10 26 33 44 55 58 79 81 85 94
portico 7 18 23 31 41 49 50 54 55 57 64 68 71 77 78 79 85
pricker 9
phocaea 49
pricked 10 12 17 20 22 30 33 38 39 40 41 42 46 49 55 56 57 58 61 69 72 73 76 77 78 79 88 94 100
portion 1 4 6 7 9 10 11 12 13 15 16 19 20 21 22 26 27 28 32 33 34 39 40 41 43 44 45 46 48 49 51 52 53 55 56 62 63 65 68 69 71 72 73 74 76 77 78 79 80 81 84 85 88 89 90 92 93 94 96 97 98 99
pallium 12
portius 49
phantom 10 12 13 14 18 22 23 26 31 37 40 41 43 46 49 51 55 63 65 67 68 76 77 78 79 80 84 85 88 90 92 93 94 97
perugia 7 23 49 79
porkpie 55
paludes 49
plovers 55
plucked 1 5 6 9 10 12 14 17 18 21 22 23 24 28 33 35 38 39 40 42 43 44 46 54 55 56 66 67 68 71 72 77 79 82 85 88 93 94 100
peaking 40
percnos 65
potkins 14
praedes 45
playbox 55
probity 11 12 45 49 67 79 83 85
praedas 49
probing 12 17 21 37 39 49 55 78 84 85
pawning 55 71 77
purifie 45
portman 19 48
predict 11 12 16 28 41 43 71 78 79 80 88 92
pottage 98
pallets 12
poplars 10 12 19 22 30 55 56 64 65 79
perlite 46
perucho 53
pending 12 20 21 27 42 51 55 68 71 77 78 96
poyntes 53
perluit 49
pollock 55
phenean 65
peckish 55 77
pilot’s 40
pallors 12
pancino 77
pecking 4 5 6 12 33 37 40 58 70 71 78 79 94
paynims 9
prosody 44
prosper 7 12 20 21 22 30 35 45 49 55 60 68 71 76 77 78 79 80 81 88 90 94 99
pyrates 97
powwows 52
peckham 34
pipette 34 48
prurigo 79
plodges 55
pidytes 12 65
pruinae 49
phocian 12 65
prelude 10 12 18 23 26 39 42 46 55 65 68 74 77 79 80 90 92 96
povarsk 39
plombes 12
phocion 12 49
publics 49
publick 2 83
publico 53 55
publica 45 92
public. 71
pravity 45 73
pisimbo 55
parters 9
publius 49
publish 1 4 10 11 12 22 28 32 34 36 37 41 45 49 55 65 66 73 77 79 81 83 85 96
portals 8 12 17 18 26 47 55 65 77 84 92
portame 53
portano 53
portant 27
polly’s 13 42 69
publike 45
portaua 53
portare 53
portata 53
portati 53
portato 53
pulaoam 53
pulaoan 53
prittey 91
ponchos 40
porkman 76
peckery 68
prosunt 49
pricing 55
parbleu 12 18 79
probate 55 71
probant 49
pegasus 77
pectaua 53
piecing 14 49 65
pectare 53
peuples 39
peatmot 55
partake 10 11 14 15 16 18 26 39 40 45 47 49 51 53 55 56 65 67 71 72 77 78 79 80 81 83 88 89 94 95 97
portend 18 39 45 49 71 74 76 90 98
portent 1 20 26 29 40 49 51 55 65 85
partage 97
peace’s 77
pyramid 12 23 37 39 40 41 42 49 52 65 67 71 72 77 78
partant 79
porters 9 12 13 27 37 42 43 48 49 51 71 73 76 77 78 79
pliny’s 40 49 65 84
pyramus 12 65 77 79
paratis 49
powered 16 19 60
pieties 12
powers. 71
picture 1 3 4 5 6 7 9 10 11 12 13 14 16 17 18 19 21 23 24 26 27 28 29 31 32 33 35 37 39 40 41 42 43 44 45 46 48 49 51 52 53 54 55 56 57 59 62 63 65 66 67 68 69 70 71 72 73 74 75 76 77 78 79 80 81 82 83 84 85 88 89 90 92 93 94 99 100
photo’s 55
percard 9
paratus 55
pauento 53
percale 18
pauenta 53
pross’s 76
phemius 22 65
pinnate 28
pfuel’s 39
psheron 39
parsing 63
pinnace 12 60 65
philpot 27 32 55
paddles 13 14 32 40 48 60 71 73
paddled 18 28 31 33 40 60 69 70 73 81 94
pettish 5 70 71 72
petting 1 27 39 52 55 69 70 72 78 79 94
pettily 26
perturb 39 49
punisht 45
pollere 49
panteth 26
punish. 79
pazzino 7
paviour 68 78
pacific 12 13 14 21 27 28 31 33 34 39 40 49 52 53 55 65 66 73 74 78 84 90
parapet 12 21 37 39 47 48 55 68 71 76 78
ponceau 12
perch’d 65
pidgeon 55
poncero 53
poluere 53
porkers 52 55
parsees 89
pegiore 53
peasoup 55
phillip 4 49
phillis 51
phaedra 22
pollice 49
pollici 49
plodded 23 55 71
pomposa 53
polling 13 78
pupil’s 14 39 49 68
pollis. 71
pompous 10 11 15 21 23 30 34 37 41 42 49 65 77 79 80 92
parasha 37
pietate 49
philipo 53
parasol 11 12 18 27 28 31 37 53 55 56 66 70 71 75 79 94
philips 11 48 81
pigstye 22
paddock 11 12 18 49 55 68 78
prosing 16 71 78 94
patagon 12
pantano 22
potsdam 12 39
pampean 53
phaeton 11 28 39 44 55 71 73 78 79
pompedy 55
podmore 55
percipi 49 95
pompeia 49
pompeii 48
perciet 49
project 1 2 3 4 5 6 7 8 9 10 11 12 13 14 15 16 17 18 19 20 21 22 23 24 25 26 27 28 29 30 31 32 33 34 35 36 37 38 39 40 41 42 43 44 45 46 47 48 49 50 51 52 53 54 55 56 57 58 59 60 61 63 64 65 66 67 68 69 70 71 72 73 74 75 76 77 78 79 80 81 82 83 84 85 86 87 88 89 90 91 92 93 94 95 96 97 98 99 100
pawnees 34
plenour 9
pownall 83
pinnies 55
picciol 49
perclos 9
pinning 10 39 55 56 78 94
parke’s 67
pallada 49
pontiff 7 12 26 41 49 55
photius 39 55
pontino 53
pendens 49
pontine 79
pontini 53
pontina 53
pendent 10 12 31 41 44 49 51 55 72 76 84
pontius 12 55
pipeage 55
pluto’s 49 65
precise 10 12 13 14 16 17 19 21 23 28 34 35 37 39 40 41 43 45 48 49 52 55 56 63 66 68 71 72 76 77 78 79 80 83 84 85 86 89 95 97
parbati 33
parsley 5 12 14 40 42 49 53 55 78 91
philura 57
pigtail 6 14 39 55 92 93
percent 37 86
pontoon 12 39
perceiv 83
plentee 30
plentey 91
philter 10 94
pinelli 79
philtre 49 79 92
projice 65
parsnip 16
prithee 38 77 80 85 98
panthea 49
panther 3 12 13 17 26 30 33 40 46 55 65 79
prosaic 12 41 43 46 49 56 71 77 78 79 80
perched 5 6 10 12 13 18 21 26 27 31 34 38 39 40 42 46 51 52 55 56 61 69 71 76 77 78 79 94
perches 30 40 55 76 78
panthus 65
panties 18
pendant 12 44 49 55 65 77 78 79 84
panting 3 4 5 6 9 10 11 12 13 14 18 19 22 23 26 27 28 30 32 33 34 37 38 39 40 41 42 43 44 46 47 48 49 52 55 57 59 65 67 68 69 70 71 72 76 77 78 79 80 88 92 93 94
parsons 27 46 55 81 83 96
pollard 9 10 39 40 48
pontare 53
patrick 28 32 42 46 55 81
piledup 55
patriot 2 4 27 28 39 40 42 49 55 66 74 76 90 92
perkins 25 43 71 78 81 94
pencils 3 10 21 26 39 42 49 51 55 56 66 77 78 79 94
peptone 47
patrius 49
pellots 51
parades 37 80
paraded 13 14 27 29 33 39 69 71 83 84 94
poltoos 33
peering 3 5 6 12 13 14 17 21 22 23 27 28 29 31 33 34 37 38 39 40 41 42 43 46 47 48 50 51 55 56 57 58 59 60 62 67 68 69 71 72 76 77 78 79 84
pickins 70
picking 3 5 6 10 12 13 14 17 18 21 22 23 27 28 30 33 37 38 39 40 41 42 48 49 50 51 53 55 56 57 58 60 61 66 67 68 69 70 71 73 74 75 76 77 78 79 81 82 83 85 90 93 94
paradol 21
paradox 1 10 12 15 23 30 41 45 47 49 51 55 63 78 79 80 84 92
pavidos 49
potains 12
people. 37 38 39 45 71
peoples 7 12 17 20 22 26 27 33 37 39 41 43 45 46 49 51 53 55 73 80 92 96 97
peopled 4 12 15 22 31 32 39 40 42 49 60 65 74 76 79 81 89 90 94 97
prorsus 49
pigault 12
parafes 55
pretty. 71
pauvres 12
piebald 38 39 55 77
potages 49
poltrot 49
peereth 26
peeress 10
pair’ll 5
pickers 12 26 33 37 71 94
pyrrhon 12
pickets 13 33 39
prelacy 49
pompano 18
prelate 12 49 55 73 82 88
power’s 42 55
pyrrhus 7 49 55 65 82
patimur 49
pertain 26 79 88
patinas 49
precede 10 12 26 28 39 40 45 46 49 53 65 72 79 80 88 97
ploughs 28 51 64 65 73 76 77
peasant 1 7 12 13 18 21 23 26 28 37 38 39 40 41 43 44 46 49 51 55 65 74 76 77 78 79 84 85 89 90 92 96
pindoro 65
parable 10 26 28 35 41 45 55 60 80 83 85 92
precept 7 10 26 28 41 45 49 51 55 65 71 72 73 75 76 77 80 81 83 97
patriam 49
patrice 55
patriae 16 49
ponteus 22
practis 83
payment 4 6 9 11 12 13 19 21 35 36 37 38 39 41 45 46 49 51 54 55 57 60 68 71 72 73 76 77 78 79 80 81 82 83 96 98 99
pugnose 55
popayan 40
paranda 49
plusque 49
plimeth 91
piaceua 53
pituita 49
piacere 53
paragon 26 41 55 71 72 98
pounced 4 7 14 17 22 27 37 39 41 71 77
pounces 77 78
paragua 53
plenary 39 49 77 88
padding 20 46 47 55
pounded 12 13 14 17 22 30 31 40 41 48 55 65 71 77 94
pounder 12 13 33 48 52 78
poundes 53
patitur 49
pounds. 21 71
patronj 53
patrons 12 28 37 52 55 65 68 71 78 79 81
patrols 4 12 32 39 48 54 76 79
phedo’s 55
picters 94
pigskin 77
pickled 4 6 14 39 40 44 48 55 60 62 71 77 78 94
pickles 6 14 40 57 70 71 77 78 94
poseurs 41
piquete 53
purchas 40 53 83
pessima 77 80
pigweed 28 85
provost 55
pteleon 65
positis 49
provoke 11 15 16 19 22 25 26 28 31 40 41 44 45 48 49 50 55 57 65 68 71 72 74 77 79 80 82 83 88 89 90 94
pasigno 84
perfluo 49
posited 55
pinhole 33
pinhold 55
positum 49
praying 1 4 6 9 12 22 23 26 27 31 32 33 34 35 39 40 41 45 46 48 49 53 55 56 60 61 64 66 69 70 71 72 76 77 78 79 80 81 85 88 91 92 94 99
pigeons 10 12 14 23 28 31 38 39 49 52 55 60 71 72 77 78 82 84
piquais 12
piquant 10 18 21 27 34 41 55 79
putting 2 3 4 5 6 7 9 10 11 12 13 14 15 16 17 18 19 20 21 22 23 26 27 28 29 30 31 33 34 35 36 37 38 39 40 41 42 43 44 45 46 47 48 49 50 51 52 53 54 55 56 57 59 60 61 63 66 67 68 69 70 71 72 73 74 76 77 78 79 80 81 82 83 84 85 86 88 89 90 92 93 94 97 99 100
perfert 49
perfect 1 4 5 6 7 9 10 11 12 13 14 15 16 17 18 19 20 21 22 23 25 26 27 28 29 30 31 32 33 34 35 36 37 38 39 40 41 42 43 44 45 46 47 48 49 50 51 52 53 54 55 56 58 59 60 63 65 66 67 68 69 70 71 72 73 74 75 76 77 78 79 80 81 82 83 84 85 86 88 89 90 91 92 93 94 95 96 97 100
purturi 53
perfido 49
perfide 55
perfidy 4 10 22 45 49 71 77 78 79
pregaua 53
pourers 20
pourest 88
poureth 26
pwiests 39
pedibus 49
phyllis 12 51 55 77
purcell 1 55
produit 92
pagcaon 53
produkt 63
pologne 12
product 12 13 21 26 28 31 37 39 41 49 50 51 53 55 60 63 65 67 71 77 80 85 86 89 92 95 96 97
produci 49
produce 1 2 3 4 5 6 7 8 9 10 11 12 13 14 15 16 17 18 19 20 21 22 23 24 25 26 27 28 29 30 31 32 33 34 35 36 37 38 39 40 41 42 43 44 45 46 47 48 49 50 51 52 53 54 55 56 57 58 59 60 61 63 64 65 66 67 68 69 70 71 72 73 74 75 76 77 78 79 80 81 82 83 84 85 86 87 88 89 90 91 92 93 94 95 96 97 98 99 100
proving 11 12 13 14 15 16 21 22 26 28 29 37 39 40 41 43 45 46 49 60 63 65 68 73 77 79 80 81 82 85 94 95
promote 2 4 11 15 16 19 26 27 37 44 45 48 49 51 56 65 71 78 79 83 85 89 95 96 97
provide 1 2 3 4 5 6 7 8 9 10 11 12 13 14 15 16 17 18 19 20 21 22 23 24 25 26 27 28 29 30 31 32 33 34 35 36 37 38 39 40 41 42 43 44 45 46 47 48 49 50 51 52 53 54 55 56 57 58 59 60 61 63 64 65 66 67 68 69 70 71 72 73 74 75 76 77 78 79 80 81 82 83 84 85 86 87 88 89 90 91 92 93 94 95 96 97 98 99 100
prythee 65
parnaso 77
puttees 55
printer 9 12 34 55 70 72 73 77 79 83 90 91 98 99
printen 91
printed 1 2 3 4 5 6 7 8 9 10 11 12 13 14 15 16 17 18 19 20 21 22 23 24 25 26 27 28 29 30 31 32 33 34 35 36 37 38 39 40 41 42 43 44 45 46 47 48 49 50 51 52 53 54 55 56 57 58 59 60 61 63 64 65 66 67 68 69 70 71 72 73 74 75 76 77 78 79 80 81 82 83 84 85 86 87 88 89 90 91 92 93 94 95 96 97 98 99 100
posings 44
printin 5 46
picollo 53
picolle 53
putteth 9 26 45
perfume 10 12 13 18 23 26 27 35 39 40 42 44 49 51 55 56 61 65 66 67 68 71 77 78 79 81 84 94 100
puttest 9
pleiads 22 65
proveth 9 45 88
provers 49
proverb 7 9 11 12 14 16 26 27 28 32 37 39 40 41 45 46 49 55 56 65 71 73 77 79 80 83 84 89 92
provest 88
parvulo 49
parvula 49
perform 1 2 3 4 5 6 7 8 9 10 11 12 13 14 15 16 17 18 19 20 21 22 23 24 25 26 27 28 29 30 31 32 33 34 35 36 37 38 39 40 41 42 43 44 45 46 47 48 49 50 51 52 53 54 55 56 57 58 59 60 61 63 64 65 66 67 68 69 70 71 72 73 74 75 76 77 78 79 80 81 82 83 84 85 86 87 88 89 90 91 92 93 94 95 96 97 98 99 100
prinzip 63
piscine 28
peevish 11 12 13 26 37 41 49 52 55 68 71 72 73 76 79 81 82 84
pasijan 53
paredes 77
prayeth 9 26 45
pirynge 53
prayers 1 4 6 7 9 10 12 13 14 15 18 19 22 23 26 27 28 29 32 34 35 37 38 39 40 41 42 44 45 46 48 49 50 51 54 55 56 60 65 68 69 70 71 72 74 76 77 78 79 80 81 82 83 84 85 88 89 90 94 99
puttana 55
papered 10 40 56 71 72 78 94
piously 12 26 27 40 42 45 49 55 68 79 83 88 94
proviso 49 55 63 76 89
provisa 49
promptu 49
prompte 12
prompts 1 12 36 40 44 49 55 65 79 92
pedro’s 77
priests 7 12 13 18 24 26 28 32 35 37 39 40 41 42 45 49 51 53 55 60 64 65 73 77 79 80 81 82 85 89 94 97 100
phylace 22 65
paletot 12
palette 10 18 23 94
pardner 14 55 94
pisteno 45
petenti 49
pardons 12 23 26 77 79 84 92
prinked 94
pardon. 79
prodita 49
pugiles 49
plaisir 37 41 49 92
prodigy 12 13 16 26 29 31 32 39 40 42 49 54 60 65 69 71 73 79 82 89
plunket 55
plaited 14 18 23 37 39 40 44 55 65 68 69 74 90
phthook 55
promise 1 3 4 6 7 9 10 11 12 13 14 15 16 17 18 19 20 21 22 23 26 27 28 29 30 31 32 33 34 36 37 38 39 40 41 42 43 44 45 46 47 48 49 50 51 52 53 54 55 56 59 60 61 64 65 67 68 69 70 71 72 73 74 75 76 77 78 79 80 81 82 83 84 85 88 89 90 92 93 94 97 98 99
pardies 55
pardieu 9 12 79
phegeus 65
peter’s 4 17 39 40 55 77 79 85
pardine 12
phoebus 45 49 65 71 80
provant 77
pudenda 73
pomatum 37 40 41 82
paisley 55
palermo 12 79
pulcrum 49
pistons 33 86
prodded 30 33 39 55
pannier 55
puberty 44 55 62 92
pistoia 7
prefect 12 31 39 79 84 88
pistols 6 10 12 14 27 32 39 40 41 43 47 60 68 69 72 73 74 76 77 78 79 81 90
pistol. 72
princes 7 9 12 17 20 22 23 26 28 29 35 38 39 40 41 42 45 49 55 60 61 65 73 76 77 79 80 82 83 88 89 91 94 97 98 100
pullman 30 55
prouver 39
pessach 55
pignate 53
punches 40 42 69 71 77 79
punched 13 55 69 77 78 79
pelpeli 53
poisson 12
ponendo 53
phoenix 26 49 55 64 65 71 72 78 80 91
puerile 10 12 34 49
ponente 53
pioueua 53
piouete 53
plunder 8 12 13 15 20 31 37 39 40 49 60 65 66 68 70 73 76 77 78 79 80 82 91 93 99
pinhead 55
pannels 84
parvenu 51 84
poetria 55
pringle 12
pulling 1 3 6 12 13 14 16 17 21 22 23 26 27 28 29 30 33 35 37 38 39 40 41 42 44 45 46 48 49 50 51 53 55 56 57 59 60 66 67 68 69 70 71 72 73 74 75 77 78 79 80 81 82 84 85 90 93 94 99 100
phyleus 65
plained 10
plainer 5 11 13 14 16 21 27 39 49 60 65 71 72 76 77 78 85 88 92 97
petered 21 55
prefers 10 12 16 21 39 40 41 49 53 55 65 71 78 79 80 92 94 98 100
preferr 83
plunges 10 12 22 25 27 28 29 49 55 65 68 69 76 77
plunged 1 6 9 12 13 14 18 21 22 23 26 27 29 30 32 33 34 37 38 39 40 41 42 43 44 46 47 48 49 51 52 54 55 56 57 60 65 66 67 68 69 71 74 76 77 78 79 80 81 82 84 85 88 90 92 93 94
plainly 1 3 4 5 6 9 10 11 12 13 14 16 17 18 19 20 21 22 26 27 28 29 30 31 33 34 36 37 39 40 41 42 43 44 45 46 47 48 49 50 51 54 55 56 60 61 63 65 68 69 71 72 73 74 76 77 78 79 80 81 82 83 84 85 88 90 92 94 95 97 100
prodest 49
plaints 26 50 65 79
pigmies 10 71 73
pianosa 79
pianola 55
putavit 49
pursute 45
pumping 12 13 30 31 40 44 47 48 55 60 70 78 81
pawpaws 33
peregre 49
poetess 22 26 66
pecunix 49
pecunia 28 49
pumpkin 1 28 35 44 52 55 73 78 85
prentis 68
packets 12 14 41 48 55 66 71 76 77 78 83 94
packers 13 18 23 71
pulleys 39 73 76 80
pullery 13
pullest 26
pulleth 9
pullets 77
pudeat. 49
phagous 46
poorest 4 22 26 27 28 37 39 40 41 48 55 68 80 94
peeling 12 21 27 28 31 37 38 40 41 49 55 66 71 78 79
pigment 55
preface 4 9 10 12 14 16 20 22 23 26 27 28 32 37 40 41 45 47 49 50 53 54 63 65 68 69 71 73 76 77 78 79 83 85 90 91 92 93 95 97 98
putares 84
poetics 49 65
poetica 49
punktes 63
punkten 63
peperit 49
pulcher 49 92
pibroch 12
poison. 79
poisons 13 22 23 26 34 36 41 42 48 49 55 60 65 73 76 77 79 81 89 94
pejorem 49
palmyra 34
pianist 18 42 55
packing 1 4 6 10 11 12 13 14 18 22 23 27 30 37 39 41 42 44 48 54 55 67 70 71 76 77 78 83 84 94
proluit 49
pursuit 1 4 6 7 10 11 12 14 16 17 19 20 22 23 26 27 28 29 30 32 34 37 38 39 40 41 43 45 46 47 48 49 51 53 54 55 60 65 68 69 71 72 73 74 76 77 78 79 80 81 82 83 84 85 89 90 93 95 99
poorish 46
pecular 27
pursues 10 12 15 26 38 39 49 53 55 65 71 74 77 78 79 80 88 89 90 97
pursuer 12 13 20 27 34 35 48 52 76 77 78 79 84
pursued 1 4 6 9 10 11 12 14 16 17 18 19 20 21 22 26 27 28 29 30 31 32 34 35 37 38 39 40 41 42 43 44 46 47 48 49 52 54 55 56 60 64 65 67 68 71 72 73 74 76 77 78 79 80 81 84 85 88 90 92 93
pirogue 18
pitfall 12 13 14 49 50 60 71 77 78
pulchre 28
pomaded 12 37 39 41
putamus 49
pwoceed 39
procris 22
pluviae 49
pardeca 53
proudly 5 11 12 15 16 17 18 20 25 26 27 30 31 33 34 35 37 39 40 41 42 44 46 49 51 55 56 61 65 66 68 69 71 72 75 77 78 79 80 85 88 92 93 94
paction 97
prewent 14
pimlico 55
plumpin 5
plumply 55
plumper 28 39 55
plumped 6 21 39 41 42 44 55 94
pluvius 55
prouder 12 32 40 49 56 65 66 68 69 71 73 78 88 92 94
pingues 49
pinguis 49
punting 82
privies 12 53
parmaes 98
paley’s 40
picnics 14 41 56 69 70 94
privity 9 77
privily 9 55 68 88
pursily 55
ponebat 49
polenov 41
parures 12
polenta 79
pursing 39 42 55 71
poorbox 55
poached 55 68
poacher 10 12 14 72
potluck 40
poising 14 27 40 68
prolong 10 12 15 16 21 27 36 39 41 46 49 54 57 65 68 72 74 77 78 79 81 83 86 90 96
puzzoli 79
pingree 85
procure 2 4 10 11 12 15 16 18 19 28 38 39 40 41 44 45 47 49 50 52 55 60 65 68 72 73 74 77 78 79 80 81 82 83 88 90 97
punters 82
plights 65
perenni 49
poleman 31
plaques 12
polemic 39 83 89
proctor 49 55 71
plowter 33
polemon 49
polenka 37
poleaxe 55
palmite 98
palmito 53
puddles 4 11 13 23 28 39 76 94
patch’s 55
penning 12 40 66 72 73
pervide 27
prendre 10
pennies 4 13 21 26 38 40 42 50 55 61 94
perdunt 49
puzzles 10 16 22 26 34 43 46 47 56 66 77 79 84 92
puzzler 27 34
pennibs 55
puzzled 1 3 4 5 6 10 11 12 13 14 15 16 17 18 19 21 22 23 28 29 30 31 34 35 37 39 40 41 42 43 44 46 47 48 49 50 51 52 54 55 56 57 58 60 61 67 69 70 71 72 74 75 77 78 79 80 81 82 83 84 85 90 94
phineas 27
polecat 12 55
priming 6 79 83
private 4 5 7 10 11 12 13 14 15 16 17 18 19 20 21 22 23 25 26 27 28 29 30 31 33 34 36 37 39 40 41 42 43 44 45 46 49 50 51 53 54 55 56 59 60 62 65 66 67 68 69 70 71 72 73 74 75 76 77 78 79 80 81 82 83 84 85 88 89 90 93 94 95 96 97 98 99
privati 49
panders 13 49
prussia 12 39 55 83 92 95
prussic 23 55
prenard 12
puntalm 53
parleys 39 49
p.p.p.s 41
pudmini 33
prenais 12
privacy 19 21 28 37 49 55 64 67 71 77 79 84 85 88 92 95
prenant 12
pervert 16 34 73 77 88 89
palmers 19 23
preened 55
parcels 4 5 11 12 16 17 19 30 36 37 39 42 45 47 49 51 55 60 68 71 76 78 81 83 93 94 97
penners 45
pluming 10 44 55 79
parcere 49
plowing 33 39 56 69
phrynis 49
primmed 56 94
proclus 49 80
prengtd 14
pseudol 49
prolegg 65
parlare 53
parlaua 53
pudding 4 5 10 12 14 16 17 27 28 37 38 39 40 41 42 52 55 56 66 70 71 73 78 83 93 94
piteous 3 4 9 21 23 24 27 33 37 38 39 40 41 43 46 47 50 51 55 60 68 71 72 77 78 79 81 94
parlano 53
parched 13 18 21 22 23 28 30 35 37 38 39 40 41 44 46 48 52 55 60 66 73 74 77 78 79 84 88 90 94 99
plummet 12 14 40 92
plummer 32
plowmen 39
pagan’s 40
penelon 79
pairint 71
pairing 12 52 55 80
piangev 53
paupers 4 14 51 55 68 71 76 78 80
primate 55 79
primary 12 15 26 39 40 44 45 49 55 65 67 73 75 77 78 80 84 88 89 92
pilgrim 10 13 14 23 28 31 32 35 39 40 41 51 55 70 71 77 81 83 85 88 94
paganry 55
patches 5 6 14 17 19 21 23 25 26 28 30 31 33 34 39 40 41 42 43 46 48 49 51 55 56 57 61 70 74 76 77 78 80 90 95
patched 5 6 11 12 15 22 37 40 41 43 49 52 56 66 68 71 76 77 78 88
puddeny 55
patchin 70
pissing 44 55
pandour 12
parlour 6 10 11 14 16 19 34 37 38 42 44 48 49 55 57 66 67 68 71 72 78 83 93
parlous 55
parloro 53
parlors 13 19 27 28 40 51 70
primers 23 28 40 83
proceed 1 3 4 7 9 10 11 12 13 14 15 16 18 19 21 22 26 27 28 29 32 35 37 39 40 41 43 44 45 46 47 49 51 53 54 55 56 59 60 62 63 65 68 69 71 72 73 74 76 77 78 79 80 81 82 83 84 85 88 90 91 95 97
plumage 6 10 12 22 27 28 39 40 52 55 61 65 68 71 77 78 79 84 85
primera 53 77
palmnut 55
process 1 4 5 6 10 11 12 13 14 16 18 21 26 27 28 29 35 37 39 40 41 44 46 47 48 49 55 56 63 65 66 68 69 71 72 73 74 76 77 78 79 80 81 84 85 86 89 90 92 93 94 95 96 97
palmoil 55
pasha’s 79
plowboy 52
plumbed 73
plumber 13 14 21 55
pandies 55
pandion 65
priding 39 73 91
pockets 4 5 6 10 12 13 14 17 18 21 23 27 28 29 31 33 34 37 38 39 40 41 42 46 47 48 49 50 52 54 55 59 60 61 66 67 68 69 70 71 72 73 76 78 79 83 84 85 93 94 100
packard 70
pocket. 38 71
pecudes 49
package 5 12 13 27 31 46 51 63 67 68 78 84 85 91 93
pennons 40 55 77
plowdon 40
posture 4 6 7 10 12 16 19 28 29 34 40 44 45 46 49 54 55 59 60 65 68 71 73 74 75 76 77 79 81 83 84 85 90 94 97
piraeus 22 80
porpora 79
pouting 27 37 39 41 44 55 71 72 78
progeny 17 20 30 40 55 65 74 77 79 80 90 98
pastels 79
psychic 46
pasteur 55
pastern 55 73
psychal 84
puteaux 12
pageant 14 23 27 40 49 56 93
pageboy 39
panza’s 77
pherusa 65
pelisse 10 12 37 40 55
propaty 70
police. 37
ptolemy 40 45 49 53 55 77 84
ptolema 12
policar 79
pommels 9
phoymio 49
propago 49
placuit 49
puellae 49
puellam 49
pygmies 28 66 100
postman 10 12 29 37 40 46 55 66 67 71 79 94
pelagon 65
pwfungg 55
postmen 12 71 78
pelagia 49
placest 12 88
placere 49
penises 53
piazzas 84
pegolla 53
purefoy 55 73
pyyrhon 49
pastors 41 45 51 73 76 98
pyrford 48
penrose 55
proosia 21
placida 49
placide 65
placidi 49
praisin 27
praised 4 7 9 10 11 12 14 16 17 19 23 26 27 28 33 35 37 38 39 41 42 44 45 46 49 51 55 56 64 65 66 69 70 71 72 74 77 78 79 80 82 85 88 90 92 93 94
praiser 26
praises 7 11 12 14 16 19 20 22 26 28 33 37 39 40 41 42 44 45 49 54 55 65 71 73 74 77 78 79 80 85 88 90 91 92 94
penitus 49
praise. 71
pasties 41
pasting 43 94
placing 1 10 11 12 13 14 16 18 19 21 22 23 27 28 32 39 40 41 42 43 44 45 46 49 53 55 60 61 65 66 68 71 72 73 74 76 77 78 79 80 83 84 86 88 90 95 97
pastime 10 18 26 28 39 41 44 45 49 53 64 66 76 77 79 85 88 90 94 98
pouters 44
pupella 40
placket 55
pisenor 22
payarne 9
podarge 65
pichate 53
parolla 53
parolle 53
platoon 12 39 65
porgemi 44
pdf.tex 63
posters 12 13 39 55
postern 9 12 14 55 67 72 77
pecollo 53
pshawed 10
pebbles 3 12 14 23 26 27 33 38 40 51 55 56 65 66 67 71 72 73 77 79 82 84 85 86
plebeia 49
postboy 12 14 68 93
poppies 5 12 23 26 55 61 65 66 79 84 94 100
popping 23 27 39 40 41 56 85 94
payroll 13
perhaps 1 2 3 4 5 6 7 8 10 11 12 13 14 15 16 17 18 19 20 21 22 23 25 26 27 28 29 30 31 32 33 34 35 36 37 38 39 40 41 42 43 44 45 46 47 48 49 50 51 52 53 54 55 56 57 58 59 60 61 62 63 65 66 67 68 69 70 71 72 73 74 75 76 77 78 79 80 81 82 83 84 85 86 87 88 89 90 92 93 94 95 97 98 100
pausing 4 6 11 12 14 19 21 27 28 39 40 41 42 44 46 51 54 55 56 57 65 68 71 72 74 76 77 78 79 84 85 90 94 95
platter 10 12 13 32 33 53 55 61 77 84 93
placari 49
placard 12 13 18 23 40 48 55 71 77 89
popguns 28 52 55
pooling 55
posting 12 13 14 34 39 41 43 44 46 49 52 57 58 66 71 76 77 78 79 92 94 95 97 98 99
prairie 13 18 26 27 28 34 40 43 55 61 70 84
pruning 1 10 12 37 40 55 64 65 77 80
passons 41 91
pdf.pdf 63
passout 55
proxima 49
pliancy 10 11 49 77 80
perymal 53
profuse 11 40 44 46 49 55 66 68 71 77 78 83 84 86 92
pelides 65
placebo 44
posthac 49
panglao 53
placeat 49
pelican 45 55
padrone 79
punnets 55
payable 54 71 79 82 83
profile 10 12 14 27 37 39 40 41 42 43 47 52 55 57 65 68 75 78 84 94
profits 1 2 3 4 5 6 7 8 9 10 11 12 13 14 15 16 17 18 19 20 21 22 23 24 25 26 27 28 29 30 31 32 33 34 35 36 37 38 39 40 41 42 43 44 45 46 47 48 49 50 51 52 53 54 55 56 57 58 59 60 61 63 64 65 66 67 68 69 70 71 72 73 74 75 76 77 78 79 80 81 82 83 84 85 86 87 88 89 90 91 92 93 94 95 96 97 98 99 100
platir. 77
platirs 77
plating 12 20 46
platina 84
poole’s 10
pliable 40 41 49 72 80
pitiful 4 11 12 13 16 18 21 22 26 27 28 29 31 37 38 39 40 41 42 46 49 51 54 67 70 72 77 78 79 80 83 84 88 92 99
punning 12 44 80 83
pitiest 88
pinarus 65
pinsent 63
picheti 53
poussin 79
prehook 63
postage 28 55 57 77 86
poolbeg 42 55
postbag 29
per’aps 69
proofes 45
poppet. 37
poppens 42
pdf.zip 63
poppets 12
pinay’s 79
passant 16 27 40
pedants 12 49 51 73 77 80 92
prigged 12
piegate 53
profane 12 27 32 40 41 42 43 45 49 51 55 60 65 68 71 73 74 77 80 85 88 90 94 96 97
panovie 41
pleashe 55
pleasur 91
plataea 49
pleaser 55
pleases 1 3 4 5 7 8 10 11 12 13 14 15 16 22 25 27 28 33 35 36 38 39 40 41 44 46 49 53 60 61 66 68 72 73 74 77 78 79 80 82 83 84 85 89 90 91 92 94 97
please. 21 38 71
pleased 1 2 3 4 5 6 7 9 10 11 12 13 14 15 16 17 18 19 20 21 22 23 25 26 27 28 30 31 32 33 34 35 36 37 38 39 40 41 42 43 44 45 46 49 50 53 54 55 56 57 58 59 60 61 62 65 66 67 68 69 70 71 72 73 74 75 76 77 78 79 80 81 82 83 84 85 88 89 90 91 93 94 97 98 99 100
plugger 44
plugged 12 40 55
passest 9 27 99
passeth 9 10 26 27 45 82 88 98 99
passers 4 12 21 26 28 37 41 44 55 76 79 80 94
pleated 40 55
proffer 9 40 88
pylorus 79
panopea 65
panoply 12 21 44 55 65 77 85
pushkin 37 41
plato’s 28 40 45 49 55 80
pithily 71
profess 1 2 4 11 13 15 19 26 27 28 34 39 43 45 49 50 52 55 63 65 71 77 78 79 80 83 85 88 89 95 98 99
profest 45
pinions 10 26 28 56 64 65 71 78 84
podrida 27 77 79
pestles 26
pailful 28 53
paterna 49
paterni 49
pigfoot 55
possunt 49 97
plateau 6 12 28 34 77 84 94
potocka 39
pinings 27 92
passait 12
passage 1 3 4 5 6 7 9 10 11 12 13 14 16 17 18 19 20 21 22 23 26 27 28 29 30 31 32 33 34 37 38 39 40 41 42 43 44 45 46 47 48 49 51 53 54 55 57 60 61 63 65 66 68 69 70 71 72 73 74 76 77 78 79 80 81 82 83 84 85 88 89 90 91 92 93 94 95 98 99
polypus 12 22 49 65
parfait 41
pioneer 10 27 34 38 40 67 74 79 90
pleas’d 45
polydus 65
prowled 12 26 30 48 55 70 71 72 78
prowler 12
podicem 49
pushing 5 6 10 12 13 14 16 17 18 21 23 26 27 28 29 31 33 34 37 39 40 42 43 44 46 47 48 49 50 51 53 55 57 59 60 67 68 69 70 71 72 73 76 77 78 79 84 93
p’inter 6
p’inted 69
pheidon 22
pronoun 28 55 66 68 76 78
pronous 65
polybus 22 65
pipings 41
preying 13 26 27 28 30 46 55 56 80 89
possing 55
possint 49
porfiry 37 41
padre’s 60
pushcar 55
pedasus 12 65
perplex 10 14 24 39 49 51 56 72 73 77 78 85 94
puffing 12 13 21 27 32 33 34 37 39 40 42 43 47 48 49 55 61 65 69 71 77 78 80
puffins 33
plate’s 55
paul’s. 21
poverty 4 7 9 10 11 12 13 14 16 19 22 23 24 26 28 31 32 35 37 38 39 40 41 42 44 45 48 49 50 51 55 56 57 60 65 66 68 69 71 73 74 76 77 78 79 80 81 82 83 84 85 88 90 92 93 94 95 96 98 99
pescara 49
prepuce 49 55
puckler 84
polygon 78
papoose 99
passion 1 3 4 5 6 10 11 12 13 14 15 16 17 18 19 21 22 23 26 27 28 29 30 31 34 35 37 38 39 40 41 42 43 44 45 46 47 48 49 50 51 54 55 56 57 60 64 65 66 67 68 69 71 72 73 74 76 77 78 79 80 81 82 83 84 85 88 90 92 93 94 97 100
pusheth 26
passing 1 3 4 5 6 7 8 9 10 11 12 13 14 16 17 18 19 20 21 22 23 26 27 28 29 30 31 32 34 35 36 37 38 39 40 41 42 43 44 45 46 47 48 49 51 52 53 54 55 56 57 60 61 63 64 65 66 67 68 69 70 71 72 73 74 76 77 78 79 80 81 82 83 84 85 86 88 89 90 93 94 95 98 100
passive 7 10 12 14 15 16 26 28 30 39 40 41 42 44 45 49 51 55 68 71 72 74 76 79 80 85 89 90 92 94 97
pacuvio 49
perouse 28
puckers 42 55
prudish 77
pregolo 53
perotto 23
plasmic 55
peanuts 18 66
poterat 49
pronged 22 39 40
peppers 52
peppery 12 77 94
poterit 49
poterie 12
pauilau 53
pucking 55
potesse 49
possess 4 7 8 9 10 11 12 13 14 15 16 18 19 21 23 26 27 28 30 32 35 36 38 39 40 41 43 44 49 53 55 56 57 58 63 65 66 68 71 72 73 74 76 77 78 79 80 81 82 83 85 86 88 89 90 92 94 95 97 98 100
possest 45
parnell 42 55 65
palfrey 9 55 77
pleaded 3 4 5 8 10 11 13 14 17 18 27 29 30 31 36 39 42 44 45 46 49 51 54 55 56 57 61 65 69 71 72 73 76 77 79 83 85 93 94
pleader 49 79 83
poictou 49
prowess 9 10 12 13 20 22 30 39 49 55 65 66 77 79 80 83 98
powring 45
purloin 12 49
pauigli 53
priores 49
pitying 5 10 13 14 19 22 24 26 27 39 49 50 55 56 65 68 70 72 76 78 79 80 82 85 88 94
pateaux 12
plastic 23 26 28 55 80 82
parenth 10
parenti 49 53
parente 53
parent. 80
plaster 1 6 10 12 13 14 21 25 27 28 33 34 37 39 40 46 48 49 55 57 71 77 78 79 82 84 85 93 94
p’r’aps 6 14 68
parents 2 4 5 7 8 10 11 12 13 14 15 16 17 19 21 22 23 24 26 27 28 29 32 33 35 37 38 39 40 41 42 44 45 46 47 49 50 51 52 53 55 56 59 60 62 65 67 68 69 71 72 73 74 75 76 77 78 79 80 81 82 83 84 85 87 88 89 90 92 94 96 97 98 99 100
possent 49
prepare 1 2 3 4 5 6 7 8 9 10 11 12 13 14 15 16 17 18 19 20 21 22 23 24 25 26 27 28 29 30 31 32 33 34 35 36 37 38 39 40 41 42 43 44 45 46 47 48 49 50 51 52 53 54 55 56 57 58 59 60 61 63 64 65 66 67 68 69 70 71 72 73 74 75 76 77 78 79 80 81 82 83 84 85 86 87 88 89 90 91 92 93 94 95 96 97 98 99 100
purlieu 55
pulvino 49
patella 49
phrased 13 23 27 29 39 55 75 83
phrases 5 6 7 9 10 12 13 20 23 26 29 31 37 39 40 41 42 43 44 45 46 49 51 55 57 65 67 69 71 73 76 77 78 80 83 88 89 92 94 96
pedaeus 65
purlins 28
purling 55 82
pouring 4 5 10 11 12 13 14 21 22 23 24 27 31 32 37 38 39 40 43 44 45 46 48 49 50 55 56 57 59 60 65 67 68 69 70 71 72 74 76 77 78 79 80 81 85 90 93 94 97 100
perpage 63
patente 49
posadas 55 77
patents 45 47 83
perozes 23
prudery 12 18 50 77
prudent 2 4 7 11 12 14 15 16 17 19 20 22 26 27 28 37 40 41 44 45 49 50 53 55 56 65 68 71 73 74 77 78 79 80 82 83 88 89 90 92 94 95 97
prudens 49
plashed 39
pulvere 12 49
pdftexk 63
potency 40 46 55 84 85 92
peppino 79
pharaon 79
pharaoh 15 45 55 78 79 93
pikeman 49
potenti 49
potente 53
pomkins 81
pretend 3 4 5 9 10 11 12 13 14 15 16 17 19 23 26 27 28 29 31 33 34 37 38 39 40 41 43 44 45 46 48 49 50 52 54 55 56 59 60 61 65 67 69 71 72 73 74 75 76 77 78 79 80 82 83 84 85 86 88 89 90 92 94 96 97
plannin 5
potions 12 49 55 77 94
purpled 65
planned 4 5 7 11 12 14 16 17 20 21 27 32 37 39 40 41 42 44 48 49 51 56 58 59 66 68 69 70 72 76 77 78 79 84 85 87 89 94
pretext 4 6 7 10 12 13 14 18 19 21 22 27 28 29 37 39 41 43 44 45 49 53 55 57 65 68 77 78 79 80 89
pitch’d 65
palazzo 26 79 84
parings 28 72
pearson 81 83
purpose 1 2 3 4 5 6 7 8 9 10 11 12 13 14 15 16 17 18 19 20 21 22 23 24 25 26 27 28 29 30 31 32 33 34 35 36 37 38 39 40 41 42 43 44 45 46 47 48 49 50 51 52 53 54 55 56 57 58 59 60 61 63 64 65 66 67 68 69 70 71 72 73 74 75 76 77 78 79 80 81 82 83 84 85 86 87 88 89 90 91 92 93 94 95 96 97 98 99 100
purport 1 4 11 16 21 39 49 52 65 68 71 72 74 77 78 80 83 85 90 92
prison. 41
prisons 12 14 26 27 28 37 39 45 49 60 76 78 79 80 82 84 93
pomonas 94
pretium 49
papists 2 45
palates 26 37 49 55
palatio 53
palatin 53
potitus 49 55
proinde 49 97
plantae 84
palatus 49
pizarro 40
paris’s 12 77
persona 45 49
persons 1 2 3 4 7 10 11 12 13 14 15 16 17 18 19 21 22 23 26 27 28 29 31 32 36 37 38 39 40 41 42 44 45 46 48 49 50 51 52 53 55 56 57 60 62 63 65 66 68 69 70 71 72 73 74 75 76 77 78 79 80 81 82 83 84 85 86 88 89 90 91 92 93 94 95 97 98 99
plotted 10 12 22 37 39 41 49 53 71 72 77 78 80 81
perjure 83
perjury 6 49 55 65 71 73 80
person. 31 71
palsied 4 10 12 13 27 40 55 68 85
plotter 76
palsies 66
pentice 55
plantin 5 49
planted 4 5 10 12 14 15 21 22 27 28 29 34 38 39 40 41 42 43 44 45 46 48 49 51 53 55 56 57 60 65 66 68 69 70 71 72 73 77 78 79 80 81 82 83 84 85 94 97
plantes 12 79
planter 4 10 18 21 27 32 51 60 81
palaver 28 42 72 77
pabulum 46 55 84
petando 53
palawan 53
proreus 22
parison 27
pitches 27 40 55 67
pitcher 5 10 12 13 14 16 22 27 34 38 40 49 55 56 66 68 71 72 77 79 84 94 97
pitched 4 6 9 10 11 12 13 14 15 19 27 30 33 37 39 40 41 42 44 46 48 49 53 55 57 60 68 70 71 72 73 77 78 79 81 83 94 97 99
peerage 12 23 78 79
planets 10 12 13 39 40 45 47 48 49 55 65 73 77 80 83 84 87 88 98
pariter 49
phrensy 40 49
phrenzy 49 68 84
pickaxe 12 55 60 68 70 77 79
pickard 81
pansies 5 10 55 94
prism’s 75
perth’s 40
pariunt 97
parrots 1 12 14 23 49 53 55 60 70 82
pellite 49
pacheco 77
pythias 54
pythian 22 45 49 51 65 80
priamus 9
prattle 4 10 12 13 39 49 68 69 85
powders 8 12 39 40 44 54 55 57 72
powdery 28 30 39 46 47 48 55 66 67
pythius 49
planier 79
pylades 12 65 77 88
pugnata 49
pratzen 39
papachi 55
pyjamas 31 55 67
parried 1 12 17 37 40 41 46 52 55
parries 12
pokorev 37
planius 49
planing 40 78
pokorny 55
planked 12 21 34
plotius 49
pellets 30 42 55 77
panaque 49
pellene 65
puppy’s 3
pelleas 9
padlock 12 40 55 70 71 77 78 79 84
patient 1 4 5 6 7 10 11 12 13 14 16 18 19 20 21 22 25 26 27 29 31 32 34 35 36 37 38 39 40 41 42 43 44 45 46 47 49 50 51 54 55 56 59 64 65 68 69 70 71 72 73 74 76 77 78 79 80 81 82 84 85 90 92 93 94 98 100
patiens 49 55
purging 45 49 53 80 91
priapic 44 55
priapus 12 44 45 49
pressos 49
pearl’s 85
panises 45
pressed 1 3 4 5 7 8 9 10 11 12 13 14 16 17 18 19 20 21 22 23 24 26 27 28 29 30 31 32 33 34 37 38 39 40 41 42 43 44 45 46 47 48 49 51 53 55 57 59 60 65 66 67 68 69 70 71 72 73 74 76 77 78 79 81 82 84 85 86 88 89 90 92 93 94 99 100
presses 12 13 21 22 27 46 48 49 50 54 55 65 75 76 77 78 81 83 92
peralta 53
prester 49 77
pressum 49
pelters 55
prob’ly 56
puppies 4 5 16 17 19 22 27 33 49 67 72 80 88 94
pelties 34
parquet 39 79 90
pigrees 65
pierron 12
pierrot 10 12 41
phormio 45
presque 92
pierres 77
pesetas 55
persant 9
plank’s 40
petitur 49
petitus 49
petites 12 55
palaces 12 13 15 28 39 47 49 51 52 55 65 67 68 71 74 77 79 84 88 89 90
phallic 55
potidea 49
paladin 12 77
plancus 49
presume 4 5 10 11 12 15 16 19 21 22 26 27 28 32 34 36 37 40 41 42 43 44 45 46 47 49 50 55 57 60 65 66 68 70 71 72 73 75 76 77 78 79 80 81 82 83 84 85 88 89 91 95
puppets 10 14 23 26 64 66 77 80 85
planche 12
petivit 49
piernas 12
panique 45
preston 81 84
porings 71
papier. 21
papiers 63
pensums 55
palafox 12
persian 12 13 21 23 26 28 39 40 45 49 53 65 73 74 80 82 83 89 90
polaoan 53
paribus 89 97
pitting 39
pershon 55
panacea 12 28 51 55 68 78 79 94
paprika 46
puroque 49
panache 55
prateth 26
praters 88
pratest 12
pershad 33
paridis 49
pathway 4 12 13 14 18 21 32 33 34 43 46 47 48 51 56 61 65 71 78 79 84 85
piastre 79
preside 11 12 31 37 39 40 51 65 71 73 74 78 79 80 81 90 94
pariete 53
persius 49
persist 7 10 11 12 22 26 27 32 37 40 41 45 49 51 55 60 65 68 72 77 78 79 83 84 89 92
press’d 49 65
picards 49
picardy 12 49
pratt’s 19
prating 10 12 22 40 41 49 73 88
priam’s 22 65
pelting 4 27 28 38 85 93
pledged 4 10 11 12 14 21 22 26 28 32 37 39 41 44 46 53 54 55 56 65 68 71 72 76 77 78 79 90 93 94
pledges 9 29 37 40 55 71 73 77 79
pledge. 77
parians 49
perseus 22 40 45 49 65 77 79 82
pariahs 92
peddles 14 28
peddler 13 39 40 56
panizzi 98
peddled 28
prozess 63
peddlin 5 40
pillier 18
perry’s 16 27
peritoa 77
peritis 49
petrals 77
pierces 12 49 65 77 78 80
piercer 40 55 68
pierced 4 6 8 9 10 12 13 15 17 20 21 22 23 26 29 31 37 38 39 40 41 42 43 46 48 49 51 53 56 64 65 66 69 73 74 76 77 78 79 80 81 82 85 88 90
penates 49
peggy’s 51
perish. 51
presage 26 45 46 49 65 68
panicum 53
paucity 7 12 45 46 51
pensive 9 10 12 16 27 29 31 37 39 40 41 45 47 49 52 55 56 60 65 66 70 71 72 74 76 79 82 90 94 100
pension 1 6 12 18 33 37 39 44 53 65 68 73 77 78 79 83 94 98
phlegmy 55
pimples 13 14 19 39 42 55 73 78
phlegon 1
pimpled 33
phlegms 49
pillers 9
pungent 10 13 14 18 21 39 42 46 48 54 55 66 67 79 84 94
preasts 91
plurima 49 97
preserv 83
perrier 75
pegging 14 40 55 70 94
periods 1 7 11 12 16 18 26 27 28 30 31 37 39 40 41 42 46 49 51 55 59 65 71 73 74 76 78 79 80 81 84 85 86 88 89 90 92 94 97
present 1 2 3 4 5 6 7 9 10 11 12 13 14 15 16 17 18 19 20 21 22 23 24 26 27 28 29 30 31 32 34 35 36 37 38 39 40 41 42 43 44 45 46 47 48 49 50 51 52 53 54 55 56 57 59 60 61 62 63 65 66 67 68 69 71 72 73 74 75 76 77 78 79 80 81 82 83 84 85 86 88 89 90 91 92 93 94 95 96 97 98 99 100
purfled 9
pimping 49 55 73 77
pedling 15
pylians 22 65
pipkins 60
poultry 4 10 11 12 13 14 16 19 21 27 28 35 38 49 52 60 71 76 77 78 79 81 83 85 93
petiere 49
pillars 9 10 12 13 16 18 20 22 23 26 27 28 39 40 42 43 45 47 48 49 50 51 53 54 55 64 65 66 67 68 69 73 76 77 78 79 84 85 94
pilcher 12
pillage 7 12 39 49 65 73 77 82
palings 11 12 39 48 51 52 68 70 71
paling. 16
pussful 55
prasses 91
peracti 49
petrify 49 76
pulgogi 62
potheen 55
pieriis 49
pillory 55 76 85
pajamas 46
pilloto 53
pillow. 38
pierian 49
pillowy 27
pillows 5 9 10 17 18 20 21 26 27 35 37 38 39 41 42 44 46 53 55 56 59 68 71 72 73 76 78 84 94
pulpits 40 46 71 75 77 83
pussies 94
pincher 46 68
pinches 12 13 42 49 55 68 72 77 86
pinched 3 5 6 9 12 13 18 21 33 37 38 39 40 44 46 49 50 51 55 56 57 66 68 69 70 71 72 73 76 77 78 82 84 89 93 94
preachy 12 94
phorcys 22 65
phorbas 65
petrels 12 55 71
palissy 79
palisse 12
painted 6 7 9 10 12 13 14 18 19 21 23 24 26 27 28 31 34 35 37 38 39 40 41 44 45 46 48 49 51 53 54 55 56 57 61 65 66 67 68 69 70 71 72 73 74 76 77 78 79 80 82 83 84 85 90 91 92 93 94 96 99 100
painter 6 11 12 13 18 19 23 27 28 31 37 38 39 40 41 42 49 55 65 66 71 76 77 79 80 82 84 91 95
paeonic 80
pahatov 41
periwig 55 77
phalces 65
pincers 12 37 38 40 44 49 72 76 77 79 86
pussens 55
plurall 45
purfect 46
petimus 49
phalanx 12 17 49 65 72 94
ponimus 49
pilling 9
pillion 55 73
pagodas 39
paulina 49
pauline 18
pagodes 39
poniard 12 40 49 55 65 77 79 82
pasture 9 10 12 18 19 22 26 27 28 34 38 39 40 41 43 49 52 55 56 58 64 65 71 74 76 77 78 80 90 97
propose 2 4 6 7 9 10 11 12 14 15 16 17 19 20 21 22 23 27 28 37 39 40 41 43 44 46 49 50 54 55 65 68 71 72 74 75 76 77 78 79 80 83 84 89 90 94
propped 6 10 12 14 22 28 31 39 40 41 42 46 49 55 56 57 59 66 68 69 70 71 77 78 84 94
pouched 55
pouches 12 18 27 35 39 46 60 79
pinkish 41 47
pelanno 53
pageref 63
pelarli 53
posuere 49
poodles 14 41 94
plautus 12 49
peepers 12 44
pirates 6 12 13 17 21 22 27 32 40 46 49 53 55 60 69 70 73 77 79 81 82 97
pirated 77
peridot 23
propter 49 97
poliska 79
papyrus 12 65 79
pointer 6 10 12 19 27 39 55 72
pointed 1 3 4 5 6 7 8 9 10 11 12 13 14 16 17 18 19 20 21 22 23 26 27 28 29 30 31 32 33 34 35 37 38 39 40 41 42 43 44 46 47 48 49 51 53 54 55 56 60 61 65 66 67 68 69 70 71 72 73 74 76 77 78 79 80 81 83 84 85 86 88 89 90 92 93 94 95 96
polites 22 65
politer 56 73
piddled 44
pointin 5
paskyre 13
politic 4 44 46 49 51 55 74 76 78 79 80 81 84 90 97
points. 80
peonage 51
proprio 49 79
pouldre 53
penally 88
perrete 49
painful 1 4 9 10 11 12 13 14 15 16 17 19 21 22 23 26 27 28 30 32 35 36 37 39 40 41 42 43 44 46 47 48 49 50 51 55 56 57 58 59 60 62 65 66 68 69 70 71 72 73 74 75 76 77 78 79 80 81 83 84 85 88 89 90 92 94
pedlers 12
propp’d 65
perinde 49
penance 9 11 12 14 16 26 27 28 35 41 45 49 55 56 71 72 77 78 85 92 93 94 98
pitapat 55
pinting 70
paeon’s 65
paining 11 12
penalty 4 7 12 13 14 15 17 23 26 28 29 32 34 36 41 44 45 49 55 64 66 68 71 74 76 77 78 79 80 84 85 88 89 90
plettro 77
periguo 53
perigot 9
paschal 55
pedlars 37 38 40 71 73
program 13 39 41 56 62
perigee 55
pitanea 53
pelasgi 22 65
pop’lar 27
paphian 44 65
panzino 77
prizing 39 41 49 66
peeping 1 3 4 10 12 14 17 18 21 27 28 31 34 37 39 40 41 42 44 48 49 51 52 55 56 60 66 68 69 71 72 73 74 76 78 81 85 90 93 94
peonies 56
prophet 7 9 10 12 13 15 18 22 23 26 34 37 40 41 45 49 51 52 55 64 65 71 73 77 78 79 80 84 85 88 89 93 98
pschatt 55
phakois 65
paineth 9
