qiama 53
qalle 53
qu’il 10 12 39 41 49 55
qalli 53
qu’un 12 39
qu’on 12 39 49 84
qu’en 12
q.e.d 30
quack 6 12 28 41 47 55 66 68 69 77 78 84 100
quays 6 12 42 55 79
quags 55
quaes 49
quaff 13 20 40 55 85
quado 53
qualm 6 41 47 54 55 56 72
quali 45 49
quale 49 53 78
quake 12 29 55 69 78 85 93
quail 20 23 26 29 51 52 68 71 77 78
quant 92
quand 10 12 37 39 49 55 92
quame 53
quate 49
quato 53
quasi 12 48 49 53 55 65 73 98
quash 55 76
quart 4 6 31 37 55 67 68 72 73 77 78 81 83 99
quare 46 49
quean 72
queat 49
queer 3 5 6 10 12 14 17 18 21 25 27 28 29 31 34 37 38 39 40 41 42 43 44 46 47 48 50 51 54 55 56 57 58 61 66 68 69 71 72 76 77 78 85 94
queen 3 4 5 7 9 10 12 14 16 17 19 20 21 22 23 24 27 28 30 33 37 38 39 40 41 42 44 45 49 50 51 53 55 56 61 65 69 70 71 72 73 74 76 77 78 79 80 81 82 83 84 88 89 90 92 94 98
queek 30
queli 53
quela 53
queis 49
qucnx 83
quena 53
quels 12
quelo 53
quell 10 13 14 15 55 65 68 81 85
quest 1 4 6 8 9 10 11 12 14 16 17 18 19 21 22 26 29 30 32 34 39 40 43 46 49 51 52 55 56 57 64 68 69 71 72 76 77 78 79 81 84 85 88 93
queto 53
query 10 12 39 46 51 55 66 77 79 81 84 85 94
quern 49
queue 12 44
quifo 53
quiff 55
quiet 1 3 4 5 6 7 8 10 11 12 13 14 15 16 17 18 19 20 21 22 23 24 25 26 27 28 29 30 31 33 34 35 36 37 38 39 40 41 42 43 44 45 46 47 48 49 50 51 52 53 54 55 56 57 58 59 60 61 64 65 66 67 68 69 70 71 72 73 74 76 77 78 79 80 81 84 85 88 89 90 91 92 93 94 97 98 99
quies 49
quiot 12
quipe 53
quint 29 49
quinn 83
quims 44 55
quine 12
quilt 4 9 10 37 38 39 40 41 42 55 57 70 72 73 77 94
quill 12 21 36 39 40 53 55 66 68 70 71 77 79 81
quite 1 3 4 5 6 7 9 10 11 12 13 14 15 16 17 18 19 20 21 22 23 25 26 27 28 29 30 31 32 33 34 35 36 37 38 39 40 41 42 43 44 45 46 47 48 49 50 51 52 53 54 55 56 57 58 59 60 61 62 63 65 66 67 68 69 70 71 72 73 74 75 76 77 78 79 80 81 82 83 84 85 86 87 88 89 90 91 92 93 94 95 96 97 99 100
quit. 71
quirk 94
quire 45 55 65
quips 12 80
quick 3 4 5 6 8 9 10 11 12 13 14 16 17 18 19 20 21 22 23 26 27 28 29 30 31 32 33 34 35 36 37 38 39 40 41 42 43 44 45 46 47 48 49 50 51 53 54 55 56 57 58 59 60 61 65 66 67 68 69 70 71 72 73 74 76 77 78 79 80 81 82 83 84 85 88 89 90 92 93 94 97 98
quiam 53
quiuy 53
quits 12 16 39 40 41 49 65 77 79 84 97
quito 40 49
quiui 53
quoth 6 9 20 30 31 35 55 76 78 88 98
quote 10 12 13 21 27 28 32 34 40 41 43 45 49 55 66 71 77 78 79 81 84 85 89 98
quota 28 39 49 55
quore 49
quoad 49
quoil 28
quoit 65 77
quoin 40
quurn 49
quype 53
qella 53
qelli 53
qelle 53
qello 53
