quesada 53 77
quaketh 26
quakers 15 27 40 81 83 85 91
quasque 49
quabaug 99
quassia 55
quizzer 55
quested 9
quohogs 40
quiroga 12
quaking 9 10 12 17 22 27 28 37 41 55 59 66 69 70 71 81 82
quesnel 79
quacker 58
qu’hier 12
qualify 10 16 29 39 49 50 68 71 73 77 83 89 92
qualifi 83
quattro 79
quatuor 49
qualrel 91
quell’d 65
quelala 61
quality 2 5 7 10 11 12 13 14 15 16 17 18 21 22 26 27 28 29 30 32 35 37 39 40 41 42 43 44 45 46 47 48 49 50 51 53 54 55 60 65 66 67 68 70 71 72 73 74 75 76 77 78 79 80 81 82 83 84 85 86 89 90 92 93 94 95 98
quoique 12 39
quisque 49
quibble 10 12 30 49 78 86
quamdiu 97
quellen 63
quelled 4 10 39 68 72 73 79 80
quelque 53
quadrat 63
quavers 33 52
quamvis 49 97
quickly 1 3 4 5 6 7 9 10 11 12 13 14 16 17 18 19 20 21 22 23 25 26 27 28 29 30 31 32 33 34 35 36 37 38 39 40 41 42 43 44 45 46 47 48 49 50 51 53 55 56 57 58 59 60 61 62 65 66 67 68 69 71 72 74 76 77 78 79 80 81 82 84 85 86 87 88 90 92 93 94 95 97 98 99
quicker 3 4 10 13 14 16 17 18 19 21 22 27 37 38 39 40 41 44 45 46 49 51 55 56 57 59 65 68 69 70 71 72 76 78 79 80 82 83 84 88 94
quicken 16 23 32 37 40 46 49 52 55 57 62 80 88 90
quemdam 49
quaedam 49
quitted 10 11 12 14 15 16 18 19 21 29 39 40 44 49 68 72 73 74 76 77 78 79 81 82 83 85 90 97
quitter 12
quittez 12
quilted 1 12 40 49 53 57 73 77 94
quaenam 49
quoting 1 12 27 30 33 34 39 41 42 45 49 55 65 71 72 78 79 80 84 94
quoties 49
quaerit 49
quaeris 49
qu’avez 10
quemque 49
quaeque 49
quilles 12
quandry 12
quoteth 45
quevedo 77
quceram 49
quidnam 49
quivers 5 12 27 40 53 64 65 70 84 98
quivery 55 70
quaffed 12 18 26 40 55
quiddam 49
quantum 14 49 73 92 96
quantus 45
quantas 49
quantae 49
queen’s 3 9 14 23 31 38 40 42 43 49 51 53 55 56 73 77 84 100
quentin 49
queenly 10 13 18 20 40 55 56
queerly 5 39 41 61 71 94
queerer 5 29
quinion 71
quint’s 29
quinine 33
quinlan 55
quietos 49
quietus 17 49 55 70 80
quietum 49
quietly 1 3 4 5 6 7 10 11 12 13 14 15 16 17 18 19 21 22 23 25 26 27 28 29 30 31 33 34 35 36 37 38 39 40 41 42 43 44 46 47 48 49 50 51 52 54 55 56 57 58 59 60 61 64 67 68 71 72 73 74 75 76 77 78 79 80 81 84 85 90 92 94 97 99
quieter 5 10 11 13 14 16 18 39 41 46 56 59 67 70 71 72 76 77 78 88 94
quieted 6 11 13 14 18 19 27 28 38 39 41 46 49 58 60 69 70 71 74 76 78 79 84 90 94 99
quexana 77
quinces 52 77
quincey 46
quinbus 73
quodque 49
quinque 49
quintus 9 49 65
quintil 49
quintin 14
quintal 53
quomodo 55
quomque 49
quoniam 49
quoeris 77
quixana 77
quixano 77
quixada 77
quondam 46 49 55
quiot’s 12
queyras 12
quixote 12 53 55 70 71 77 78 79 83
quahogs 40
quipped 49
quailer 55
quailed 10 14 22 29 32 40 49 51 54 69 71 77 79
quigley 55
quoodle 78
quartus 9
quartet 10 67
quarter 2 4 5 6 9 10 11 12 13 14 15 16 18 19 21 22 23 26 27 28 29 30 32 33 34 36 37 38 39 40 41 42 43 44 45 46 47 48 49 50 51 52 53 54 55 56 57 59 60 62 65 66 67 68 69 70 71 72 73 74 75 76 77 78 79 80 81 82 83 84 85 88 89 90 93 94 96 98 99
quartan 49 77
quartos 68 77
quarrel 1 3 4 6 9 10 11 12 13 14 15 16 18 19 20 21 22 23 24 26 27 28 30 31 32 37 38 39 40 41 45 46 48 49 50 51 54 55 56 59 60 65 66 68 69 70 71 72 73 76 77 78 79 80 81 82 83 84 88 93 94 97 99
qurters 91
qu’elle 10 12
quopped 55
quercus 49
queilan 53
queried 13 39 41 46 53 55 56
queries 10 51 53 55 65 73 80 83 84
quasdam 49
querist 77 80
