rrrpr 55
race. 22 76
ran’s 79
racer 6 55 65 69
races 7 12 13 14 18 20 22 26 27 28 30 32 37 39 40 41 46 48 49 51 52 55 56 65 67 73 79 80 88 92 97
raced 6 9 17 23 27 30 33 39 40 47 51 58 67
rabid 40 41 55 65 72 84
rabie 49
ram’s 22 55
rabbi 13 21 32 55
raddy 55
radat 49
radii 28 55
radio 49 62 86
radha 33
racks 22 49 65 76 88 94
racin 27
rache 34
racha 45
rages 12 13 14 20 39 44 49 55 65 72 78
raged 6 8 9 12 13 22 26 30 37 44 49 53 54 65 69 78 84 88 93 94
rafts 12 37 39 40 60 70 81 99
raffs 70
rat’s 37 39 55 68
raids 20 86
rainy 5 10 12 13 14 18 26 27 28 35 37 39 40 42 49 53 55 56 57 60 62 65 66 68 70 71 72 76 78 79 81 85 90 94 100
rains 5 8 10 12 13 14 27 28 33 39 40 43 46 49 53 55 58 60 61 62 63 65 66 70 72 73 76 77 79 81 86 94
raily 27
rails 10 12 13 14 21 27 28 31 34 39 40 41 46 48 49 51 55 68 70 71 72 77 78 79 83 86 94
raise 4 6 7 8 9 10 12 13 14 15 16 17 19 21 22 23 24 26 27 28 31 32 34 36 37 38 39 40 41 43 44 45 46 48 49 50 51 53 54 55 56 57 59 60 61 64 65 66 68 69 70 71 72 73 74 76 77 78 79 80 81 83 84 85 86 87 88 89 90 92 93 94 96 97 98
rahat 55
rahnd 48
rahab 55
rakes 8 10 14 28 32 39 40 44 49 55 56 79 92
raked 13 14 23 27 28 40 42 49 55 56 66 69 70 72 76 78 81 93
rajah 5 33 67
ramon 53 77
ramme 45
ramus 12 73 80 84
ramah 27
ramis 12
rally 7 10 12 26 40 44 46 49 56 65 68 72 73 76 78 96
ralph 83 98
raoul 12 18 26 55 79
ranns 55
randy 44 55
rance 34
range 6 9 10 11 12 13 14 16 18 22 26 27 28 29 30 34 37 39 41 45 46 47 48 49 52 55 57 63 65 68 69 70 71 72 73 74 76 77 78 79 80 84 85 88 89 90 92 93 95 96
ranes 91
ranks 4 7 9 10 12 13 15 16 18 22 28 31 32 33 37 39 40 41 46 49 51 54 55 56 65 69 71 72 73 75 76 77 79 80 82 85 89 92 96 97
rank. 10
rapto 49
rapid 1 4 6 10 11 12 14 15 16 18 19 21 22 23 26 27 28 30 31 34 37 38 39 40 41 42 44 46 48 49 51 52 55 56 57 60 61 62 65 67 68 71 72 74 76 77 78 79 80 81 82 83 84 85 86 89 90 92 93 94 96
raped 13 51 65
rapes 45 73
rapin 12 65
rapit 49
rate. 21
raths 39 55
rathe 20 55
rater 14 27
rates 12 13 23 28 40 42 45 53 55 57 68 71 83
rated 6 11 12 17 19 27 28 46 49 73 77 79 97
rasps 55
raspy 70 94
rarus 49
rased 9 91
rarey 94
rarer 26 28 32 46 49 55 84 92 100
raree 83
rarum 49
raves 49 52 65 72 92
raven 3 5 10 12 13 20 24 38 39 41 52 55 56 66 74 77 79 84 88 90 94
raved 4 5 10 12 14 16 18 21 27 32 40 41 44 46 47 68 71 74 84 90
ravel 14 49 99
ravin 27
raume 63
rauco 49
ratio 39 45 49 51 55 63 78 80 84
ratty 70
rawal 33
rawly 55
razes 12
razed 7 39 40 49 55 65 76
razis 49
razor 4 12 14 27 37 40 41 46 49 52 55 57 63 66 71 73 76 77 79 83 84 85
rayed 23 55
rayly 27
razum 39
rsten 39
rbski 39
rtige 63
re’ly 27
r.l.b 81
rchen 38 63
rchik 39
rul’d 49
rlich 55 63
ruche 94
ruble 39
rubor 49
rubio 55
rueda 77
ruens 49
ruder 27 28 37 39 49 51 55 92
ruddy 5 10 12 18 21 24 27 28 34 39 40 42 43 46 47 48 49 52 55 56 57 65 69 71 72 77 78 83 85 93 94
rudis 49
ruggy 55
rugen 49
rugel 77
rufus 45 46 49 55 71
rugby 23
ruffs 5 55 77 85
ruere 49
ruins 1 8 10 12 15 18 19 20 26 27 28 31 33 35 37 39 40 42 46 47 48 49 51 55 60 65 68 71 73 74 77 78 79 80 82 84 85 90 92 94 95 96 97
ruine 45 98
ruing 22 55
ruina 49
ruin. 80
rumps 49
rumpi 49
rumes 72
rumia 77
rumor 4 12 13 28 39 40 41 56 79 84 85 94
rummy 13 78
rules 1 2 3 4 5 6 7 8 9 10 11 12 13 14 15 16 17 18 19 20 21 22 23 24 25 26 27 28 29 30 31 32 33 34 35 36 37 38 39 40 41 42 43 44 45 46 47 48 49 50 51 52 53 54 55 56 57 58 59 60 61 63 64 65 66 67 68 69 70 71 72 73 74 75 76 77 78 79 80 81 82 83 84 85 86 87 88 89 90 91 92 93 94 95 96 97 98 99 100
ruler 10 12 13 14 20 22 26 28 39 41 45 49 53 55 61 65 71 76 77 78 79 80 81 84 85 88 89 92 93 97
ruled 7 9 12 13 15 20 22 26 27 30 31 34 38 39 41 45 49 51 53 55 61 65 71 74 76 77 78 79 80 81 84 85 88 89 90 92 94 98 99
rulle 12
rupes 49
rupee 33 75
rung. 80
rungs 12 55 84
runga 20
runne 45 98
rural 12 13 15 21 24 39 40 41 51 52 55 57 65 77 78 79 81 85 96
ruris 12
rupta 49
russo 39 55
russe 12 39
rusty 5 6 10 12 13 14 17 18 21 28 31 34 37 38 39 40 41 42 43 44 46 48 49 51 52 54 55 56 60 61 68 69 70 71 76 77 78 79 82 85 93 94
rusts 61
ruses 55 84 92
rusks 4 27
ruunt 49
ruxar 53
rdino 39
rdige 63
rdoba 53
red’s 41 55
rebuk 83
rebus 7 12 20 49 55
rebut 40
rebel 7 9 10 14 23 26 28 30 34 40 41 49 51 55 60 65 68 71 72 78 80 88 89 94
rebas 49
real. 79
reams 55 78 85
reals 49 77
reale 53
realm 7 9 10 12 13 18 20 26 28 30 35 39 43 46 49 51 52 55 65 66 69 73 77 80 84 85 92 96 98
reall 45 53
rears 12 40 55 65 92
reaps 49 65 71 77 89
reave 20
reach 1 3 4 5 6 7 8 9 10 11 12 13 14 16 17 18 19 20 21 22 23 25 26 27 28 29 30 31 32 33 34 35 37 38 39 40 41 42 43 44 46 47 48 49 50 51 52 53 54 55 56 57 58 59 60 61 64 65 67 68 69 70 71 72 73 74 76 77 78 79 80 81 82 83 84 85 88 89 90 92 93 94 95 97 98 100
react 28 39 80 89
read. 24
ready 1 2 3 4 5 6 7 8 9 10 11 12 13 14 15 16 17 18 19 20 21 22 23 24 25 26 27 28 29 30 31 32 33 34 35 36 37 38 39 40 41 42 43 44 45 46 48 49 50 51 52 53 54 55 56 57 58 59 60 61 64 65 66 67 68 69 70 71 72 73 74 75 76 77 78 79 80 81 82 83 84 85 86 87 88 89 90 91 92 93 94 95 97 98 99 100
reads 4 7 12 16 20 22 23 26 27 28 29 32 35 39 40 41 42 45 46 49 50 53 55 56 59 63 65 67 70 71 72 75 77 78 79 83 86 87 88 89 92 94 97 98
reduc 83
redan 12
reden 63
reddy 55 58
reddi 49
redde 53
redit 49
redly 6 12 27 42 48 78
recta 49
recur 7 10 12 16 39 40 42 43 44 74 88 90
recti 49
recte 49
recto 55 63
recks 20
recio 77
recht 63
refus 49 83
refre 53
regal 1 15 18 28 40 45 49 55 56 65 67 71 84 92 97
refit 15 28 78 81
refer 1 7 9 10 12 14 16 17 20 21 22 26 27 28 29 34 35 36 37 39 40 41 44 46 49 53 54 56 63 65 71 73 75 76 77 78 79 80 81 83 84 86 88 89 96 97
reefs 12 17 28 40 53 70 79 81
reedy 6 55
reeds 3 10 14 18 21 22 31 33 35 38 39 43 47 48 49 53 55 60 65 77 79 80 81 100
reeks 12 55
reely 27 70
reels 28 55 71 83
reign 4 7 9 10 12 14 15 16 20 22 27 28 30 37 39 40 41 42 43 45 46 49 51 53 55 60 65 71 73 74 77 78 79 80 81 83 85 90 91 95 97 98
regum 49
rer’s 39
reges 49 98
regem 97
regel 63
regie 65
regit 49
regis 45 49 55 98
regia 12 98
reggy 55
regno 97 98
regna 28 49
regni 7 49 84 97
reihe 63
reins 9 10 22 23 26 27 28 33 37 39 45 46 48 49 52 55 56 57 65 70 71 76 77 78 79 80 85 88 89 92 94
reine 18 55
reina 53
reims 12
reisz 18
remis 49
remit 27 37 45 49 65 77 79 83 97
remot 49
relye 45
rely. 71
relax 10 12 14 15 18 26 30 34 39 43 44 49 55 65 71 72 77 79 80 81 86 92
relay 12 27 39 79 86
relic 12 16 18 20 21 28 39 41 44 50 51 55 57 65 69 71 72 77 79 80 85 89 96
relit 39
rents 4 9 12 13 15 28 45 46 49 51 53 72 76 77 78 83 94 96
rense 49
rends 12 65 74 90 92
rende 53
rence 55
renal 49
renan 55 92
renew 1 4 10 12 13 14 15 21 24 28 29 35 37 39 41 42 43 44 45 49 55 57 60 65 68 71 72 74 76 77 78 79 80 85 88 90 94 97
remov 83
remus 49 79
reque 55
repel 11 15 37 39 40 49 55 65 71 77 78 79 80 82 88 89 92
reply 1 3 4 5 6 7 10 11 12 13 14 15 16 17 18 19 21 22 23 24 26 27 28 29 30 31 32 34 37 38 39 40 41 42 43 44 46 48 49 50 51 52 53 54 55 56 57 58 59 61 63 65 66 67 68 69 71 72 73 74 75 76 77 78 79 80 81 83 84 85 88 89 90 93 94 97
repli 83
repos 49
repub 49
repre 53
repay 7 9 12 14 21 22 26 27 36 37 38 39 41 43 44 55 56 58 61 65 71 72 74 76 77 78 79 80 83 88 90 92
resky 70
resks 70
rest. 4
resum 83
reste 10 12 49
rests 7 9 10 12 13 21 22 35 36 37 39 40 41 42 43 46 47 49 50 51 55 63 64 65 70 71 74 76 77 78 79 80 83 89 90 92 95 96
reset 55 63 79
resin 6 12 55 76 77
resis 70
rerum 49
reram 49
reuss 74 90
retta 55
retro 12 49 92
retch 42
retal 83
retia 49
rever 55
revel 9 27 28 33 35 41 42 44 52 65 71 74 78 84 90 94
reyni 12
reyna 53
reyes 53
roc’s 55 71
roang 53
roams 12 13 38 49 84
roans 39
roast 3 5 6 10 12 13 14 16 18 22 26 27 28 29 38 39 40 42 46 49 53 55 61 65 70 71 73 76 77 78 79 80 82 83 85 93 94 99
roars 12 13 14 27 28 41 55 65 68 71
roads 2 8 10 11 12 13 17 18 19 21 26 27 29 33 34 37 38 39 41 42 46 48 49 51 52 54 55 56 57 60 61 67 68 69 70 71 72 73 74 76 77 78 79 81 82 84 86 89 90 93 94
roach 5 28 55
road. 12 38 79
rocti 53
rocca 79
rock. 71
roche 9 12 23 49
rocky 6 12 13 22 31 33 34 39 40 46 51 52 53 55 61 65 66 67 69 70 73 74 77 79 84 90
rocks 1 6 8 9 10 11 12 13 19 22 23 26 27 28 30 33 34 35 38 40 43 44 45 46 47 48 49 51 52 53 55 56 58 60 61 65 66 69 70 71 72 73 74 77 78 79 80 81 82 83 84 86 88 90 91 93 94
rocke 45 65
robor 49
robur 49
robbs 45
robbe 45
robes 5 9 10 12 13 14 18 20 22 23 27 30 32 35 38 40 41 44 45 47 48 49 55 56 61 65 68 69 70 77 78 79 80 82 84 85 94
robek 82
robed 10 12 23 27 28 32 40 55 56 76 77 84
robin 5 10 12 14 16 17 24 28 46 52 60 69 71 83 93 94 98
rodya 37
rodas 53
roden 20
rohan 12
rogue 6 12 14 15 21 26 36 37 38 39 40 41 44 49 50 55 60 68 72 73 77 78 79 80 81 82 94 99
rogat 97
roger 6 12 14 17 34 49 53 55 76 79 83 85 93
rojas 77
rojer 53
rfoot 62
roles 39
roll. 100
rolls 4 10 12 14 27 28 30 33 37 38 40 41 43 49 51 54 55 60 65 67 68 71 77 78 79 83 94
rolle 63
rov’s 39
ronea 12
ronds 12 55
ronde 12 39
ronda 55
romeo 12 23 37 42 55 70 94
romes 45
romed 9
rome. 77
romic 50
romps 17 55 94
rompe 53
romam 49
roman 2 7 10 12 13 14 22 23 26 27 28 34 39 40 41 42 45 46 49 51 53 55 56 60 62 63 65 66 68 71 73 74 77 78 79 80 81 83 84 88 89 90 92 95 96 100
ropes 5 6 12 17 18 21 22 26 30 31 33 35 39 40 44 46 48 49 53 55 56 60 61 65 67 70 71 73 76 77 79 81 86 97 100
roped 33 55 70
roofs 10 12 13 14 21 23 26 27 28 31 33 38 39 40 42 43 46 48 52 55 65 67 68 73 77 78 82 84 93 94 100
rooms 1 4 5 6 8 10 11 12 13 14 16 18 19 21 22 23 25 26 27 28 29 32 33 34 35 36 37 38 39 40 41 42 43 44 46 48 49 51 53 54 55 56 59 61 65 66 67 68 69 70 71 72 73 74 76 77 78 79 80 83 84 85 90 91 93 94
roomy 13 27 34 40 41 48 51 55 71 77 78
roome 45
rooks 10 14 29 46 71 78 79 82
room. 14 38 40 67 71 79
roopy 71
roots 1 3 4 5 7 8 9 10 12 13 21 22 23 24 26 28 29 32 33 34 37 38 39 40 41 44 45 46 47 49 51 53 54 55 56 57 60 64 65 69 70 71 72 73 74 77 78 79 80 84 85 89 90 97 99
roote 45
roost 12 27 28 33 52 55 58 78
ronte 12
roods 40 55
roof. 79
rores 49
roque 53 55 77
rotto 55
rotte 65
rotat 49
roted 9
rotha 55
rotor 86
rosso 53
rosse 12
rossi 7
rossa 42 55
rosen 63
rose. 38
rosin 13 49
roses 3 5 9 10 11 12 13 17 18 23 25 26 27 29 33 36 37 38 39 40 41 46 48 49 51 53 55 56 63 66 67 68 71 74 75 76 77 78 79 80 82 85 90 93 94 100
rowed 4 14 22 38 40 56 60 65 69 71 73 77 79 81 82 94
rowdy 27 39 41 67
rowan 55
rover 10 12 26 40 55 60 78
roves 64 92
roved 4 10 26 30 38 46 55 66 67 93 94
rovna 39
rovsk 39
routs 49 79
route 1 4 5 11 12 16 22 26 28 32 34 39 40 42 44 46 48 49 53 55 68 69 74 77 78 79 82 84 86 90 94
routh 42
roust 70
rouse 5 9 10 12 13 14 16 17 19 20 21 22 27 30 34 37 39 40 41 44 49 51 55 65 68 70 71 72 73 74 76 77 78 79 81 83 85 88 90 94 95
rouze 97
rougy 55
rougs 91
rough 1 4 5 6 9 10 11 12 13 14 16 17 18 20 21 22 23 26 27 28 29 30 32 33 34 37 38 39 40 41 42 43 44 45 46 48 49 50 51 52 53 55 56 57 58 60 61 65 66 68 69 70 71 72 73 74 76 77 78 79 80 81 82 84 85 88 89 90 92 93 94
rouge 10 12 13 14 23 42 49 55 70 71 78 79 94
rouen 7 12 49 53 92
roule 12 79
roula 12
round 1 2 3 4 5 6 7 9 10 11 12 13 14 15 16 17 18 19 20 21 22 23 24 25 26 27 28 29 31 32 33 34 35 36 37 38 39 40 41 42 43 44 45 46 47 48 49 50 51 52 53 54 55 56 57 58 59 60 61 63 65 66 67 68 69 70 71 72 73 74 75 76 77 78 79 80 81 82 83 84 85 88 89 90 91 92 93 94 95 98 99 100
royce 55 67
royal 3 5 6 7 9 10 12 14 15 18 20 21 22 23 29 30 34 38 39 40 41 42 44 46 48 49 50 51 53 55 56 65 70 71 73 76 77 78 79 80 81 82 83 84 85 91 92 94 98 100
royer 12 53
rowel 55
rower 77
rowse 9
royol 12
rpers 63
ryder 21
rynde 53
ryuer 53
rytoj 13
rhena 65
rheni 49
rheum 49 55 77 84
rhead 6 62
rhino 55
rhine 10 12 18 28 39 41 49 51 55 56 71 74 79 90 94 98
rhone 12 49 74 90
rhoda 56
rhodi 53
rhode 4 51 83 84 99
rhyme 12 20 26 27 28 39 40 41 49 55 56 70 77 78 79 83 92
ribby 40
rials 60
riaux 12
riait 12
riden 91
ridet 12
rides 13 16 22 27 28 39 40 44 45 46 49 50 51 52 65 71 77 78 79 83 85 94
rider 6 9 10 12 19 26 27 28 34 38 39 40 45 46 49 52 55 66 73 76 77 78 79 83 92 94
ride. 71
ridin 27 57
ridgy 14
ridge 3 6 9 10 11 12 19 26 27 28 40 42 43 44 46 51 52 55 57 60 70 71 72 73 76 77 78 84
rich. 41
rin’s 39
ricks 14 46 71
richi 53
riche 51 53
ricos 53
rifle 6 12 13 14 18 21 27 30 31 33 34 40 43 46 49 54 55 65 66 71 77 78 79
rifts 21 28 33 43 46 55 69 74 90
rieux 12
riego 12
rigid 10 12 13 18 21 27 28 29 31 32 34 35 37 39 40 41 43 46 48 49 55 56 57 65 67 68 71 77 78 79 84 85 89 92 93 94 95 97
right 1 2 3 4 5 6 7 8 9 10 11 12 13 14 15 16 17 18 19 20 21 22 23 24 25 26 27 28 29 30 31 32 33 34 35 36 37 38 39 40 41 42 43 44 45 46 47 48 49 50 51 52 53 54 55 56 57 58 59 60 61 62 63 64 65 66 67 68 69 70 71 72 73 74 75 76 77 78 79 80 81 82 83 84 85 86 87 88 89 90 91 92 93 94 95 96 97 98 99 100
rigor 29 85
rigby 32
riled 27 55 56
rills 22 28 49 57 65 77 82 94
rikki 33
rikiu 66
rings 5 6 8 10 11 12 13 14 17 18 19 20 21 23 25 26 27 28 33 36 37 38 39 40 41 43 44 46 49 50 53 55 57 65 66 68 71 72 73 75 76 77 78 79 80 81 86 93 94
ringi 49
rinse 12 14 55 71 94
ring. 38 68 79
rinds 49 67
ripon 55
ripe. 38
riper 3 12 44 71 80 84 88 98
ripen 43 60 71 74 79 85 90 92 94
riots 10 12 40 51 55 96
risen 1 4 5 6 7 8 9 10 11 12 13 14 17 18 19 21 22 26 27 28 29 31 34 35 37 38 39 40 41 42 43 44 45 46 48 49 50 51 55 57 66 67 68 71 72 73 74 76 77 78 79 83 84 85 88 90 92 94 95 97
rises 1 3 4 7 10 11 12 13 16 17 18 19 22 23 24 26 27 28 31 33 36 38 39 40 41 44 46 49 50 51 55 64 65 66 71 72 75 76 77 78 79 80 84 89 94 95 96 99 100
riser 10 21 46 77 79 85
rise. 34
risis 79
risin 5 70
risks 4 10 12 13 16 21 27 28 29 30 31 33 39 40 44 47 56 58 69 77 79 80 92 94
risky 12 13 31 37 39 41 55 56 66
rad’s 40
riuer 53
ritra 53
rites 1 10 11 22 28 31 41 44 45 49 51 53 55 60 65 75 79 80 82 88
rita. 79
rivet 10 16 28 31 39 40 49 81
rives 55
river 1 4 6 7 8 9 10 11 12 13 14 16 17 18 21 22 23 24 26 27 28 29 30 31 32 33 34 35 37 38 39 40 41 42 45 46 47 48 49 50 51 52 53 54 55 56 58 60 61 62 64 65 66 67 68 69 70 71 73 74 76 77 78 79 80 81 82 83 84 86 89 90 91 92 93 94 97 98 99 100
riven 9 10 27 65 72
rivos 49
rived 9 27
rival 1 4 7 10 11 12 13 16 19 21 23 26 27 30 34 39 40 41 42 43 44 46 49 50 51 52 55 56 57 65 69 71 72 73 74 77 78 79 80 81 82 83 84 85 89 90 94 95
