redmond 55 56 100
rebecca 10 41 69
rebecks 77
rapiunt 49
renting 13 16 46 51
rigadig 40
rayless 10 47
roseate 55 65 66
rylandt 12
retards 47 65
rustler 12
rustles 12 27 40
rustled 3 12 14 30 31 33 39 41 55 56 66 68 70 76 79 84 94
rosebud 44 55 56 71 78 94
reptare 49
rustics 1 10 12 65 77
rusting 12 20 47 77
rustily 14 78
recious 14
rowdies 13 27
recipes 12 49 55 92
rafting 70
ragouts 49 82
ragoust 2
rafters 10 12 13 14 22 28 39 40 43 55 60 65 69 70 72 78 85
raftery 55
rotisya 7
rubbers 13 16 39 55 94
rubbeth 26
remplit 49
rentrez 39
recited 4 14 16 20 27 33 39 45 49 55 56 65 69 78 79 80 88 94
reciter 65
recites 80
recital 1 11 12 14 16 19 20 27 29 30 32 38 43 44 49 65 66 68 71 74 77 79 83 90
redeant 49
ruentis 49
recross 39
reynard 28 55
rubbage 69 70
reptile 4 12 26 28 32 40 41 45 65 68 70 72
ribotte 12
rummage 10 12 17 41 55 68 78 94
rapiers 39 53 98
roofers 12
redeems 12 31 83
rapidus 49
reopens 79
rapallo 26
reddere 49
reddest 12 78 97 100
reddens 44 65 70
remorse 4 10 11 12 13 14 17 18 19 23 27 37 38 39 40 41 42 46 48 49 51 54 55 56 60 64 65 68 69 71 72 74 76 77 78 79 80 82 84 85 88 90 92 93 94
rpukhov 39
reymers 97
reviles 65 77 80
reviled 9 10 22 26 49 66 85 88
reserve 1 6 10 11 12 13 14 15 16 18 19 21 22 23 26 29 30 33 34 36 37 39 40 41 42 44 45 47 49 50 55 56 57 60 66 67 68 69 71 72 73 74 76 77 78 79 80 83 84 85 89 90 91 94
remoter 14 26 30 40 48 50 68 69 74 80 84 90 95
remount 12 39 65 79
retablo 77
reddish 5 12 28 34 37 39 40 41 42 46 47 48 53 54 68 79 80 82 83
redding 28
removal 1 6 7 11 12 15 16 19 28 29 34 39 42 47 49 55 66 68 69 71 72 74 76 77 78 79 84 85 86 88 89 90 95 99
removet 49
removed 1 2 3 4 5 6 7 8 9 10 11 12 13 14 15 16 17 18 19 20 21 22 23 24 25 26 27 28 29 30 31 32 33 34 35 36 37 38 39 40 41 42 43 44 45 46 47 48 49 50 51 52 53 54 55 56 57 58 59 60 61 63 64 65 66 67 68 69 70 71 72 73 74 75 76 77 78 79 80 81 82 83 84 85 86 87 88 89 90 91 92 93 94 95 96 97 98 99 100
removes 12 19 34 41 49 55 63 65 74 77 78 89 90 95 97 98 99
ruidera 77
riuolte 53
roylott 21
refuse. 38 100
ricarte 53
reg’lar 13 40 69 71 76
refused 3 4 5 6 7 8 9 10 11 12 13 14 15 16 17 18 19 20 21 23 27 28 30 31 32 37 38 39 40 41 42 43 44 45 46 47 48 49 50 51 52 53 54 55 56 57 59 60 61 65 66 67 68 69 71 72 73 74 75 77 78 79 80 81 82 83 84 85 88 90 91 92 94 99
refuses 4 10 12 26 27 28 39 40 41 49 53 55 56 65 71 72 77 79 80 84 92 94 97
refusal 1 10 11 12 13 16 18 19 21 28 32 34 39 41 42 44 46 49 50 51 57 65 67 68 72 73 76 77 79 80 83 84 89 91
refusin 49
rochela 53
ricardo 28 77 89
rubaudi 12
refutes 39 55 81 89
refuted 15 16 26 41 45 49 63 72 75 80 83 84 89 92 95
rentals 51
rochers 49
revisit 10 14 28 33 49 72 74 78 79 81 90
revised 4 12 22 44 63 65 73 77 78 79 90
rcwidum 20
ricault 12
rearing 3 9 10 12 21 26 27 30 33 40 55 72 76 77 92
recio’s 77
ragging 55
reviver 77
revives 10 28 41 65 72 77
revived 4 6 9 10 11 12 14 16 18 19 20 26 27 28 32 33 37 38 39 40 41 46 47 49 55 60 65 71 72 73 74 76 77 78 79 81 83 84 85 89 90 94 99
reunite 10 39 41 49 55
revival 11 13 14 19 23 29 40 42 51 55 69 70 71 76 77 78 80 84 89
retaine 45
retains 11 12 15 27 28 40 45 49 51 53 54 65 72 74 78 79 80 84 90 91 95 97
reunion 4 12 13 27 39 42 44 55 71 85
rachael 78
ransack 9 10 37 39 48 84 98
renters 51 79
retaken 12 14 32 39 40 49 76 79
retakes 53
reueren 53
ronsard 49
romping 5 10 13 39 44 51 69 71 78 92 94
raundon 9
ruthful 55
replete 7 11 16 49 55 71 74 78 81 83 84 85 90
refelli 49
raddled 55
reasson 39
rollers 6 13 33 43 60 71
rolleth 26
riordan 55
ryehigh 55
ravines 12 28 31 33 34 39 40 74 90
ravined 12
ravings 10 41 46 49 72 74 77 82 89 90
redwood 66 81
replies 6 10 11 12 13 16 18 20 26 30 39 43 44 49 55 60 65 68 71 72 77 78 80 84 88 90 92 94
replied 1 3 4 5 6 7 10 11 12 13 14 15 16 17 18 19 20 21 22 23 24 26 27 28 29 30 31 32 33 35 37 38 39 40 41 42 44 46 49 50 51 52 53 54 55 56 57 58 59 60 61 65 66 68 69 71 72 73 74 76 77 78 79 80 81 82 83 84 85 88 90 92 93 94 100
rayment 45
respect 1 3 4 6 7 8 10 11 12 13 14 15 16 17 18 19 20 21 22 23 26 27 28 29 30 31 32 33 34 35 36 37 38 39 40 41 42 43 44 45 46 47 48 49 50 51 52 54 55 56 58 59 60 61 65 66 68 70 71 72 73 74 75 76 77 78 79 80 81 82 83 84 85 88 89 90 92 93 94 95 96 97
referee 48 55 71
rock104 22
referri 49
referre 45 49
rorke’s 55
rolland 35
roberto 7 55
roberts 6 32 44 55 81 83
raczius 13
ripen’d 65
respice 45 49
rivulet 12 39 60 73 77 81 82 84
respite 9 10 12 13 16 20 22 28 29 39 40 41 44 49 65 71 72 74 77 79 88 90
respire 65
raigned 45
renders 4 12 14 20 28 32 38 40 45 49 53 65 71 72 73 74 77 78 79 80 84 85 89 90 92 95 97
rendeth 26
repulse 6 10 12 14 18 31 37 44 46 48 49 55 60 65 71 97 98
rolling 6 10 12 13 14 18 19 20 21 22 26 27 28 30 31 32 33 34 35 37 38 39 40 41 42 43 44 46 47 48 49 51 52 54 55 56 57 58 60 61 65 66 67 68 69 70 71 72 73 76 77 78 79 80 82 84 85 88 93 94 98
ratione 49
rations 6 28 39 41 48 51 53 78 94
regains 12 65 78
ransome 45
rounder 5 17 39 40 44 68
rounded 5 7 10 12 14 18 20 21 26 28 30 33 39 40 43 44 48 55 56 59 60 67 69 78 79 80 82 84 95
resolve 4 10 11 12 13 14 16 18 19 21 27 28 31 39 40 41 42 44 45 46 48 49 51 54 56 57 58 59 60 65 68 71 72 73 74 76 77 78 79 80 82 83 84 85 89 90 94 97 98
ramping 9 22 55
rampion 38
roundly 6 10 15 16 22 23 29 30 40 41 42 49 51 55 77
rampire 65
rikisha 66
roareth 26
roarest 88
rituals 40
rigarte 53
roundup 13
rickeys 67
ridolfi 7
rickety 12 21 23 27 37 39 40 41 42 51 71 73 76 77 79
rickets 13
recruit 1 10 12 15 28 33 34 39 40 41 44 49 53 65 68 77 78 79 99 100
rummy’s 13
regibus 49
ravages 12 22 25 32 46 54 65 67 71 94
ravaged 4 7 12 20 22 28 42 71 76
rouners 91
rubbles 39
ruineth 26
regidor 77
redness 10 14 39 40 44 48 49 68 71 79 84
ruined. 71
rawness 10 14 28 51 74 77 90
rummies 70
rosette 12 79
rosetti 66
rovings 56 88
resorts 13 55 78 89 93
ranting 32 35 49 73 99
rubbish 4 10 12 14 23 26 27 31 33 34 36 37 39 41 42 43 46 48 49 50 62 65 66 69 70 73 77 78 79 82 84 85 94
rubbing 3 4 5 6 10 12 13 14 17 18 21 22 23 27 28 31 33 34 36 37 39 40 41 42 43 44 45 47 48 49 52 55 56 57 59 61 67 68 69 70 71 72 74 76 77 78 79 80 81 90 93 94 100
rampage 14 55 94
resound 26 28 38 65 76 78 79
rampant 30 44 52 70 84 92 93 94
rampart 12 39 40 48 65 78 79 80 84
rower’s 55
rodmond 40
regrets 10 11 12 13 14 16 17 18 19 20 23 27 28 31 36 39 41 44 49 56 65 68 69 71 72 77 78 79 80 94
regret. 79
regress 60 95
recalls 10 12 20 26 39 46 55 65 76 77 78 79 80 84 88 92
ruinous 12 28 31 39 40 42 44 47 48 49 68 69 73 76 78 80 81 84 88 94
rankled 14 41 42 71 72 94
rankles 85
ranters 55
regimen 44 49 73 80 85 92
roaring 1 6 9 10 13 14 18 20 22 26 30 31 32 33 37 38 39 40 41 42 43 44 45 46 48 49 52 54 55 56 60 64 65 67 68 69 71 72 73 76 78 81 84 93 94 98 99 100
regimur 49
replace 1 2 3 4 5 6 7 8 9 10 11 12 13 14 15 16 17 18 19 20 21 22 23 24 25 26 27 28 29 30 31 32 33 34 35 36 37 38 39 40 41 42 43 44 45 46 47 48 49 50 51 52 53 54 55 56 57 58 59 60 61 63 64 65 66 67 68 69 70 71 72 73 74 75 76 77 78 79 80 81 82 83 84 85 86 87 88 89 90 91 92 93 94 95 96 97 98 99 100
raymond 14 49 55 84
reason. 41 71 80
redeunt 49
ranking 20
reasons 1 3 4 6 7 8 10 11 12 13 14 15 16 18 19 21 22 23 26 27 28 29 31 32 34 37 39 40 41 42 43 44 45 46 48 49 51 54 55 56 57 59 60 63 65 67 68 69 70 71 72 73 74 76 77 78 79 80 81 82 83 84 85 86 87 88 89 90 92 94 95 97
rimirar 55
regions 7 9 10 12 13 18 20 26 27 28 29 31 34 39 40 41 45 49 51 52 53 55 64 65 71 72 73 74 76 77 78 79 80 81 84 85 88 89 90 93 94 98
regione 49
rednose 13
ruining 7 10 11 12 37 39 41 49 55 72 77 78 79 83 86
redoubt 12 39 48 49 79
reminds 10 13 14 19 20 22 23 28 29 34 39 40 42 47 55 56 66 68 71 74 75 77 78 79 80 83 90 94 100
rectify 10 21 39 42 77 88
reckons 12 19 45 49 88
redoute 39
redound 22 45 49 71 73 77
runaway 4 12 13 14 27 28 33 40 41 46 55 66 68 70 71 72 79 83
rhenish 40 55
radelle 79
radney. 40
refolds 78
ryder’s 21
ruggles 32
reaches 7 12 13 14 20 21 22 26 28 30 31 35 39 40 50 51 53 55 58 60 62 63 64 65 66 73 75 77 79 80 84 86 87 92 95 97
reached 1 4 5 6 7 10 11 12 13 14 16 17 18 19 20 21 22 23 26 27 28 29 30 31 32 33 34 35 37 38 39 40 41 42 43 44 46 47 48 49 51 52 53 54 55 56 57 58 59 60 61 63 64 65 66 67 68 69 70 71 72 73 74 75 76 77 78 79 80 81 82 83 84 85 87 88 89 90 92 93 94 95 98 100
remissa 49
relents 93
retuned 39
rectors 45 49 77
rectory 4 11 19 44 75
reeking 13 17 20 22 27 37 42 44 46 49 50 55 65 68 73 77 78 79 82 84 99
rotting 2 6 12 13 14 15 22 23 27 31 36 41 43 47 48 49 51 55 68 77 78 82 84 96
rancher 55
ranches 34
roeshus 71
rougher 10 41 49 61 70 74 78 80 84 90
rospoli 79
rouging 55
reforms 12 26 28 37 39 41 49 80 85 96
reforme 45
roughly 1 3 5 6 9 10 12 13 14 17 21 22 23 27 28 30 31 33 35 37 40 41 42 43 44 46 47 49 50 51 55 56 58 61 63 67 68 71 72 74 76 77 78 79 81 82 83 84 85 90 92 95
returns 1 2 3 4 5 6 7 8 9 10 11 12 13 14 15 16 17 18 19 20 21 22 23 24 25 26 27 28 29 30 31 32 33 34 35 36 37 38 39 40 41 42 43 44 45 46 47 48 49 50 51 52 53 54 55 56 57 58 59 60 61 62 63 64 65 66 67 68 69 70 71 72 73 74 75 76 77 78 79 80 81 82 83 84 85 86 87 88 89 90 91 92 93 94 95 96 97 98 99 100
returne 40 45
return. 39 77 100
rougish 82
rallied 4 10 11 12 14 17 18 34 39 40 44 46 49 55 56 73 78 79 93
rallies 12 40 49 65
reneged 55
rigueur 37 55
rumford 28
reisz’s 18
reality 1 3 4 5 7 10 12 13 14 15 16 18 19 22 23 26 27 28 29 30 31 32 35 37 38 39 40 41 42 43 44 45 46 47 49 51 53 55 56 57 61 63 65 66 67 68 69 71 72 73 74 76 77 78 79 80 81 83 84 85 88 89 90 92 93 94 95 96
realist 41
realism 21 23 41 63 67 69
realise 10 14 21 22 26 36 37 43 44 46 47 48 49 55 59 74 75 76 77 82 89 90 96
realize 4 5 6 7 12 13 18 23 25 27 28 31 32 34 39 40 41 46 50 51 56 63 65 67 78 79 80 84 85 87 92 94 95
rutilio 49
rennets 55
reszkes 43
really. 71
rennell 65
renelle 84
renew’d 65
rattled 4 5 6 10 12 13 14 17 18 20 21 23 27 28 30 31 33 34 38 39 42 44 46 48 49 55 56 57 58 65 68 71 72 76 77 78 79 84 93 94 99 100
rejects 12 20 22 31 39 41 49 65 73 78 80 88 89 92
rattles 12 20 28 50 56 65 69 70 78 81
rattler 40 55
rending 4 10 12 13 21 26 28 30 32 37 39 40 51 65 71 74 77 82 84 90 99
rendita 55
rattlin 27 70
respond 4 10 13 14 17 21 26 29 37 39 40 41 42 44 46 53 57 71 78 79 89
rodents 12 55
ruthven 79
regales 49 68
regaled 10 14 49 57 68 79 81
regally 56
regalia 69
ratting 27 55
risible 49 55 80
replyed 45
reputed 7 9 11 12 14 20 27 37 39 40 42 45 49 56 65 67 71 78 79 80 85 88 92
reputes 49
retches 78
rebound 12 29 30 45 49 55 65
rimarum 49
rodelle 53
ripened 10 22 26 28 35 39 46 65 71 76 77 78 79 84 85 88 89
regards 7 12 15 16 18 19 20 21 22 26 27 28 37 39 40 41 49 55 56 63 65 68 71 74 75 76 77 78 79 80 81 84 85 89 90 92 94 95
rendred 45
relearn 92
rising. 38
risings 12 40 44 73 76 96
ripetta 79
rotters 50
regatta 39 55
release 1 2 3 4 5 6 7 8 9 10 11 12 13 14 15 16 17 18 19 20 21 22 23 24 25 26 27 28 29 30 31 32 33 34 35 36 37 38 39 40 41 42 43 44 45 46 47 48 49 50 51 52 53 54 55 56 57 58 59 60 61 63 64 65 66 67 68 69 70 71 72 73 74 75 76 77 78 79 80 81 82 83 84 85 86 87 88 89 90 91 92 93 94 95 96 97 98 99 100
reach’d 65
ragioni 65
ragione 55
rhubarb 17 40 49 55 71 77
roasted 2 4 5 9 11 14 16 22 28 38 39 40 41 46 48 49 52 55 60 68 69 71 72 73 74 77 78 79 81 82 84 90 92 98 99
raynold 9
rancors 12 20
rapture 1 5 10 11 12 13 14 17 18 19 20 26 27 32 37 39 40 41 42 44 46 49 56 57 65 66 67 68 69 71 73 74 78 80 81 85 88 90 92 93 94
rancour 9 49 55 65 67 83
rlovich 39
ramhead 55
readeth 45
readest 12 88
readers 4 10 12 13 14 20 21 22 26 27 28 34 38 39 41 44 48 49 51 55 63 65 66 68 69 70 73 77 78 79 80 81 82 83 84 88 90 91 93 94 95
rackety 70
rackets 13 77
resiled 55
reperta 49
reperit 49
rioting 7 12 13 31 39 40 41 42 69 88
rhythms 20 49 80 92
rodgers 28 55
rabouin 12
ratchet 31
resined 91
repetit 49
readied 58
readier 5 14 16 45 74 83 85 88 90
readily 3 4 6 7 9 10 11 12 13 14 16 18 19 21 22 26 27 28 29 32 34 37 38 39 40 41 42 44 45 46 49 51 52 53 60 68 71 72 73 76 77 78 79 80 81 83 84 85 88 92 94 95
ringlet 6 49
recluse 5 26 40 54 55 71 72 73 85 92
reading 1 2 3 4 5 6 7 8 9 10 11 12 13 14 15 16 17 18 19 20 21 22 23 24 25 26 27 28 29 30 31 32 33 34 35 36 37 38 39 40 41 42 43 44 45 46 47 48 49 50 51 52 53 54 55 56 57 58 59 60 61 63 64 65 66 67 68 69 70 71 72 73 74 75 76 77 78 79 80 81 82 83 84 85 86 87 88 89 90 91 92 93 94 95 96 97 98 99 100
reeling 3 8 12 13 17 18 26 36 39 40 41 47 48 49 51 65 69 70 71 77 84 99
roaches 13
recusas 49
reelman 40
rotunda 12 42 49 55 65 77
rodya’s 37
riotous 14 25 37 39 40 41 48 49 66 67 80 85 88 94
ringtaw 69
resists 10 12 19 26 39 41 49 65 77 78 80 89 92 95 97
resisit 97
reaming 72
rasguly 39
ruynata 53
romagna 7 79
rimlich 98
rubenti 49
rumpled 14 39 40 55 56 69 71 94
risketh 26
rullers 72
reuilly 12
roebuck 55 67 81 89
roman’s 49
retegis 49
ribands 23 84 90
rumping 55
rasping 14 17 42 51 55
reclaim 12 18 19 21 27 49 55 65 71 75 76 79 88 94 98
revulgo 77
reacted 6 12 27 28 39 54 96
reissue 53
rockery 5 55 79
river’s 4 12 14 35 38 65 68 71 76 84
ramrods 12 39
raising 1 3 4 6 7 10 11 12 13 14 15 16 17 19 20 21 22 23 24 26 27 28 29 31 32 34 36 37 39 40 41 42 44 45 46 48 49 51 53 54 55 57 59 60 61 65 66 67 68 69 70 71 72 73 74 75 76 77 78 79 80 82 83 84 85 88 89 90 92 93 94
raisins 6 18 22 27 28 37 39 41 42 53 55 59 60 71 77 83 93 94
reactor 55
repeale 45
repeals 15
rockets 13 33 40 48 94
ruddier 78 84
repeats 12 28 39 47 49 55 66 77 78 80 82 89
rockgun 55
remaine 45
remains 1 4 6 7 8 10 11 12 14 15 16 19 20 21 22 23 26 27 28 31 32 34 35 36 37 38 39 40 41 43 44 45 46 47 48 49 50 51 53 54 55 57 59 60 63 64 65 67 68 69 71 72 74 75 76 77 78 79 80 81 82 83 84 85 88 89 90 91 92 94 95 97
rudders 22 53
rogatus 49
rumored 12 39 41 79
rumores 49
raisers 13 28
raisest 88
raiseth 45
raleigh 28 55 82
reaumur 37
rhodian 53 65
rodot’s 55
remands 77 78
rashing 9
rondolo 79
recline 22 26 44 55 65 66 77
rejoice 4 6 9 11 12 16 17 18 19 20 22 24 26 27 28 29 37 38 39 40 41 43 45 46 49 56 60 64 65 66 71 72 74 76 77 78 79 80 81 83 84 85 88 89 90 92 94 99
ridicul 83
rejoins 49 65 78
rhodius 65
renewal 10 11 16 19 29 37 39 41 44 47 48 51 55 68 71 76 77 78 79 85
resides 7 11 40 49 52 75 76 79 80 82 89 92
renewed 1 4 5 10 11 12 13 14 15 16 18 19 20 21 23 27 29 31 35 37 38 39 40 41 42 44 45 46 47 48 49 51 54 55 57 60 65 68 71 72 73 74 77 78 79 81 83 87 88 89 90 94 99
resided 7 10 12 16 19 21 27 30 32 40 43 44 45 53 55 65 66 68 72 73 74 76 79 81 83 84 90 94
residue 19 40 43 44 53 80 95
roygbiv 55
rashers 21 55 77
remarry 39
remarks 3 4 5 10 11 12 13 14 15 16 18 19 20 21 22 26 27 31 32 34 37 38 39 40 41 42 43 44 47 50 51 55 56 65 66 67 68 69 71 72 73 75 76 77 78 79 80 82 83 84 85 89 94 95 100
racking 10 13 37 39 41 44 46 54 55 65 68 71
rockies 21
riveted 10 12 14 18 21 34 37 39 40 41 48 49 71 79 84 88
rocking 6 10 13 14 18 27 30 33 34 36 38 39 40 42 51 55 56 57 65 66 67 68 71 72 76 78 84 94
roxbury 99
resigns 65 78
repents 9 36 39 41 49 72 79
ringeth 26
reclose 79
ratlike 13
repente 49
ringing 4 5 6 8 10 12 13 14 16 17 18 19 20 21 22 23 33 37 38 39 40 41 42 44 46 47 48 49 55 61 65 67 68 69 71 72 76 77 78 79 84 92 93
rioters 12 55 67
rumours 21 22 23 31 34 35 37 40 43 46 48 49 67 71 77 78
ragshop 50
rakitin 41
riposte 23
ruttime 55
rogue’s 39
revenez 10
revenge 4 6 7 9 10 11 12 13 14 15 19 20 21 22 26 27 28 33 34 36 37 38 39 40 41 44 45 46 49 51 55 60 65 68 69 72 73 74 76 77 78 79 81 82 84 85 88 90 92 96 97 98
revenga 53
raccoon 4 28
revenue 1 2 3 4 5 6 7 8 9 10 11 12 13 14 15 16 17 18 19 20 21 22 23 24 25 26 27 28 29 30 31 32 33 34 35 36 37 38 39 40 41 42 43 44 45 46 47 48 49 50 51 52 53 54 55 56 57 58 59 60 61 63 64 65 66 67 68 69 70 71 72 73 74 75 76 77 78 79 80 81 82 83 84 85 86 87 88 89 90 91 92 93 94 95 96 97 98 99 100
ribband 10 16 55
rawhead 55
rewrote 56
roaming 10 12 13 31 33 38 39 42 46 55 58 65 68 69 71 74 77 78 84 90
rebirth 8 39
reverie 1 10 11 12 16 18 19 21 23 27 37 39 40 41 49 52 56 68 71 72 74 77 78 79 81 84 90 94
reports 1 2 3 4 5 6 7 8 9 10 11 12 13 14 15 16 17 18 19 20 21 22 23 24 25 26 27 28 29 30 31 32 33 34 35 36 37 38 39 40 41 42 43 44 45 46 47 48 49 50 51 52 53 54 55 56 57 58 59 60 61 63 64 65 66 67 68 69 70 71 72 73 74 75 76 77 78 79 80 81 82 83 84 85 86 87 88 89 90 91 92 93 94 95 96 97 98 99 100
revered 7 11 12 26 27 40 41 43 49 65 71 80 83 93
relplum 73
reveres 26 49 65
rosings 11
rutters 98
reverts 65 68 78 80 97
reverti 49 97
reposes 12 28 40 78 79 84 88
reposed 4 9 10 14 27 31 32 44 45 49 52 54 55 60 68 71 72 73 74 76 77 78 79 81 84 88 90 94 97
reverso 97
reverse 6 10 11 12 14 16 19 21 26 27 32 39 40 44 45 46 47 48 49 51 53 55 63 65 67 68 71 74 76 77 78 79 80 81 82 83 84 86 89 90 92 94
reeving 40
relying 7 19 20 32 37 39 40 41 45 46 49 76 77 78 79 81 85 89 97
recedit 49
recedis 49
receded 4 12 21 26 28 39 47 48 79 93
recedes 45 55 65 67
rouinau 53
redress 1 9 11 12 13 15 27 32 46 49 55 65 68 71 73 74 76 77 78 79 81 89 90 94 97
roadway 13 14 21 34 39 41 42 46 48 54 55 76
raisons 12
roteiro 53
roguery 12 38 41 73 77 81
ramadan 40
ribbons 12 13 16 17 18 19 23 27 30 33 37 38 39 40 41 44 49 55 56 66 71 74 76 77 78 79 82 85 93 94 99
redriff 73
receive 1 2 3 4 5 6 7 8 9 10 11 12 13 14 15 16 17 18 19 20 21 22 23 24 25 26 27 28 29 30 31 32 33 34 35 36 37 38 39 40 41 42 43 44 45 46 47 48 49 50 51 52 53 54 55 56 57 58 59 60 61 62 63 64 65 66 67 68 69 70 71 72 73 74 75 76 77 78 79 80 81 82 83 84 85 86 87 88 89 90 91 92 93 94 95 96 97 98 99 100
receipt 1 2 3 4 5 6 7 8 9 10 11 12 13 14 15 16 17 18 19 20 21 22 23 24 25 26 27 28 29 30 31 32 33 34 35 36 37 38 39 40 41 42 43 44 45 46 47 48 49 50 51 52 53 54 55 56 57 58 59 60 61 63 64 65 66 67 68 69 70 71 72 73 74 75 76 77 78 79 80 81 82 83 84 85 86 87 88 89 90 91 92 93 94 95 96 97 98 99 100
robb’st 65
rhigmas 65
ricopre 49
reteine 45
romance 1 6 9 10 12 14 16 18 19 23 27 28 29 30 39 41 42 44 46 50 51 55 56 65 66 68 71 72 73 74 75 76 77 78 79 80 82 83 84 85 89 90 94 100
romanes 45
romania 49
runlets 60
romants 45
romanus 49 55
romanum 49 55 92 97
ripping 1 13 17 22 30 33 49 50 55 70 84
renomme 98
risking 6 10 12 16 19 23 29 31 39 66 70 77 79 85
rugiade 65
rhegium 80
reveal. 56
romaine 81
reveale 45
reveals 7 12 22 23 26 27 28 43 51 55 63 64 65 66 69 76 77 80 82 92
ristics 46
retenne 53
rippled 8 27 28 34 49 55 67 69 78 94
ripples 6 27 28 31 40 46 56 61 67 71 72 76 78 84 94 100
ritorna 53
ritorno 49
ruberto 7
regular 1 3 5 10 11 12 13 14 15 16 18 19 20 21 27 28 29 30 31 32 33 34 36 37 39 40 41 42 43 44 45 46 48 49 50 51 53 54 55 56 57 59 60 62 63 65 66 67 68 69 70 71 72 73 74 75 76 77 78 79 80 81 82 83 84 85 88 90 91 92 94
regulas 12
regulus 49
rupture 15 19 28 29 37 39 44 45 51 57 79 96
rewrite 23 56 66 94
rosiest 94
reveled 20 39 56 94
ristori 55 94
revelry 39 40 52 57 79 80
rooting 55 60 76 99
revoked 77
regnare 49
ranfulo 73
revolts 12 16 51 77 79 80 96
regnant 79
revolve 13 26 28 39 40 65 71 73 92 94
raven’s 27 38 56 79
rushing 5 9 10 12 13 14 17 19 21 22 23 27 30 31 35 37 38 39 40 41 43 44 46 48 49 51 52 55 56 59 60 61 64 65 67 68 70 71 72 73 74 75 76 77 78 79 80 84 88 89 90 94
rabidly 10
rejicit 49
rejictt 49
restore 4 7 9 10 12 14 15 16 19 21 27 28 29 34 37 38 39 40 41 43 44 45 46 47 48 49 53 55 56 57 65 68 71 72 73 74 76 77 78 79 80 84 88 90 94 96 97
rabiata 53
ruction 30
ruler’s 80
ruler’d 71
ruffles 14 18 23 40 55 70 77
ruffled 5 12 14 20 26 28 34 37 39 40 41 46 48 49 55 56 57 61 65 68 69 70 71 74 76 77 78 89 90 94
rambles 19 28 30 33 54 57 72 74 85 90 92
rambler 12 26 28 94
rambled 10 11 12 28 40 42 60 68 71 72 74 78 85 90
rusheth 26
recoaro 26
regency 12 15 21 27 43 79
regenno 53
regents 45 49
regnier 12
rifting 76
rigours 10
rarest. 38
redskin 17
ruccazz 22
runefal 55
royal’s 12
rualdus 55
request 1 2 3 4 5 6 7 8 9 10 11 12 13 14 15 16 17 18 19 20 21 22 23 24 25 26 27 28 29 30 31 32 33 34 35 36 37 38 39 40 41 42 43 44 45 46 47 48 49 50 51 52 53 54 55 56 57 58 59 60 61 62 63 64 65 66 67 68 69 70 71 72 73 74 75 76 77 78 79 80 81 82 83 84 85 86 87 88 89 90 91 92 93 94 95 96 97 98 99 100
rodrigo 53 77 94
roanoke 40
reliant 37 46 51 54 71
recoils 26 39 49 50 71 77 78
requiem 12 27 28 37 40 41 55 79 94
rousing 10 12 16 19 27 37 39 40 41 48 49 55 56 60 65 68 69 70 71 72 76 77 78 94
ranging 12 19 28 30 39 40 45 49 60 65 68 72 74 76 77 78 79 90 95
refrain 6 10 11 12 14 16 18 19 21 22 26 27 32 37 39 41 44 47 48 49 51 55 56 60 65 68 71 72 74 77 78 79 80 82 84 85 88 89 90 92 94 99
railway 3 5 12 13 18 21 30 31 34 37 40 41 42 43 46 47 48 50 51 55 56 57 62 75 79 84 89
recenti 49
rutland 42 55
reawoke 39
ricorde 12 39
roterio 53
rosales 55
ricourt 12
rosalia 56
rosalie 55
rosamun 70
refresh 10 12 14 16 26 27 38 39 41 44 46 48 49 53 60 65 71 72 73 76 77 78 79 88 92 94 99
radieux 49
roosted 27 30 33 76 94
rooster 55 84
rangers 1 22
rewards 2 7 9 10 12 15 20 39 45 46 49 53 65 68 69 71 73 77 78 79 80 81 83 88 97
reward. 71
radicle 28
radical 13 23 37 40 51 53 55 75 77 78 84 92 96
ravenna 7 31 49
refines 65 92
robin’s 5 67
refined 1 4 10 12 13 14 15 16 21 23 26 27 28 36 37 39 41 42 43 44 45 47 49 55 65 68 71 73 74 75 76 77 78 79 80 81 84 85 89 90 92 94 95
roguish 12 26 38 39 49 55 56 71 77 82 92 94
restate 26 95
redruth 6
ravelin 77
reskied 71
raveled 39
radiate 12 57
ravelli 42
radiant 5 6 10 12 14 18 20 27 29 31 37 39 40 41 42 44 46 49 50 55 56 65 67 68 71 72 74 76 77 78 79 80 84 85 90 92 93 94
rhyming 65 66 77
revocat 49
refired 44
resteth 26 45
restest 88
rossies 55
retorno 53
retorts 12 34 55 65 68 78
ruffian 6 12 15 17 21 27 37 39 41 42 49 55 68 69 71 72 76 77 78 79 81
rossini 55
railles 12
retorna 53
restful 18 37 39 46 51 69 94
railing 10 12 13 17 26 27 37 39 40 42 48 49 54 65 68 73 76 78 79 80 81 97
rebates 13
rebated 65
rudolph 55
roiling 28
ruebant 49
retouch 10
resting 1 3 4 5 6 7 10 12 13 14 17 18 21 22 26 27 28 30 31 33 34 35 37 38 39 40 41 42 44 45 46 47 51 53 55 58 60 61 65 67 68 69 70 71 72 73 74 76 77 78 79 80 81 88 89 90 92 94 95 98 99 100
restiff 73
restive 5 12 21 27 37 39 49 65 69 73 77 84
rookery 10 33 71
reaping 14 39 40 46 49 55 64 73 76 77 94 99
rostrum 12 55
relived 39 94
remedie 45 53
raiment 2 9 10 22 23 26 40 48 51 55 56 64 66 71 77 81 84 97 99
rifling 49 94
raiding 12 22 51
ruperis 49
rostock 82
raimeis 55
remnant 9 10 12 17 18 20 26 28 30 39 40 45 46 47 48 49 51 52 53 65 72 78 79 80 81 84 85 92
royaute 49
richtig 63
riviera 55
riviere 27
richter 26
robbing 12 19 22 26 28 30 34 37 38 39 41 45 46 49 55 69 70 72 73 77 78 79 80 89 95
robbins 27
rowboat 42 55 67
riserba 65
rohan’s 12
roscian 14
rangoon 55
rangone 49
ridding 49 79 92 99
routing 15 48 54 77 86
routine 10 12 13 14 16 21 28 31 37 39 40 41 42 43 46 48 49 50 57 69 74 76 78 79 80 84 89 90
robbed. 79
robbers 1 4 10 12 14 22 26 32 35 38 39 40 41 48 49 53 55 65 68 69 70 71 72 73 76 77 79 80 81 82 84 97 100
robbery 7 12 13 14 21 28 31 32 34 37 38 39 41 45 49 51 55 65 68 69 70 71 73 77 79 88 89 97
robbest 49
robbeth 9
rebless 12
repress 5 10 11 12 14 27 29 37 39 41 46 55 68 71 72 77 79 80 84 88 89 93 94
require 1 2 3 4 5 6 7 8 9 10 11 12 13 14 15 16 17 18 19 20 21 22 23 24 25 26 27 28 29 30 31 32 33 34 35 36 37 38 39 40 41 42 43 44 45 46 47 48 49 50 51 52 53 54 55 56 57 58 59 60 61 63 64 65 66 67 68 69 70 71 72 73 74 75 76 77 78 79 80 81 82 83 84 85 86 87 88 89 90 91 92 93 94 95 96 97 98 99 100
relicts 49 70
rescind 10 39
requite 12 20 22 26 45 49 65 73 77 85
roussel 42
rousses 12
rastrea 77
reindue 54
raphael 12 37 40 78 79 80 82 92 94
reliefs 12 65 76 78 79 80
rousted 70
rotonde 53
rotonda 49
rotondo 53
rinaldo 40 65 77
running 1 3 4 5 6 7 8 9 10 11 12 13 14 15 16 17 18 19 20 21 22 23 26 27 28 29 30 31 32 33 34 35 37 38 39 40 41 42 43 44 45 46 47 48 49 50 51 52 53 54 55 56 57 58 59 60 61 63 64 65 66 67 68 69 70 71 72 73 74 76 77 78 79 80 81 83 84 85 86 88 90 93 94 97 99 100
relieve 1 6 10 11 12 14 16 19 20 21 25 26 27 28 35 37 39 40 41 43 44 46 47 48 49 51 54 55 56 60 61 65 68 69 71 72 73 74 76 77 78 80 81 85 88 90 94 99
relievo 28 40
riggers 6 40 71
redbank 55
refates 49
relight 42 47
religio 49 84
richard 4 6 10 11 14 16 19 23 26 32 40 41 42 44 49 53 54 55 56 65 69 70 71 73 78 79 81 82 83 90 92
reefing 40
reining 34 39 76 77
rudyard 33
runnels 55
runnest 26
runneth 9 26 45
runners 12 13 22 26 30 39 43 49 53 55 56 57 68 69 77 79 80
riggite 83
rigging 6 12 14 15 22 33 39 40 53 55 60 70 71 73 77 78 79 81 83 94
reagent 55
records 7 10 12 13 14 15 21 28 40 43 45 46 47 49 50 51 53 55 64 65 75 76 77 78 80 84 85 86 94 97
ramusio 53
recorks 55
rapport 84
richest 4 7 9 10 12 16 20 21 22 26 28 32 33 34 35 39 41 49 51 55 61 65 68 73 76 77 78 79 80 81 82 84 85 89 94
recotta 53
recount 7 9 12 14 20 44 49 65 77 79 88
rescues 9 14
rescued 9 10 12 13 14 19 20 30 32 37 39 40 49 53 60 61 65 66 68 74 76 77 78 79 82 88 90 94 96
rescuer 10 12 56
recover 1 4 5 6 7 8 9 10 11 12 14 16 19 21 22 26 28 29 30 31 33 36 37 38 39 40 41 43 44 45 46 47 48 49 53 54 55 56 58 59 60 67 68 71 72 73 74 76 77 78 79 80 81 82 83 84 88 90 93 94 97
roubles 12 37 41
roque’s 77
raimond 40 49
robarts 81
roubege 91
rinsing 31 37 55
royally 9 12 49 56 79
relique 45
reapers 4 26 28 40 64 65 72 73 77 79
royalty 1 2 3 4 5 6 7 8 9 10 11 12 13 14 15 16 17 18 19 20 21 22 23 24 25 26 27 28 29 30 31 32 33 34 35 36 37 38 39 40 41 42 43 44 45 46 47 48 49 50 51 52 53 54 55 56 57 58 59 60 61 63 64 65 66 67 68 69 70 71 72 73 74 75 76 77 78 79 80 81 82 83 84 85 86 87 88 89 90 91 92 93 94 95 96 97 98 99 100
romulus 7 12 45 65 74 79 90
results 4 5 7 10 12 13 14 16 17 18 21 23 26 27 28 32 34 37 39 40 41 43 44 46 47 48 49 50 51 53 56 63 66 71 74 76 77 79 80 83 84 85 86 88 89 90 92 95 96
result. 71
rapping 1 37 38 40 44 55 66 73 76 78 79 95
resumes 4 12 50 65 78 80 88
resumed 1 4 6 10 12 13 14 16 17 18 19 20 22 23 27 28 29 30 34 37 38 39 40 41 42 43 44 45 46 47 48 49 53 54 55 56 65 66 67 68 69 71 72 73 74 76 77 78 79 80 82 83 84 85 88 90 93
r’eglar 49
rivalis 49
rebuses 12
rivalry 12 20 39 41 56 64 65 66 67 77 84 92
rudiger 44
ronique 79
rainily 55
raining 5 12 13 33 34 39 43 48 55 56 60 66 67 68 69 71 72 77 78 83 100
retract 9 12 16 37 49 72 79 80 82 83 97
retir’d 65
retrace 6 10 12 14 18 29 34 40 42 71 72 78 80
rajah’s 5
reign’d 65
rilling 55
romedom 26
russian 12 13 21 31 34 37 39 40 41 46 51 62 63 71 74 79 89 90 92 94 100
russias 82
repaire 45
repairs 12 13 21 25 28 31 34 37 39 44 49 53 57 65 67 71 78 79 86
russia. 39
remodel 77 79
rubrish 9
reflect 4 10 11 12 14 15 16 17 19 27 28 29 37 39 41 45 46 49 54 55 56 60 65 68 69 71 72 73 74 76 77 78 79 80 81 82 84 85 88 89 90 92 95 100
ridebat 49
retreat 4 6 7 10 12 13 14 18 19 21 23 26 27 28 29 31 34 37 39 40 41 42 43 44 47 48 49 52 53 55 56 57 60 65 66 68 69 71 72 73 74 77 78 79 83 88 90
raindew 55
rowland 10 81
russell 55 56 60 63 66 95
russets 56 94
raschid 55
rabbits 3 5 12 13 14 17 21 26 28 37 48 53 55 58 70 72 73 77 78 79 84
rabbins 40
rainbow 10 13 17 23 26 27 28 31 33 37 40 41 45 49 55 56 64 65 70 71 72 78 79 80 84 94
rider’s 39 55 72 76 79
retinas 67
ramming 40 44 55
retinue 9 12 28 38 39 45 71 73 76 77 78 79
rigidae 49
rensons 51
rolands 77
rolandi 44
repaper 25
risolve 55
remov’d 49
rlicher 63
retire. 71
retirav 53
revient 10
retirer 49
retires 12 20 28 39 40 49 50 55 65 73 75 77 78 79 80 81
retired 1 4 6 7 10 11 12 13 14 16 18 19 21 22 23 26 27 28 31 34 35 37 39 40 41 42 43 44 46 49 51 52 53 55 56 57 58 60 65 66 68 69 71 72 73 74 76 77 78 79 80 81 82 83 84 85 88 89 90 92 93 94 96
rammers 33
refuges 12 46 51
refugee 51 69 76
reviews 13 23 28 39 41 42 65 71 78 83 89 94
rigidly 10 14 27 29 31 35 39 45 46 48 53 56 67 68 71 72 77 78 79 80 84 88 89
rechten 63
repasts 12 26 49 65 71 79
reigned 5 7 9 10 12 13 15 22 34 37 38 39 40 41 45 52 55 56 57 65 68 69 73 74 76 77 78 79 82 84 89 90 94
rascals 4 10 12 29 34 38 39 40 41 43 49 51 56 68 69 70 72 73 78 94
resents 29 65 78
rageous 10
rowling 45
relax’d 65
rubicon 10 12 15 77
rapidly 1 3 4 5 6 7 10 11 12 13 16 17 19 21 22 23 26 27 28 31 34 37 39 40 41 42 43 44 46 47 48 49 51 55 56 57 61 65 67 68 71 72 74 75 76 77 78 79 81 84 85 89 90 92 94 96 100
riddles 3 12 14 16 26 37 40 41 42 47 49 64 77 79 80 85 92 93 94
riddled 12 30
repines 65
repined 10 41 49 60 74 78 90
rtststr 55
rumbles 38 40
roomful 29
right’s 71
rathgar 55
renan’s 26
reprint 9 34 53 66 82 83 90 92
rapiant 49
relapse 10 12 15 16 19 26 37 39 41 45 46 49 50 57 69 71 74 75 76 78 79 84 88 90 92 94
rumbled 10 12 18 23 27 33 39 40 48 76
rebuffs 6 13
rather. 71
rayther 27 40 72 76
relates 1 11 12 16 20 28 32 39 41 45 49 51 53 65 68 69 71 73 74 77 78 79 80 84 90 95
relater 88
related 1 4 6 7 10 11 12 13 14 15 16 18 19 20 26 27 28 33 37 38 39 40 41 42 44 45 47 49 52 53 55 56 59 60 63 65 67 68 69 71 72 73 74 75 77 78 79 80 81 82 83 84 85 88 89 90 92 94 95 98
raucous 34 42 55
rebuilt 10 12 39 48 51 71 77 79 80
rebuild 8 12 18 39 73 79
reprove 9 12 16 27 28 41 49 54 55 60 72 80
reproof 9 10 11 16 17 19 27 28 30 37 49 55 60 65 69 77 78 79 83 85 88 94
rebukes 4 9 22 26 39 49 51 65 77
rebuked 4 9 22 23 27 45 56 64 72 77 80 81 88 94
relaxat 49
rival’s 19 41 52 65 79
relaxes 49 78 79 84
relaxed 5 6 10 12 13 17 21 26 30 34 39 40 41 44 46 49 54 55 57 59 68 69 71 72 73 74 78 79 80 89 90 92 93 94
righted 9 12 14 18 28 32 39 40 45 56 57 70 77 78 81 94
righter 77
rechate 9
renamed 1 2 3 4 5 6 7 8 9 10 11 12 13 14 15 16 17 18 19 20 21 22 23 24 25 26 27 28 29 30 31 32 33 34 35 36 37 38 39 40 41 42 43 44 45 46 47 48 49 50 51 52 53 54 55 56 57 58 59 60 61 63 64 65 66 67 68 69 70 71 72 73 74 75 76 77 78 79 80 81 82 83 84 85 86 87 88 89 90 91 92 93 94 95 96 97 98 99 100
redcoat 55
roomier 39
reduced 1 3 6 7 9 10 11 12 13 14 15 17 18 19 20 21 22 24 27 28 29 32 37 39 40 41 44 45 46 49 50 51 53 55 56 57 59 60 65 67 68 71 72 73 74 75 76 77 78 79 80 81 82 83 84 85 89 90 92 94 95 96 97
reducet 49
reduces 28 32 41 63 77 78 80 86 96
rumbold 55
rightly 3 4 6 7 9 10 11 12 15 16 17 18 19 21 22 26 27 28 29 31 32 39 40 42 45 46 49 51 53 54 55 57 60 63 65 66 68 69 70 71 72 73 76 77 78 79 80 83 85 88 89 92 94 95 96 97 100
rouleau 44 76 79
