sa 10 12 39 49 53 55 68 79 83
sb 9
sc 20 49 80 83 97
se 10 12 15 20 26 27 37 39 49 53 55 63 70 76 77 79 82 84 91 97
sh 3 5 39 41 42 50 58 67 69 70 71
si 6 7 10 12 18 20 23 37 39 40 41 44 49 53 55 63 65 73 77 79 82 84 97 98
sk 37 39 70
so 1 2 3 4 5 6 7 8 9 10 11 12 13 14 15 16 17 18 19 20 21 22 23 24 25 26 27 28 29 30 31 32 33 34 35 36 37 38 39 40 41 42 43 44 45 46 47 48 49 50 51 52 53 54 55 56 57 58 59 60 61 62 63 64 65 66 67 68 69 70 71 72 73 74 75 76 77 78 79 80 81 82 83 84 85 86 87 88 89 90 91 92 93 94 95 96 97 98 99 100
sp 39 55 63 70
sq 65
sr 45
ss 12 62
st 4 7 9 10 11 12 13 15 16 18 19 20 21 23 26 27 28 30 32 33 34 37 39 40 41 43 44 45 46 48 49 50 51 52 53 55 56 60 63 67 68 69 70 71 73 74 75 76 77 78 79 80 81 82 83 84 85 89 90 92 94 98
su 49 63 65 83
sv 39
sw 20 40 60
sy 20
sz 55
