seeth 9 26 45 88
seeva 40
seein 5 6 13 27 46 70 71
seeks 7 12 18 20 23 28 35 37 38 39 40 41 45 49 50 51 53 61 64 65 69 71 76 77 78 79 80 82 84 85 88 90 92 95 97
seeds 5 7 8 10 12 14 17 21 23 28 35 39 41 45 48 49 51 53 55 58 60 64 65 66 68 71 73 76 79 80 81 94 98
seedy 13 21 34 55 70 71
seers 27 39 48 68 76 85
seest 9 20 26 27 28 41 49 65 77 79 83 85 88 98
seele 51 63
seen. 38 80
seeme 45
seems 1 3 4 5 6 7 8 9 10 11 12 13 14 15 16 17 18 19 20 21 22 23 25 26 27 28 29 30 31 32 33 34 35 36 37 38 39 40 41 42 43 44 45 46 47 48 49 50 51 52 53 54 55 56 57 58 60 61 63 64 65 66 67 68 69 70 71 72 73 74 75 76 77 78 79 80 81 82 83 84 85 87 88 89 90 92 94 95 97 98 99
seene 45 65 91 98
seien 63
snaya 39
snare 4 10 12 13 15 20 22 24 26 27 31 37 40 46 48 51 60 75 77 79 85 88 89 92
snarl 10 13 21 27 28 30 33 34 46 49 51 58 71 78 86
sehen 63
snags 30 31 70
snack 6 18 39 55 70
segue 49
snaps 13 23 30 40 50 55 56 71 78
snapt 10 83 90
snail 3 38 47 49 55 68 71 72 73 77 78 85
snaks 91
snake 4 5 6 10 12 13 14 17 21 23 26 27 28 30 31 32 33 35 37 38 40 45 46 48 49 51 55 65 66 67 69 70 71 72 74 76 77 78 79 80 85 90 91 94 100
snaky 4 14 26 40 55 71
sneer 6 10 11 12 14 17 19 21 23 27 37 41 46 50 51 55 67 68 71 72 78 79 84 100
sneak 4 12 13 27 35 40 41 55 58 68 69 70 71 76 77
seine 12 23 49 63 76 79
seins 63
seize 1 4 6 7 11 12 13 14 16 17 20 21 22 24 26 27 28 29 30 32 34 37 38 39 40 41 42 43 44 45 46 49 51 53 54 55 60 61 65 69 71 72 73 74 76 77 78 79 80 81 83 84 85 88 89 90 92 93 97
seite 63
semen 44 55 62
semel 49
sex’s 65
swabs 6 14
semot 49
selfe 45 49 91
selim 49 53 77 79
selan 73
selah 26
selar 9
selby 23
self. 71
selon 49
seliv 39
selli 65
sells 4 12 27 28 32 40 45 49 51 55 78 80 94
snell 67
sniff 5 13 17 31 41 43 46 55 56 71 78 94
seoul 62
snipe 28 52
snips 38 43
senza 53 82
senis 49
senem 49
senex 49
senez 12
sways 13 23 39 40 49 51 55 65
sense 1 3 4 5 6 7 8 10 11 12 13 14 15 16 17 18 19 20 21 22 23 25 26 27 28 29 30 31 32 33 35 36 37 38 39 40 41 42 43 44 45 46 47 48 49 50 51 53 54 55 56 57 58 59 60 61 62 63 65 66 67 68 69 70 71 72 73 74 75 76 77 78 79 80 81 82 83 84 85 86 87 88 89 90 91 92 93 94 95 96 97 98 100
sensu 49
sente 53
sents 91
senum 49
senna 49 94
senor 40 55 82
senon 53
swamp 1 2 3 4 5 6 7 8 9 10 11 12 13 14 15 16 17 18 19 20 21 22 23 24 25 26 27 28 29 30 31 32 33 34 35 36 37 38 39 40 41 42 43 44 45 46 47 48 49 50 51 52 53 54 55 56 57 58 59 60 61 63 64 65 66 67 68 69 70 71 72 73 74 75 76 77 78 79 80 81 82 83 84 85 86 87 88 89 90 91 92 93 94 95 96 97 98 99 100
swank 50 55 67
swang 9 59
swags 55
swain 21 40 51 55 65 77 83
senan 55
swash 21 33 40 55
sence 18 45 46 70 91
swath 28 49
sende 51
sendo 53
sends 3 4 6 7 10 11 12 14 16 18 19 20 21 22 23 26 27 28 31 36 37 39 40 41 45 46 47 49 52 53 55 57 65 67 68 70 72 73 75 77 78 79 80 82 84 85 91 93 94 97
senec 49
swans 1 12 38 49 55 65 78 92 95
swaps 70
sward 1 6 17 18 26 27 28 55 84
swart 30 40 54 55 76 78
swarm 4 5 12 13 18 21 26 28 32 39 43 46 48 49 55 61 65 67 69 70 71 72 77 78 80 83 84 85 98
senac 79
sware 9
swede 13 27 31 39 67 82
sweep 5 10 12 13 14 15 16 17 18 19 21 23 24 26 27 28 30 31 32 33 36 37 38 39 40 41 44 45 46 48 51 55 56 59 61 65 67 68 69 70 71 72 76 77 78 79 83 84 85 92 93 94 97
sweet 1 3 4 5 6 9 10 11 12 13 14 16 17 18 19 20 21 22 23 24 26 27 28 29 30 32 34 35 36 37 38 39 40 41 42 43 44 45 46 47 48 49 50 51 52 53 54 55 56 57 60 61 64 65 66 67 68 69 70 71 72 73 74 75 76 77 78 79 80 81 82 83 84 85 88 90 91 92 93 94 95 96 98 99 100
sweat 5 6 12 13 14 18 20 21 22 23 26 27 28 29 32 33 37 38 39 40 41 45 46 47 49 50 51 53 54 55 57 60 64 65 66 67 68 69 70 72 73 76 77 78 79 83 87 88 92 97
swear 4 6 7 9 10 12 13 14 17 20 21 22 23 27 28 29 32 36 37 39 40 41 43 45 46 49 50 53 54 55 56 60 65 66 68 69 70 71 72 73 74 76 77 78 79 81 82 85 89 90 94 98
swell 4 6 10 11 12 13 14 16 19 20 22 23 27 28 31 33 39 40 41 44 46 47 49 54 55 60 65 66 67 68 69 70 71 74 76 77 78 79 80 81 83 84 85 86 90 92 93 94
seque 49 97
sequi 49
sepoy 89
septe 53
sepus 65
sepia 47 94
seseq 97
serre 12
serum 49 55
sermo 45
serve 2 4 5 6 7 9 10 11 12 13 14 15 16 17 19 20 21 22 23 26 27 28 29 31 32 33 34 35 36 37 38 39 40 41 42 43 44 45 46 49 50 51 53 54 55 56 57 59 60 61 63 64 65 66 68 70 71 72 73 74 75 76 77 78 79 80 81 82 83 84 85 88 89 90 91 92 93 94 95 97 98 99
servi 55 79 97
servo 55
seram 49
serby 83
sweny 55
swept 5 6 10 12 13 14 16 18 19 21 23 26 27 28 29 30 31 33 34 37 38 39 40 41 42 43 45 46 47 48 49 51 54 55 56 57 59 61 65 66 67 68 69 71 72 73 74 76 77 78 79 80 81 82 83 84 85 88 89 90 93 94 96 100
serio 55 71 80 97
seris 27
serle 16
serfs 12 27 28 37 39 40 41 42 51 55 67 76 80 96
serge 12 13 42 55 77 84
snore 5 12 13 38 39 40 49 55 66 68 69 70 84 85 93
snort 6 26 27 28 30 33 34 39 40 46 49 65 69 78 84 91
swill 22 26 49 55 98 99
swims 12 20 28 39 40 48 49 51 65 69 73
swine 2 9 10 13 14 20 22 26 28 32 37 49 50 51 53 55 65 72 73 78 81 88 99
swing 5 6 10 12 14 17 18 20 21 26 28 30 31 32 33 37 39 40 41 42 44 46 49 51 54 55 59 60 66 67 68 69 71 72 76 78 79 86 92 93 94
swift 2 6 7 10 13 14 18 20 21 23 24 26 27 28 30 31 32 34 36 39 40 41 42 43 45 46 48 49 51 53 54 55 56 57 58 60 61 64 65 68 70 73 76 77 78 79 80 82 83 84 88 90 94 95 98 99
snood 56 94
swish 5 6 21 39 48 55 56 77
swiss 7 12 39 40 41 49 71 74 83 90 97
snout 3 12 26 28 39 49 55
swipe 55
snows 10 12 13 16 26 28 30 39 40 46 57 60 65 74 77 90
snowy 5 10 12 22 27 28 31 39 40 41 44 46 49 51 52 55 56 57 65 66 69 71 72 74 76 77 84 85 90 94 99
swirl 30 43 46 51 55
swire 55
snobs 69 71
seule 10
sette 12 53 79
setze 63
setzt 63
setes 65
sethe 53
setol 53
setis 49
sexes 2 12 24 26 32 37 40 41 44 45 47 49 69 73 74 75 76 80 81 82 83 89 90 92
sewed 4 5 10 12 13 14 17 18 27 37 38 39 41 49 55 57 61 69 70 79 82 94 99
sewer 9 12 13 49 55 77 86
seven 1 3 4 5 6 8 9 10 11 12 13 14 15 16 17 18 19 20 21 22 23 24 26 27 28 30 31 32 33 34 36 37 38 39 40 41 42 43 44 45 46 47 48 49 50 51 53 55 56 57 59 60 61 62 64 65 66 67 68 69 70 71 72 73 74 75 76 77 78 79 80 81 82 83 84 85 88 89 90 91 92 93 94 95 98 99 100
sever 6 10 12 13 14 22 55 65 72 77 78 79 88 92
sexus 49 55
sexto 49
sworn 4 9 10 12 13 14 17 20 21 22 27 29 30 31 37 38 39 40 41 43 44 45 46 49 51 55 65 67 68 69 71 72 74 76 77 78 79 81 82 90 92 94
swoop 14 22 28 40 47 55 56 77 78
swoon 6 9 12 19 22 23 27 37 39 41 42 44 46 49 60 65 68 71 72 73 76 77 78 79 84 85 88 93
sword 1 4 7 9 12 13 14 15 17 20 22 26 27 28 31 33 34 35 36 38 39 40 41 43 45 46 47 48 49 51 52 53 55 59 60 64 65 66 69 70 71 73 74 76 77 78 79 80 81 82 83 84 85 88 90 91 92 93 94 97 99 100
swore 4 6 9 10 12 13 14 17 18 20 21 22 23 27 30 31 32 34 37 38 39 40 41 43 44 45 46 48 49 50 53 55 56 59 60 65 67 68 69 70 71 72 73 74 76 77 79 81 82 83 84 90 94
swoln 65 98
snuff 6 10 12 14 21 27 31 33 38 39 40 42 46 49 51 52 53 55 68 70 71 73 76 78 79 82 83 84 93 94
snubs 26 41 94
soe’r 49
swung 5 6 8 9 12 13 14 17 18 20 21 22 27 30 31 33 34 37 38 39 40 41 42 43 46 47 48 53 54 55 56 57 61 65 66 67 68 69 70 71 72 76 79 83 84 90 93 94
soars 12 26 28 30 37 40 65 78
soart 5 10 72
soaps 55 94
soapy 55
soaks 33
socus 65
sodah 66
son’s 4 7 12 14 16 19 21 22 27 33 35 37 38 39 41 42 44 49 50 54 55 60 65 66 67 68 71 72 74 79 80
son’t 14
sock. 37
socin 20
socio 51
socer 49
socks 12 17 21 31 34 37 40 41 44 47 48 55 62 66 69 70 77 94
socle 84
sobed 91
sober 6 10 12 13 14 16 19 21 23 27 28 31 32 34 37 39 40 41 42 43 45 46 47 48 49 50 51 52 54 55 56 57 58 60 61 65 67 68 69 70 71 72 73 76 77 78 79 80 82 83 84 85 88 89 92 94 95 96
sobol 50
sofas 10 11 13 23 27 39 40 41 44 46 55 78 79 80 94
sop’s 41
sodef 63
sodor 81
sodom 12 27 40 41 45 48 55 88
sohan 55
sogno 49
sofya 37 41
soggy 8 40 67
softy 55 69 70
sou’s 12
soize 12
soil. 71
soils 12 13 34 40 49 65 68 76
solid 2 3 6 7 10 11 12 13 14 18 19 21 22 27 28 29 31 33 34 35 36 37 38 39 40 41 42 43 44 45 46 47 49 51 53 54 55 59 60 61 63 65 67 69 70 71 73 74 75 76 77 78 79 80 81 82 83 84 85 88 89 90 94 95 96 100
solis 49 53
soled 10 13 21 55 73
solem 12 49
soles 3 12 21 26 31 34 37 38 39 40 42 44 49 55 59 67 68 71 77 78 79 82
solfa 39 55
sow’s 55 71
solle 53 63
solly 55
solon 37 45 49 65 74 77 80 90
solos 27 34 49 55
solar 2 12 14 26 34 40 41 48 49 51 55 65 77 78 79 84 92 95
sov’s 39 41
sokol 39
sonne 45 63 84 98
sonny 6 13 55
sonno 49 53
sonia 37
sonst 63
sonds 9
song. 38 71
songs 4 5 6 10 11 12 13 16 18 19 20 21 22 24 26 27 28 30 32 33 35 37 39 40 41 42 45 49 51 55 56 64 65 66 68 69 71 72 74 75 77 78 79 80 81 82 83 84 88 90 91 92 94
sonat 49
sommo 98
somno 49 65
solum 49
solus 10 12 40 77 98
solve 1 4 6 10 12 13 14 15 21 22 23 26 28 34 39 40 41 43 46 47 49 50 51 54 62 63 66 68 73 74 76 77 79 84 85 88 90 92 94 95
solvo 49
some. 38
somer 27
soppy 71
sopra 7
sopus 65
sophy 21 71
soone 91 98
soolt 91
soon. 18 38 71
sooth 9 12 19 20 26 40 49 55 77 78 84 85
sooty 1 12 14 27 40 55 65 71 73 78 80 85 93
sonza 22
sooin 72
sorte 49 53
sorts 3 5 6 10 12 13 14 16 22 23 25 27 28 30 33 34 36 37 38 39 40 41 44 45 46 47 48 49 50 51 53 54 55 56 60 61 62 65 66 67 68 69 70 71 72 73 76 77 78 79 80 81 82 83 86 88 92 93 94 95 97 99
sorra 55
sorry 1 3 4 5 6 9 10 11 12 13 14 16 17 18 19 21 22 23 27 28 29 30 31 33 34 37 38 39 40 41 42 43 44 46 47 48 49 50 51 54 55 56 57 58 60 61 62 66 67 68 69 70 71 72 73 74 75 76 77 78 79 80 81 83 84 87 88 90 93 94 96 98 99 100
sort. 21 38 41 71
sorzi 53
sordo 53
sorey 91
sorer 9 26 69 77
sores 7 12 13 23 32 39 41 51 70 76 78 82 88
sorgi 53
sorgo 53
sotto 10 49 55 72
souci 100
sosan 53
sower 24 26 28 64
sowed 14 38 41 46 60 64 81 97
souza 39 82
soul. 21 26 41 80
soull 91
soule 45 98
souls 2 4 5 6 9 10 12 13 15 16 17 18 19 21 22 23 24 26 27 28 31 32 34 36 39 40 41 42 43 44 45 46 47 48 49 50 51 53 55 56 60 64 65 66 68 69 70 71 72 73 74 76 77 78 79 80 81 82 83 84 85 88 90 91 92 94 95 97 98 99
soult 12
sough 10 72
soura 53
soure 45
sours 55
souse 55
south 4 6 7 8 9 10 11 12 13 14 16 18 19 20 21 22 23 26 27 28 30 31 32 33 34 36 38 39 40 41 42 43 44 45 46 47 48 50 51 53 55 57 60 61 62 65 66 67 69 70 71 72 73 74 76 77 78 79 81 82 83 84 85 89 90 91 92 94 95 99
souts 91
sound 1 2 3 4 5 6 7 8 9 10 11 12 13 14 15 16 17 18 19 20 21 22 23 24 25 26 27 28 29 30 31 32 33 34 35 36 37 38 39 40 41 42 43 44 45 46 47 48 49 50 51 52 53 54 55 56 57 58 59 60 61 62 63 64 65 66 67 68 69 70 71 72 73 74 75 76 77 78 79 80 81 82 83 84 85 86 88 89 90 91 92 93 94 95 97 98 100
sount 39
soune 91
soups 39 48 49
sous. 37
soyez 18 39
sowls 72
sya’s 39
sxtil 83
sgenl 55
spark 1 7 8 10 12 13 17 18 21 27 28 29 30 31 32 37 39 40 41 42 46 47 48 49 50 51 54 55 56 57 61 68 70 72 73 74 76 78 80 81 83 86 90 93 94
spare 1 4 5 6 9 10 11 12 13 14 15 16 17 18 19 21 22 23 26 27 28 29 31 32 33 34 35 36 37 38 39 40 41 43 44 45 46 49 50 51 52 54 55 56 57 59 60 65 66 68 69 70 71 72 73 74 75 76 77 78 79 80 81 83 85 88 89 90 91 93 94 97 98
spars 6 11 28 40 55 60 71
spasm 10 13 18 19 23 27 29 34 37 41 42 43 46 48 55 57 67 69 71 77 78 79 84 94
spans 40 53 55 77
spank 55 77 94
spate 48
spats 55
spawl 50
spawn 12 14 51 55 73
spain 2 6 7 9 12 15 27 28 39 40 41 45 49 50 53 55 56 60 71 77 79 81 82 83 89 92 97 98
spake 9 20 22 26 28 40 42 45 49 55 60 65 72 85 88 98 99
space 4 5 6 7 8 9 10 11 12 13 14 15 16 17 18 19 20 21 22 23 24 26 27 28 29 30 31 32 33 34 35 36 37 38 39 40 41 42 43 44 45 46 47 48 49 50 51 53 54 55 56 57 59 60 61 63 64 65 66 67 68 69 71 72 73 74 75 76 77 78 79 80 81 83 84 85 86 87 88 89 90 92 93 94 95 98
spada 12 53 79
spade 1 5 6 12 23 27 28 40 46 48 49 53 55 56 58 60 65 66 68 69 72 75 76 77 78 79 84 92 93 100
spear 9 10 12 20 22 23 26 28 30 31 35 39 40 41 49 53 55 60 65 76 77 79 80 85
speak 1 3 4 5 6 7 8 9 10 11 12 13 14 15 16 17 18 19 20 21 22 23 24 26 27 28 29 30 31 32 33 34 35 36 37 38 39 40 41 42 43 44 45 46 47 48 49 50 51 53 54 55 56 57 58 59 60 61 62 63 64 65 66 67 68 69 70 71 72 73 74 75 76 77 78 79 80 81 82 83 84 85 88 89 90 91 92 93 94 95 96 97 98 99 100
speca 28
spect 4 27 91
specs 4 12 27 55 94
speck 5 8 10 12 14 16 23 31 33 34 37 39 42 43 46 48 55 56 57 63 66 68 69 70 71 74 76 78 79 84 90 91 94
speed 1 3 4 5 6 9 10 11 12 13 14 15 16 17 19 20 21 22 27 28 29 30 31 32 33 34 35 37 38 39 40 41 42 43 44 46 47 48 49 51 52 55 57 58 60 61 65 68 69 70 71 72 73 74 76 77 78 79 80 81 82 83 84 86 88 90 92 93 94 96
speer 46
spere 9
sperd 9
spera 65 79
sperm 40 44 46 49 55
spero 49 53 77
spell 3 4 5 10 12 13 14 17 18 20 21 22 23 27 28 29 31 32 35 36 37 38 39 40 42 46 50 51 52 55 56 66 68 69 70 71 72 75 76 77 78 80 81 84 85 92 94
spelt 27 28 46 49 55 65 68 72 73 76 78 82 100
spend 4 5 7 8 9 10 11 12 13 14 15 16 18 19 21 22 23 24 27 28 29 32 33 34 35 36 37 38 39 40 41 42 44 45 46 49 50 51 53 55 56 57 59 60 62 66 67 68 69 70 71 72 73 74 75 76 77 78 79 80 81 82 83 85 86 88 89 90 91 93 94 97
spent 1 4 5 6 7 9 10 11 12 13 14 16 17 18 19 20 21 22 23 25 26 27 28 29 30 31 32 33 34 35 36 37 38 39 40 41 42 43 44 45 46 47 48 49 50 51 52 53 55 56 57 58 59 60 61 64 65 66 67 68 69 70 71 72 73 74 76 77 78 79 80 81 82 83 84 85 88 89 90 92 93 94 98 99
spica 28
spice 6 10 13 26 38 39 40 49 53 55 60 68 77 79 94
spick 5 37 42 68 94
spicy 40 42 55 56 61 62 78 84 94
spied 12 13 23 26 28 38 40 49 53 57 58 60 65 66 69 73 77 81 94
spies 9 12 13 20 21 32 38 39 40 44 45 48 60 65 68 70 71 72 76 77 78 79 86 96
sybil 23 26 50
spion 55
spire 10 12 27 39 40 48 51 56 65 68 71 73 74 78 90 94
spiro 55
spirt 55
spiry 65
spike 5 6 9 10 12 40 55 56 77 86
spiky 55 65 76
spill 8 9 10 38 40 47 49 55 66 68 77 86
spile 27 40 69 76
spilt 10 22 27 37 38 39 41 44 46 55 65 69 70 72 76 77 100
spina 53
spine 5 8 10 12 14 21 36 37 39 40 41 49 53 54 55 57 62 71 77
spins 28 40 55 79
spite 1 3 4 5 6 10 11 12 13 14 16 19 21 22 23 25 26 27 28 29 30 32 33 34 35 36 37 38 39 40 41 42 43 44 47 48 49 50 51 52 53 54 55 56 57 58 60 61 63 67 68 69 70 71 72 73 74 75 76 77 78 79 80 81 82 83 84 85 89 90 92 93 94 95 100
spits 9 12 14 20 22 26 42 49 55 73 78 82 94
spitz 30
splay 30 31 71
split 6 10 12 13 14 22 27 28 29 30 31 33 35 37 38 39 40 41 44 47 48 49 53 55 60 63 66 68 69 70 71 72 73 74 76 77 78 79 81 90 99
syene 12
spoke 1 3 4 5 6 7 8 10 11 12 13 14 15 16 17 18 19 20 21 22 23 27 28 29 30 31 32 33 34 35 37 38 39 40 41 42 43 44 45 46 47 48 49 50 51 53 54 55 56 57 58 59 60 61 64 65 66 67 68 69 70 71 72 73 74 75 76 77 78 79 80 81 82 83 84 85 88 90 92 93 94 95 97 99 100
spohr 46
spoil 4 5 6 12 13 16 17 19 20 22 23 24 26 27 28 29 30 32 36 37 38 39 40 41 43 44 45 47 49 51 52 55 56 58 60 61 65 68 69 71 77 78 79 80 86 88 89 92 93 94 97 100
sposo 16
sposa 44 49
spose 4 27 40
spots 5 10 11 12 14 17 18 21 23 25 26 27 28 33 34 35 37 38 39 40 41 42 43 44 47 52 53 55 56 59 61 63 65 67 68 69 70 71 72 73 74 76 77 81 83 84 85 86 88 90 91 94
spout 6 12 13 17 40 48 55 68 71 74 77 90 93
spoof 55
spool 27 40 69 70
spook 12
spoon 3 5 12 14 16 17 18 23 28 34 37 38 39 41 42 48 49 50 53 55 56 62 66 68 69 70 71 72 76 77 78 79 83 93 94
spot. 31 71 74
sport 6 10 11 12 13 16 17 19 21 22 23 24 26 27 28 31 33 37 38 39 40 41 43 44 47 49 53 55 56 60 65 66 67 68 69 70 71 72 74 76 77 78 79 80 81 85 88 90 93 98
s’h’t 69
sha’s 39
symph 55
she’d 3 4 5 10 12 14 27 33 37 39 41 42 50 55 56 59 67 68 69 71 72 77
she’s 3 4 5 6 10 12 13 14 17 18 27 29 34 37 38 39 40 41 42 50 55 56 59 67 68 69 71 72 77
sylla 12 40 45 49 77
sylum 5
sylva 49
sylph 10 71 78 84
sprat 14 40
spray 5 6 10 12 13 18 22 23 24 27 28 29 30 34 38 40 48 55 56 60 61 66 69 71 76 77 78 79 83 84 85 93 100
sprig 12 21 33 55 62 65 76 77
sprit 60 73
spree 13 27 31 37 39 41 50 55 67 68 69
spred 91
sa’ce 27
spute 70
spurs 6 9 12 18 38 39 40 42 46 49 53 55 68 77 78 79 82
spurt 41 44 46 48 55
spurn 4 10 16 40 49 55 65 72 73 74 77 85 88 90
spume 46 57
spumy 66
spunk 44 55 69 70
synod 12 27 39 40 41 65 83
synge 55
s’elp 55
shade 3 4 5 6 7 8 9 10 11 12 13 14 15 16 18 19 20 21 22 23 24 25 26 27 28 29 30 31 34 35 37 38 39 40 41 42 43 44 46 48 49 51 53 54 55 56 57 60 61 64 65 67 68 69 70 71 72 73 74 76 77 78 79 80 83 84 85 88 89 90 92 93 94 95 96
shadd 57
shady 12 13 22 24 25 26 28 31 33 35 38 39 40 41 42 46 48 49 54 55 65 68 69 70 71 76 77 78 79 88 91 94
shaft 6 8 9 10 12 14 17 22 26 27 31 37 39 40 42 43 44 47 48 49 53 54 55 56 65 72 76 80 86
shape 1 3 4 5 6 7 8 9 10 11 12 13 14 15 16 17 18 19 21 22 23 25 26 27 28 29 30 31 32 33 34 35 37 38 39 40 41 42 43 44 45 46 47 48 49 51 54 55 56 57 60 61 64 65 66 67 68 69 70 71 72 73 74 76 77 78 79 80 81 82 84 85 87 88 89 90 91 92 93 94 95 96 98 100
share 1 2 3 4 5 6 7 8 9 10 11 12 13 14 15 16 17 18 19 20 21 22 23 24 25 26 27 28 29 30 31 32 33 34 35 36 37 38 39 40 41 42 43 44 45 46 47 48 49 50 51 52 53 54 55 56 57 58 59 60 61 63 64 65 66 67 68 69 70 71 72 73 74 75 76 77 78 79 80 81 82 83 84 85 86 87 88 89 90 91 92 93 94 95 96 97 98 99 100
shark 3 6 14 16 33 40 55 78 81
sharp 1 3 4 5 6 7 9 10 11 12 13 14 16 17 18 19 20 21 22 23 26 27 28 29 30 31 32 33 34 37 38 39 40 41 42 43 44 46 47 48 49 51 52 53 54 55 56 57 58 60 61 63 65 66 67 68 69 70 71 72 73 76 77 78 79 80 81 83 84 85 86 88 91 92 93 94 95 100
shake 3 4 5 6 10 11 12 13 14 15 16 17 18 19 21 22 23 25 26 27 28 29 30 31 33 34 35 37 38 39 40 41 42 43 44 45 46 47 48 49 50 51 52 54 55 57 58 60 64 65 66 67 68 69 70 71 72 73 74 75 76 77 78 79 83 84 85 87 88 90 91 93 94 97 99
shaks 20
shako 12 39
shaky 5 33 34 42 55 56 69 70
shall 1 2 3 4 5 6 7 8 9 10 11 12 13 14 15 16 17 18 19 20 21 22 23 24 25 26 27 28 29 30 31 32 33 34 35 36 37 38 39 40 41 42 43 44 45 46 47 48 49 50 51 52 53 54 55 56 57 58 59 60 61 63 64 65 66 67 68 69 70 71 72 73 74 75 76 77 78 79 80 81 82 83 84 85 86 87 88 89 90 91 92 93 94 95 96 97 98 99 100
shalt 4 9 12 20 24 26 27 33 38 39 40 41 44 45 49 51 55 60 63 65 77 79 82 83 85 88 89 92 94 97 98 99
shame 2 4 6 7 8 9 10 11 12 13 14 15 16 17 18 19 20 22 23 24 25 26 27 28 30 32 33 34 36 37 38 39 40 41 42 43 44 45 46 49 51 53 54 55 56 57 58 59 60 61 64 65 66 67 68 69 70 71 72 73 74 75 76 77 78 79 80 81 84 85 88 90 91 92 93 94 99
shams 28
shane 55
shann 66
shank 40
syrus 49
syrup 17 38 55 77 79
spyin 13
spyer 39
spyes 45
syrie 79
syria 9 12 41 49 84
syren 40
shchi 39
shche 39
shawl 4 10 12 13 14 16 18 21 23 27 29 34 36 37 39 41 43 44 46 48 55 56 57 68 71 72 76 78 79 93 94
shave 6 12 13 21 22 28 35 37 39 40 42 46 49 53 55 57 70 71 73 76 77 78 79 80 81 83
shere 33
sherd 41
shelf 10 12 13 14 21 27 28 38 39 40 41 42 43 44 48 52 54 55 56 57 58 60 61 66 67 68 69 70 71 72 73 77 78 79 84 86 87 94
shell 1 5 10 12 13 14 17 18 23 26 27 28 31 33 35 37 38 39 40 41 42 44 48 49 51 53 55 56 60 64 66 67 68 70 71 73 76 77 78 79 80 81 84 89
shema 55
shend 9
shent 9
sheny 39
shewn 15 16 45 81 97
shews 15 16 45 49 97 98
sheaf 12 28 39 40 42 55 56 85 94
shead 91
sheap 13
shear 27 28 46 77
sheat 13
sheba 27 55 93 98
sheik 28 67
sheds 12 13 14 22 27 28 37 39 40 42 48 49 55 57 61 65 70 77 78 81 92 93
sheef 9
sheer 5 6 7 8 9 12 13 14 17 21 22 23 27 28 29 30 31 36 37 38 39 40 43 44 46 47 48 50 51 55 56 60 65 66 67 68 69 71 72 76 77 79 80 84 96
sheet 4 5 6 9 10 11 12 14 16 17 19 21 22 23 26 27 28 29 30 31 33 34 37 39 40 41 42 43 44 45 46 47 48 49 50 52 54 55 57 59 60 66 67 68 69 70 71 72 73 74 76 77 78 79 83 84 85 86 90 93 94
sheen 10 18 28 30 31 48 51 56 77 78 93
sheep 2 3 5 6 7 9 10 12 13 14 15 16 21 22 23 24 26 27 28 30 32 33 34 35 38 39 40 41 42 43 45 46 47 48 49 54 55 60 61 65 67 68 69 70 71 72 73 76 77 78 79 80 81 82 83 84 88 89 91 92 94 97 99 100
shite 55 91
shita 66
shiva 33 55
shift 9 10 11 13 16 19 21 22 28 29 31 34 36 38 39 40 44 46 48 49 50 51 55 57 60 65 67 68 69 71 72 73 77 81 82 83 84 97 99
shied 17 39 50 72 76
ships 6 8 9 10 12 14 15 18 20 21 22 23 26 27 31 32 38 39 40 42 45 46 48 49 53 55 60 64 65 67 69 70 71 73 77 78 79 80 81 82 83 84 85 86 88 91 94 98 100
shire 10 11 28 78
shira 55
shirk 4 13 27 47 51 70 72 77
shirr 40
shirt 4 5 6 9 10 12 13 14 17 18 20 21 22 23 24 27 28 31 32 34 37 38 39 40 41 42 43 44 46 48 49 53 55 57 60 62 66 67 68 69 70 71 72 73 75 76 77 78 79 81 93 94 99
shine 5 6 10 11 12 13 14 16 22 23 24 26 27 28 29 32 35 37 39 40 41 45 46 49 52 54 55 56 57 65 66 67 70 71 72 74 76 77 78 79 80 83 85 88 90 91 92 93 94 98 100
ship. 22
shiny 3 6 13 21 23 31 33 39 41 48 55 59 66 68 69 70 71 95
shins 6 14 31 35 55 70
shiba 66
shkin 39
shots 6 12 21 27 31 39 43 48 49 53 60 67 69 70 73 77 78 79 81
shoue 91
shour 9
shoul 68
shout 4 5 6 10 12 13 14 17 18 22 26 27 28 30 31 33 36 37 38 39 40 41 42 44 46 48 49 51 55 59 60 61 65 66 67 68 69 70 71 72 73 74 76 77 78 79 81 85 90 91 94 99
shove 6 9 13 27 30 34 37 39 40 41 44 46 50 55 59 69 70 71 73 79 83 85
shook 1 3 4 5 6 8 9 10 11 12 13 14 16 17 18 19 21 22 23 24 25 26 27 28 29 30 31 32 33 34 35 37 38 39 40 41 42 43 44 46 47 48 49 50 51 52 54 55 56 57 58 59 60 61 65 66 67 68 69 70 71 72 73 74 76 77 78 79 81 83 84 85 88 90 93 94 100
shoot 4 5 6 10 11 12 13 14 17 22 23 26 27 28 31 32 33 37 38 39 40 41 42 43 44 47 48 49 51 52 53 55 58 60 65 66 68 69 70 71 72 73 75 77 78 79 80 81 82 88 91 94 99
shoon 55 72 83
shope 27
shops 4 11 12 13 14 16 19 21 28 31 34 37 39 40 41 42 47 48 49 50 51 54 55 61 66 67 68 71 73 76 77 78 79 81 83 85 88 93
shore 3 4 5 6 7 9 10 12 13 14 17 18 20 22 24 26 27 28 29 30 31 32 33 34 35 37 38 39 40 44 46 48 49 51 52 53 55 56 58 60 61 64 65 67 68 69 70 71 72 73 74 76 77 78 79 80 81 82 83 84 85 88 90 93 94 98
shorl 14
shot. 38
shorn 4 10 12 13 20 27 28 30 49 51 56 65 67 69 77 78 94
short 1 3 4 5 6 7 9 10 11 12 13 14 15 16 17 18 19 20 21 22 23 25 26 27 28 29 30 31 32 33 34 35 36 37 38 39 40 41 42 43 44 45 46 47 48 49 50 51 52 53 54 55 56 57 58 59 60 61 62 63 65 66 67 68 69 70 71 72 73 74 75 76 77 78 79 80 81 82 83 84 85 86 88 89 90 91 92 93 94 95 96 97 98 99
showd 78
shows 1 5 7 11 12 13 16 17 19 21 22 23 26 27 28 29 31 33 34 36 37 39 40 41 43 44 46 47 49 50 51 53 55 56 63 65 66 67 68 69 70 71 72 73 75 76 77 78 79 80 82 83 84 85 88 89 92 94 95 100
shown 1 4 5 6 7 8 10 11 12 13 14 19 20 21 22 23 26 27 28 29 30 32 33 34 35 37 38 39 40 41 42 43 44 45 46 47 48 49 50 53 54 55 57 58 59 60 61 63 64 65 66 67 68 69 71 72 73 74 76 77 78 79 80 82 83 84 85 88 89 90 92 93 94 95
showy 10 14 27 34 39 55 56 66 69 72 77 79 80 84 85 89 94
shock 1 3 4 5 6 7 10 11 12 13 14 16 17 18 19 21 27 29 30 31 32 33 34 37 39 40 41 42 43 44 46 47 49 50 54 55 56 57 59 60 61 65 66 67 68 71 72 73 74 76 77 78 79 81 83 84 87 89 90 94 95 99
shoed 78
shoes 3 4 5 6 10 11 12 13 14 16 17 18 19 21 22 23 26 27 28 30 31 32 33 34 35 37 38 39 40 41 42 44 45 46 47 49 50 51 52 53 54 55 56 60 61 62 66 67 68 69 70 71 72 73 76 77 78 79 80 83 88 92 93 94 99 100
shoal 4 6 14 28 31 33 40 47 53 60 69 70 83
shold 91
sholy 70
shone 1 4 5 6 9 10 12 13 14 17 18 20 21 26 27 28 29 30 31 32 33 34 35 37 38 39 40 41 42 43 44 46 47 48 49 51 52 53 54 55 56 57 59 61 65 66 67 68 69 71 72 73 74 76 77 78 79 80 81 84 85 88 90 91 93 94 100
shois 62
shoji 66
shred 23 55 57 76 77 92
shrew 9 14 55 77
shrug 1 10 11 12 18 21 23 27 43 50 55 76 77 78 79 94
shrub 10 12 26 28 52 55 56 71 78 81 84
shuns 10 46 65 77 88 92
shure 13
shuts 5 12 15 18 28 36 39 40 46 49 50 54 65 67 71 76 77 78 79 97
shuck 70
shudd 81
sid’s 69
shyer 5 78
shyly 3 5 23 26 27 39 41 50 51 55 56 67 71 78 85 92 93
shyme 46
szony 55
sqush 70
squab 55 60
squad 12 39 42 48 52 55 66 85
squah 70
squat 12 13 14 18 21 22 23 26 28 42 43 44 46 47 49 55 74 77 90 93
squaw 17 28 30 40 55 99
squod 78
squib 100
squid 33 40 62
sim’s 39
sibbe 20
sible 7
siaui 53
siare 53
siagu 53
siama 53
siani 53
siain 53
sidle 78 94
sidon 22 65
sicut 49 77
side. 31 38
siddy 69
sided 6 12 21 22 27 30 32 33 35 39 40 41 46 47 56 57 68 71 78 80 83 89 92 96
sides 1 3 4 5 6 7 8 9 10 11 12 13 14 17 19 20 21 22 23 26 27 28 30 31 32 33 34 35 36 37 38 39 40 41 42 43 44 45 46 47 48 49 51 52 53 54 55 56 57 58 59 60 61 63 65 66 67 68 69 70 71 72 73 74 76 77 78 79 80 81 82 83 84 85 86 88 89 90 93 95 96 97 98
sicke 45
sicel 22
sin’s 27
sibyl 10 12 23 28 55
sican 22
sifts 27 64
siena 7 49
sieht 63
siete 55
sieur 12 49 82
sieve 8 27 28 40 41 49 60 73 77 80
siera 53
siege 7 9 12 13 23 33 37 39 42 46 47 48 49 55 57 65 71 73 77 79 80 81 82 88
sis’s 27
sigma 49
signa 7 49
signe 45
signs 1 4 5 6 7 9 10 11 12 13 14 19 20 21 22 23 26 27 28 29 30 31 33 34 37 38 39 40 41 42 43 44 45 46 47 48 49 50 51 52 53 55 57 60 63 65 66 67 68 69 70 71 72 73 74 75 76 77 78 79 80 81 82 83 84 86 88 90 92 93 94 95 98
sraid 55
sight 1 3 4 5 6 7 8 9 10 11 12 13 14 15 16 17 18 19 20 21 22 23 24 26 27 28 29 30 31 32 33 34 35 37 38 39 40 41 42 43 44 45 46 47 48 49 50 51 52 53 54 55 56 57 58 59 60 61 62 63 65 66 67 68 69 70 71 72 73 74 75 76 77 78 79 80 81 82 83 84 85 88 89 90 92 93 94 95 96 97 98 99 100
sighs 1 4 10 12 16 17 18 22 24 27 28 31 37 39 40 41 44 49 55 58 59 65 69 70 72 76 77 78 79 81 82 84 88 92
silva 53 77
simco 81
six’s 55
silks 12 14 19 23 27 28 39 40 49 55 56 60 61 73 76 79 83 94
silky 18 27 30 33 37 41 44 47 55 56 61 70 71 72 79 94
silla 62
sills 12 28 37
silly 1 4 5 6 10 11 12 13 14 16 17 19 21 22 23 25 26 27 28 29 30 31 33 35 36 37 38 39 40 41 44 46 48 49 50 51 55 56 58 66 67 68 70 71 72 73 75 77 78 79 82 83 84 85 88 92 93 94 96 100
silex 84
silog 53
silas 1 27 56 70
silen 41
sikes 68
siker 9
sinne 45 63
sinon 65 77
sinks 12 13 14 22 27 28 30 36 37 39 40 41 44 49 50 51 54 55 65 68 74 75 77 78 79 85 88 89 90 96
sinve 12
sinus 42 49 53
sines 91
sinew 30 39 40
singe 33
sings 5 11 12 13 20 21 22 24 26 27 28 30 37 38 39 40 41 51 53 55 56 64 65 68 69 70 71 76 77 78 79 88 91 94
sinai 12 41 45 65 69 79
since 1 2 3 4 5 6 7 8 9 10 11 12 13 14 15 16 17 18 19 20 21 22 23 25 26 27 28 29 30 31 32 33 34 35 36 37 38 39 40 41 42 43 44 45 46 47 48 49 50 51 52 53 54 55 56 57 58 59 60 61 63 64 65 66 67 68 69 70 71 72 73 74 75 76 77 78 79 80 81 82 83 84 85 86 88 89 90 91 92 93 94 95 96 97 98 99 100
sindh 53
sinds 68
simnl 49
simon 12 21 27 39 45 47 49 51 53 55 67 77 79 85 96
simia 49
simil 53
simul 34 49 50
simus 28
sipol 53
sions 63
sioux 13
siren 48 55 78 79 80
sires 32 40 49 55 65 80 85
siras 12
siroc 74 90
sirs. 40
sirin 39
sitis 49
sites 26 40 49 51 85
situa 55
situm 49
sisto 49
sitch 14 68
sivin 68 71
siver 91
sixth 6 7 9 10 11 12 15 17 22 23 26 28 34 37 38 39 40 41 42 44 45 47 48 49 50 51 52 53 54 55 60 65 66 71 73 74 76 77 78 79 80 81 82 84 88 90 92 97 98 99 100
sixty 1 4 9 10 12 13 14 15 16 17 18 21 22 23 27 28 30 31 32 33 34 35 37 38 39 40 41 42 46 49 50 51 53 56 60 65 66 67 68 69 70 71 72 73 76 77 78 79 80 81 82 83 84 85 91 93 94
sixes 71 77
sache 63
sacks 6 12 13 16 23 26 27 30 37 38 39 49 51 55 60 65 68 69 72 73 78 79 81 86 100
sacer 49
sabot 12
sable 9 10 14 20 21 27 32 39 40 41 44 47 52 55 65 70 77 81 84 85
sabre 6 12 37 79
sabri 12
sabun 53
sabah 79
saber 18 39 41 65 92
sam’s 10 27 51 56 85
sabin 12
sabed 91
sized 6 10 11 12 13 16 21 23 26 27 28 34 37 40 44 46 51 55 56 61 68 70 71 77 78
sizes 3 5 6 12 13 27 38 39 40 44 46 50 52 55 56 61 68 70 71 72 78 80 81
size. 38
sadok 9
sadly 3 4 5 6 9 10 11 12 13 14 16 17 18 19 20 21 22 23 26 27 28 29 31 32 35 36 37 38 39 40 41 42 43 44 46 49 50 51 52 53 54 55 56 59 60 61 65 66 68 69 71 72 75 76 78 79 80 82 84 85 92 94
sades 41
sacra 12 49 79
sacri 49
sacro 49
sagis 49
sagen 63
sager 52
sages 8 12 26 27 28 41 49 55 65 68 73 77 80 82 85 89
sar’s 12 28 41 49 77 79
sagst 63
sagas 49 65
safes 13 21
safer 5 7 14 15 16 21 22 27 33 38 39 43 44 45 46 47 48 55 57 58 65 67 68 70 71 72 73 78 79 80 81 83 84 85 88 97
safie 74 90
safe. 19 71
saeva 49
saevo 49
saepe 49 98
sails 4 6 8 10 12 13 14 15 16 18 20 22 23 26 27 28 31 32 40 46 48 49 50 53 55 60 64 65 66 71 73 74 77 79 80 81 83 84 88 90 100
saint 8 9 10 12 13 14 19 23 26 27 28 35 37 39 40 41 45 49 53 55 65 68 69 70 71 72 76 77 78 79 80 81 83 84 85 88 89 92 93 94 96 98
saith 9 20 26 28 32 33 37 40 41 45 49 55 71 76 77 79 80 81 88 99
sairy 94
saies 45
said. 18 80
sahib 5 33
sagte 63
sakya 35
sake. 38 41 80
saker 77
sakes 4 11 19 27 30 37 44 45 49 55 70 71 74 76 80 85 88 90 94
samta 53
samos 12 22 49 65 82 92
samsa 59
same. 21 41 44 71 80
samee 55
samar 53
sambo 27 51 55
sammy 40 58
samis 53
salt. 38
salso 49
salts 6 10 12 13 18 19 32 40 55 59 73 76 79 85 94
salty 53 55 62 94
salum 91
salus 12 45 49 97
salut 39 55
salon 10 12 18 23 39 67 79 94
salva 49 77 84
salve 9 18 45 49 51 55 71 77 94
salvi 44 55
salad 11 12 14 23 38 40 46 55 56 66 71 77 79 94
salda 53
saliv 49
salis 49 84
salle 9 12 79 84 94
sally 4 11 12 13 14 18 19 21 27 32 34 37 39 40 48 49 51 55 60 65 68 69 70 77 78 81
salem 28 40 51 71 84 85 91
sales 12 13 27 35 39 49 55 59 70
saona 53
santa 4 7 13 26 30 40 49 53 55 65 66 67 77 79 81 94
santi 12
santo 32 53
sanum 49
sanus 49
saner 28 51 57
sanie 49
sanam 9
sanct 53
sancy 12
sands 3 4 8 9 12 17 18 22 26 28 38 40 41 44 46 49 51 55 56 60 65 71 74 77 79 84 90 94
sandy 6 12 13 14 18 27 28 31 32 33 34 35 39 42 46 51 52 55 56 60 65 69 70 71 74 76 77 79 81 83 84 90
sanna 38
sanno 55 89
sarah 4 5 10 11 14 41 49 70 71 78 99
sarai 27
sarcy 27
saqui 12
sapit 49
sapor 49
sappy 28 39 69
satan 4 10 12 15 18 27 40 41 42 45 46 49 52 54 55 60 65 69 71 72 74 77 79 81 85 90 94 98
satin 5 10 11 12 16 18 21 23 27 28 37 39 40 42 44 55 56 61 66 68 71 77 78 79 84 94 100
satis 14 49
sated 12 20 30 40 49 55 56 62 77 88
sates 12
sassy 51
sarna 77
sarps 9
sarks 20 46 55
sarli 53
sarve 27 72
sarra 77
sarse 76
sarti 53
sarum 81
saved 4 5 6 7 9 10 11 12 13 14 16 17 18 19 20 21 22 23 26 27 29 30 32 33 34 36 37 38 39 40 41 42 43 44 45 46 47 48 49 50 51 53 55 56 58 59 60 61 65 66 68 69 70 71 72 73 74 76 77 78 79 80 81 82 83 84 85 88 89 90 91 94 97 98
saves 3 5 6 12 16 19 20 28 31 38 39 41 44 45 55 56 65 71 77 78 79 80 81 92 94 100
saver 49
savez 55
savor 12 27 28 30 39 40 56 85
savoy 12 49 55 74 90 94
savin 5 27 46
ssige 63
sauce 5 6 12 14 39 40 42 49 52 53 55 56 59 68 69 71 72 76 77 79 93 94 98
saucy 11 16 18 19 27 39 41 44 49 50 55 56 58 72 77 83 94
sauls 45
saulx 12
sauio 53
satno 12
satze 63
satur 49
satyr 12 23 39 44 83 84 92
saxon 4 12 20 21 27 28 34 39 40 46 55 70 78 92 94
sawin 27
sawed 12 14 17 28 40 46 70 73 76 81 84
savvy 55 66
ssy’s 41
saynt 53
sayin 5 27 46 70
sayst 9 40
sayth 45
says. 16
saxum 49
sayer 26
sayes 45
sayas 77
ssten 63
sssso 33
sssss 33
skate 33 62
skein 10 12 34 38 39 43 44 55 77 94
skeet 30
skeer 4 46
stato 7
stats 91
state 1 2 3 4 5 6 7 8 9 10 11 12 13 14 15 16 17 18 19 20 21 22 23 24 25 26 27 28 29 30 31 32 33 34 35 36 37 38 39 40 41 42 43 44 45 46 47 48 49 50 51 52 53 54 55 56 57 58 59 60 61 62 63 64 65 66 67 68 69 70 71 72 73 74 75 76 77 78 79 80 81 82 83 84 85 86 87 88 89 90 91 92 93 94 95 96 97 98 99 100
staua 53
statt 63
statu 12 34 71 84
stave 6 17 40 52 55 60 71 93
stark 6 9 10 12 13 21 28 39 40 44 46 48 49 55 60 68 69 72 73 76 77 78 82 98
starn 78
stare 5 6 8 10 12 13 14 16 17 18 19 21 25 27 29 31 32 33 37 40 41 42 43 44 46 47 48 49 50 51 55 56 57 59 61 65 67 68 69 71 72 73 74 76 77 78 79 84 85 90 92 94
start 1 2 3 4 5 6 7 8 9 10 11 12 13 14 15 16 17 18 19 20 21 22 23 24 25 26 27 28 29 30 31 32 33 34 35 36 37 38 39 40 41 42 43 44 45 46 47 48 49 50 51 52 53 54 55 56 57 58 59 60 61 63 64 65 66 67 68 69 70 71 72 73 74 75 76 77 78 79 80 81 82 83 84 85 86 87 88 89 90 91 92 93 94 95 96 97 98 99 100
stars 4 5 6 8 10 12 13 14 16 17 18 21 22 23 24 26 27 28 29 30 31 33 34 35 38 39 40 41 42 43 45 46 47 48 49 51 52 53 55 56 57 58 60 61 64 65 66 67 68 69 70 71 72 73 74 76 77 78 79 80 82 83 84 85 87 88 90 91 92 94 98 100
stash 40
stayd 45
stays 3 5 6 10 11 12 13 16 17 22 33 38 39 40 43 44 49 53 54 55 56 61 65 69 70 71 78 88 94 98
stack 14 28 31 33 48 54 55 63 68 70 72 76 78
stacy 56
stade 53
staed 91
stag. 80
stael 92
staff 1 2 3 4 5 6 7 8 9 10 11 12 13 14 15 16 17 18 19 20 21 22 23 24 25 26 27 28 29 30 31 32 33 34 35 36 37 38 39 40 41 42 43 44 45 46 47 48 49 50 51 52 53 54 55 56 57 58 59 60 61 63 64 65 66 67 68 69 70 71 72 73 74 75 76 77 78 79 80 81 82 83 84 85 86 87 88 89 90 91 92 93 94 95 96 97 98 99 100
stage 1 4 5 6 8 10 11 12 13 14 15 18 19 21 23 26 27 28 30 32 36 37 39 40 41 42 43 44 45 46 47 48 49 50 51 54 55 56 57 65 66 67 68 69 70 71 72 73 74 76 77 78 79 80 82 83 84 85 88 89 90 92 94 95 96 98
stabs 14 39 40 41 49 55 76 77 85 98
stale 9 10 12 13 16 21 22 33 35 37 39 42 49 50 51 55 56 67 68 69 71 72 73 77 78 93 94
stalk 3 5 12 23 26 30 39 40 42 53 55 60 66 68 69 79 90 92 94
stall 4 12 18 21 28 33 34 38 40 42 49 57 65 68 72 77 78 79
stamp 1 4 5 10 11 12 13 15 21 23 26 27 28 29 31 33 37 39 40 41 45 46 49 51 54 55 56 60 65 66 68 71 72 73 74 75 77 78 79 80 81 83 85 86 89 90 93 94 97
stamm 63
stang 73
stank 13 35 49 53 88
stand 1 2 3 4 5 6 7 8 9 10 11 12 13 14 15 16 17 18 19 20 21 22 23 24 25 26 27 28 29 30 31 32 33 34 35 36 37 38 39 40 41 42 43 44 45 46 47 48 49 50 51 52 53 54 55 56 57 58 59 60 61 62 63 64 65 66 67 68 69 70 71 72 73 74 75 76 77 78 79 80 81 82 83 84 85 87 88 89 90 91 92 93 94 95 96 97 98 99 100
stans 45
stags 43 49 55 64 80
staid 4 10 11 13 14 16 19 22 27 32 39 40 41 49 50 55 67 71 73 76 78 79 83 92
stair 10 12 14 17 21 26 29 34 38 40 43 44 46 48 49 54 68 71 76 78 79 84 93 94
staio 49
stain 1 10 12 13 14 16 20 21 23 24 27 28 29 39 41 44 46 49 51 54 55 65 66 67 68 69 71 75 76 77 78 79 80 83 84 85 89 91 94 100
stake 1 6 8 12 15 16 17 19 21 26 27 28 32 33 37 39 40 41 42 43 44 46 49 55 56 60 61 65 66 68 71 75 76 77 78 79 80 82 89 92 93 94
skins 4 5 6 9 12 13 17 22 23 26 27 28 30 31 33 38 39 40 41 43 45 48 49 51 53 55 60 61 67 71 73 76 77 78 79 81 85 88 97
skips 42 49 70 80
skipt 49
skill 1 2 6 7 9 10 11 12 13 14 16 18 20 21 22 27 28 33 34 35 37 38 39 40 43 44 45 46 49 51 52 53 55 56 57 60 65 66 68 71 72 73 74 76 77 78 79 80 81 83 84 85 86 88 89 90 92 94 96 97 98 99
skin. 38
skims 28 65 74 78 90
skirt 3 4 10 12 13 17 18 21 27 33 34 37 39 41 42 43 47 48 50 55 56 59 62 66 67 68 71 76 77 79 94
skiff 6 40 49 53 55 56 69 70 74 77 79 90
skift 9 70 72
skies 4 5 10 12 14 23 24 27 28 40 41 48 49 51 55 57 65 69 71 72 74 76 77 78 79 81 84 85 88 90 92 93
stews 12 49 55 68
stell 49
stems 5 10 28 33 35 38 39 40 42 46 47 48 56 66 78 84
stemm 20
stent 48
step. 79
steht 63
stein 39 63
stete 53
steve 55
stept 16 73 90
steps 1 4 5 6 7 8 9 10 11 12 13 14 15 16 18 19 21 22 23 24 25 26 27 28 29 30 31 33 34 35 36 37 38 39 40 41 42 43 44 46 48 49 51 52 53 54 55 56 57 59 60 61 64 65 66 67 68 69 70 71 72 73 74 75 76 77 78 79 80 81 83 84 85 88 90 92 93 94 98 99
stern 1 4 6 9 10 12 13 14 17 21 22 23 25 26 27 28 29 30 31 32 34 37 39 40 41 42 43 44 46 48 49 50 51 53 55 56 60 61 65 68 69 70 71 72 76 77 78 79 80 81 84 85 94
stert 9
steel 1 4 5 6 8 9 10 12 13 14 17 20 21 22 23 26 27 28 30 33 34 37 38 39 40 43 46 47 48 49 53 55 56 65 68 71 72 73 74 76 77 78 79 80 81 83 84 85 86 90 93 98
steep 1 4 6 7 10 12 16 18 19 20 21 22 26 27 28 30 31 33 34 37 38 39 40 41 43 44 46 48 49 51 56 57 60 61 64 65 68 69 70 71 72 73 74 76 78 80 81 82 84 88 90 94 99
steed 9 10 28 37 38 40 42 49 52 56 65 73 77 79 85
steer 4 6 13 14 15 22 28 31 39 40 43 46 49 51 55 57 60 65 71 72 73 77 79 80 81 88
steak 14 37 38 40 46 48 55 71 78
steal 1 4 8 9 10 12 13 17 21 22 23 24 26 27 28 29 30 31 32 33 35 36 37 38 39 40 41 43 44 45 46 48 49 51 52 53 55 56 58 61 65 66 67 68 69 70 71 72 73 74 77 78 79 80 81 83 85 88 90 91 94
stead 5 9 10 12 17 20 28 30 40 44 45 46 49 50 52 53 54 65 69 70 71 76 77 79 80 81 84 88
steam 3 5 10 12 13 14 21 22 23 26 27 28 31 32 33 34 37 39 40 41 44 46 48 49 51 55 57 68 69 70 71 77 78 79 84 86 89 93 94 96
stean 46
stipa 53
stirs 8 10 11 12 13 31 39 40 41 49 55 65 70 72 77 78 80
stirp 28
stick 3 5 6 9 10 12 13 14 17 18 21 22 23 26 27 28 29 30 31 32 33 34 37 38 39 40 41 42 43 44 45 46 47 48 49 51 53 54 55 56 58 59 60 61 66 68 69 70 71 72 73 74 76 77 78 79 81 83 84 85 86 88 90 92 94 99 100
sties 28
stiff 3 4 5 6 10 12 13 14 18 21 22 23 26 27 28 29 30 32 33 34 35 37 38 39 40 41 42 44 46 47 48 49 50 51 53 54 55 56 57 58 59 60 61 65 67 68 69 70 71 72 73 74 76 77 78 79 83 84 85 88 90 92 93 94 99 100
still 1 3 4 5 6 7 8 9 10 11 12 13 14 15 16 17 18 19 20 21 22 23 24 25 26 27 28 29 30 31 32 33 34 35 36 37 38 39 40 41 42 43 44 45 46 47 48 49 50 51 52 53 54 55 56 57 58 59 60 61 62 63 64 65 66 67 68 69 70 71 72 73 74 75 76 77 78 79 80 81 82 83 84 85 86 87 88 89 90 91 92 93 94 95 96 97 98 99 100
stile 9 10 14 15 21 44 45 48 55 68 69 70 73 83 94 97
stint 9 22 28 39 41 45 49 76 77
sting 4 10 13 14 16 18 19 26 28 31 32 37 38 39 40 41 43 46 49 55 56 57 58 61 70 71 74 77 80 84 85 90 94
stink 12 13 26 31 39 41 49 54 55 73 77 91 92 99
stigh 9
skunk 28 55 56 70
stoic 10 40 49 60 79 80 92
stoje 53
stock 2 4 6 10 12 13 14 16 18 19 20 21 22 23 26 27 28 32 33 34 36 37 38 39 40 41 42 44 45 46 48 49 50 51 53 54 55 56 60 61 65 66 67 68 69 70 71 72 73 74 75 76 77 78 79 80 81 82 83 85 86 89 90 94 95 96 97 98
stoer 55
skulk 6 28 65 68 72 80
skull 1 6 9 12 13 14 17 21 22 23 32 37 39 40 41 42 43 46 47 48 50 55 65 68 69 70 72 73 77 78 79 84 85 90
stool 3 4 5 10 12 13 14 17 18 21 22 23 26 27 31 32 34 36 38 39 40 41 42 44 45 46 48 49 52 55 61 68 70 71 72 73 76 78 79 83 85 93 94
stoop 3 9 10 12 13 14 16 21 26 29 33 37 38 39 41 44 49 51 53 55 56 57 64 65 67 70 71 72 73 77 78 79 83 85 88 91 94 96 97 99
stoom 55
stood 1 3 4 5 6 7 8 9 10 11 12 13 14 15 16 17 18 19 20 21 22 23 24 25 26 27 28 29 30 31 32 33 34 35 36 37 38 39 40 41 42 43 44 45 46 47 48 49 51 52 53 54 55 56 57 58 59 60 61 63 64 65 66 67 68 69 70 71 72 73 74 76 77 78 79 80 81 82 83 84 85 88 89 90 91 92 93 94 96 97 98 99 100
stoof 68
stopt 16 19 81 83
stops 5 10 12 17 22 26 27 28 36 38 41 43 46 47 49 50 51 55 62 65 68 70 71 75 76 78 79 82 86 89 91 94
storm 4 5 6 7 10 11 12 13 14 16 19 20 21 22 23 24 26 27 28 29 32 33 36 37 38 39 40 41 42 43 44 46 47 48 49 51 52 53 54 55 56 57 58 60 61 64 65 66 68 69 70 71 72 73 74 76 77 78 79 80 81 82 84 85 88 90 92 93 94 99 100
store 1 4 5 10 12 13 14 16 18 19 20 22 23 25 26 27 28 30 32 34 37 38 39 40 41 42 44 45 46 47 48 49 51 52 53 54 55 56 57 58 60 62 64 65 66 67 68 69 70 71 72 73 74 76 77 78 79 80 81 83 84 88 90 93 94 97 98 99
stork 49 55 61 66 77 94
story 1 3 4 5 6 8 9 10 11 12 13 14 16 17 18 19 20 21 22 23 25 26 27 28 29 30 31 32 33 34 35 37 38 39 40 41 42 43 44 45 46 47 48 49 50 51 52 53 54 55 56 57 60 61 62 63 65 66 67 68 69 70 71 72 73 74 75 76 77 78 79 80 81 82 83 84 85 88 89 90 91 92 93 94 97 100
stoke 11 21 38 55 68
stole 3 4 6 8 9 10 11 12 13 14 17 18 19 21 24 26 27 28 29 30 33 35 37 38 39 40 41 43 44 46 49 51 52 53 54 55 56 57 58 65 66 68 69 70 71 72 73 74 76 77 78 79 82 84 85 88 90 91 94 98 99 100
stoln 98
stono 51
stone 1 5 6 8 9 10 11 12 13 14 16 17 18 19 20 21 22 23 26 27 28 29 30 31 32 33 34 35 37 38 39 40 41 42 43 44 45 46 47 49 51 53 54 55 56 57 59 60 64 65 66 67 68 69 71 72 73 74 75 76 77 78 79 80 81 82 83 84 85 88 89 90 91 92 93 94 95 96 97 98
stony 5 6 10 12 20 24 26 27 28 31 39 41 43 46 47 51 55 57 65 69 71 72 73 74 75 76 78 83 84 85 90 93
stoud 91
stour 9
stout 5 6 7 9 10 11 12 13 14 16 17 18 19 20 21 22 23 26 27 28 29 30 31 34 37 38 39 40 41 42 43 44 48 49 55 56 60 61 66 67 68 70 71 72 73 76 77 78 79 80 81 84 91 94 99
stove 6 12 13 17 18 23 27 28 34 35 36 37 38 39 40 41 49 51 56 57 66 67 68 69 70 71 74 77 78 79 81 83 85 90 93 94
stowe 27
strum 29 37
strut 12 39 49 55 63
strew 13 38 49 51 65 66 68 73 76
stray 10 12 13 14 16 18 23 24 26 27 28 29 30 33 37 39 40 41 42 44 46 48 49 50 51 55 56 57 58 62 64 65 66 68 69 70 71 72 73 76 77 78 79 84 85
strap 22 28 34 38 39 49 50 55 61 66 68 71 76 77 79 84
straw 4 5 10 12 13 14 18 21 22 23 26 27 28 30 31 35 37 38 39 40 41 42 43 45 46 48 49 50 52 53 54 55 56 57 60 61 65 66 67 68 69 70 71 73 74 76 77 78 79 80 82 83 90 91 94 97 99
strat 91
strom 39
strow 65
strip 5 6 9 10 12 13 14 18 21 22 23 25 26 27 28 31 32 37 39 40 41 42 43 44 45 46 49 51 52 53 54 55 56 57 58 61 65 66 68 70 71 73 76 77 78 79 80 83 85 86 94 97
strix 28
stump 4 5 6 10 12 13 14 21 22 27 28 32 33 34 38 40 41 42 44 51 55 60 68 69 70 71 74 77 78 90 94
stung 10 14 22 23 26 27 32 33 35 37 39 40 41 42 47 48 50 55 65 71 73 76 77 78 81 88
stuns 55
stunk 49 55
sturm 51
sturb 70
stubs 56
stuck 4 5 6 7 9 10 12 13 14 16 17 18 21 22 23 27 28 29 31 33 34 35 37 38 39 40 41 42 43 44 46 48 49 51 52 55 56 57 59 60 61 65 67 68 69 70 71 72 73 76 77 78 79 81 82 83 84 88 93 94 97
studi 53
study 4 5 6 7 8 9 10 11 12 13 14 15 16 18 19 20 21 22 23 25 26 27 28 29 34 35 36 37 38 39 40 41 42 43 44 45 46 47 48 49 51 52 54 55 56 57 60 62 63 65 66 67 68 69 70 71 72 73 74 75 76 77 78 79 80 81 82 83 84 85 86 87 88 89 90 92 94 95 97 98 100
studs 28 40 41 44 47 48 55 65
stuff 3 4 5 6 9 10 12 13 14 17 19 21 22 23 27 28 29 30 31 32 33 34 35 36 37 39 40 41 42 44 46 48 49 51 53 54 55 56 57 59 60 61 67 68 69 70 71 72 73 74 76 77 78 79 80 81 83 84 85 88 89 90 91 92 93 94
stubb 40
scarf 6 10 12 14 18 22 23 27 37 39 40 41 42 44 49 53 55 56 57 62 65 71 76 77 78 79 85
scare 10 12 13 26 27 29 31 34 36 37 39 40 41 43 46 54 55 58 61 66 69 70 78 84 91
scart 46
scars 8 12 31 33 39 40 41 47 49 55 77 78 79 81 91
scary 69 70
scase 27
scath 26
scaur 92
scabs 55 82
scant 10 13 14 28 29 40 42 51 55 56 57 77 78 81 84 93 94
scans 12 55
scape 12 20 45 49 65
scala 21
scale 3 6 7 10 11 12 13 14 15 16 18 19 21 22 23 26 28 29 30 31 32 33 37 39 40 42 43 44 46 47 48 49 50 55 57 63 65 66 71 72 73 74 76 77 78 79 80 85 86 89 90 92 93 96 98 99
scald 49 55 68 71 99
scali 7
scalp 17 40 55 59 81
scaly 3 10 13 14 48 55 65 77 78 84
scamp 4 6 12 18 27 37 39 40 41 55 58 70 79
sceal 20
s.l.o 6
slack 12 13 14 27 28 30 34 37 39 40 44 46 55 57 65 69 71 78 81 84
slade 9 46
slafe 39
slabs 12 21 40 47 49 70 79 83 84
styes 22
sue’s 84
style 4 6 7 10 11 12 13 14 15 16 19 21 22 23 26 27 28 30 31 32 33 34 35 37 39 40 41 42 44 46 47 49 50 51 52 53 54 55 56 62 63 65 66 68 69 70 71 72 73 74 75 76 77 78 79 80 82 83 84 85 87 88 89 90 91 92 94 100
scene 1 2 4 5 6 10 11 12 13 14 15 16 17 18 19 21 22 23 24 26 27 28 29 30 31 34 35 36 37 39 40 41 42 43 44 46 47 48 49 50 51 52 54 55 56 57 60 65 66 67 68 69 70 71 72 73 74 75 76 77 78 79 80 81 82 83 84 85 90 91 92 93 94 98 100
scent 5 10 12 13 14 18 21 22 23 27 28 29 30 34 35 37 38 39 40 41 43 44 48 49 51 55 57 61 65 68 70 71 72 73 74 76 77 78 79 80 81 84 90 92 98 100
sciet 49
sciat 49
scion 12 20 22 43 55 74 90
schen 63
schaf 63
slays 12 20 64 65 77 80
schon 39 63
schol 65 98
slake 9 30 42 44 47 48 55 76
slamp 5
slang 4 12 13 21 33 42 46 50 66 78 79 94
slant 6 12 57 70 72 84
slain 6 9 10 12 15 17 20 22 23 26 33 34 39 40 41 42 45 47 48 49 53 55 64 65 66 76 77 79 80 81 82 83 85 88 92 98 99
slate 3 10 12 14 17 21 26 27 28 36 40 42 43 44 46 55 56 57 61 69 71 72 78 79 85 94
slats 12 40 55 61
slaty 33
slave 4 6 10 11 12 13 14 16 21 22 26 27 28 32 37 38 39 40 41 44 45 46 49 50 51 53 54 55 60 61 65 66 69 70 71 73 74 76 77 78 79 80 81 82 84 85 88 89 90 92 94 96 97 98
slavs 41
slaps 18 25 37 41 44 51 55 68 70 72 77
slash 6 30 32 33 39 40 41 45 49 73 77 86
sleds 28 30 57 83
sleep 1 3 4 5 6 8 9 10 11 12 13 14 15 16 17 18 19 20 21 22 23 24 25 26 27 28 29 30 31 32 33 34 35 36 37 38 39 40 41 42 43 44 45 46 47 48 49 50 51 52 53 54 55 56 57 58 59 60 61 62 64 65 66 67 68 69 70 71 72 73 74 76 77 78 79 80 81 82 83 84 85 88 89 90 91 92 93 94 98 99 100
sleek 10 13 16 18 26 27 30 32 33 38 39 40 46 49 52 55 65 71 76 77 78
sleet 4 10 14 33 40 41 55 57 71 72 78 80 93
s.s.w 6
scire 49
sciri 49
scito 49
slept 1 4 5 6 7 8 9 10 11 12 13 14 15 16 17 18 19 21 22 23 24 25 26 27 28 29 30 31 33 34 35 37 38 39 40 41 42 44 45 46 47 48 49 50 51 53 54 55 56 58 59 60 61 64 65 66 67 68 69 70 71 72 73 74 76 77 78 79 81 82 83 84 88 90 93 94 98 100
slews 40 55
score 4 5 6 9 11 12 13 14 15 16 17 19 22 25 27 28 30 33 34 37 39 40 41 42 43 46 47 48 49 51 52 55 60 63 65 68 69 71 72 73 76 77 78 79 80 82 84 85 89 97 99
scorn 4 5 6 7 9 10 11 12 13 15 17 19 20 21 26 27 34 35 39 40 41 42 43 45 46 47 49 50 51 55 56 65 67 68 69 71 72 74 76 77 78 80 83 84 85 88 90 92 94 98
slily 9 12 40 49 55 80 93
sun’s 5 12 18 22 28 39 40 47 49 55 65 67 69 73 77 79
slime 10 12 14 18 26 31 39 40 43 44 47 48 49 51 54 55 68 73 78 84
slimy 4 6 13 14 18 23 27 28 31 43 44 49 55 56 65 68 71 78 84
scott 12 13 19 21 22 27 42 46 51 55 65 67 70 73 79 81 89 94
scots 9 49 55 83
sline 70
slink 13 21 26 28 33 39 40 48 69 70
sling 7 12 13 14 22 26 37 39 40 46 49 53 65 70 71 77
scoun 71
scout 9 12 22 34 40 55 60 65
scour 6 27 28 33 38 39 55 65 70 77 82 83 86 98
scone 55
sligo 55
scoop 18 70 71 78 79 86
scoot 40 55
scope 9 11 12 26 27 32 39 41 43 45 46 49 53 55 56 63 71 72 74 79 81 83 84 85 86 89 90 95
scopo 7
slits 21 40 55 73 94
slipt 40 44 45 49 90
slips 1 10 12 13 14 28 31 33 39 40 42 47 49 55 56 70 77 78 79 97
scowl 5 10 37 39 40 51 55 57 68 71 72 77 78 84 85
scows 13 70
sucks 12 22 35 49 55 64 65
subst 20
s.w.f 40
slice 5 6 9 10 12 14 16 18 21 28 30 38 39 40 42 55 58 66 67 68 69 71 75 77 78 79 80 83 94
slick 55 70 98
slide 10 12 13 21 26 28 31 40 46 48 49 55 57 59 65 67 70 71 72 77 78 79 83 84 87 93 94
scold 5 10 11 12 13 14 16 19 22 32 35 39 41 44 51 56 58 70 71 72 77 78 79 80 94
scole 70
scoff 12 41 49 55 99
subdu 88 98
suban 53
subin 53
suave 10 42 46 49 55
suede 55
scrag 10 55
suero 77
scrap 5 12 13 14 18 27 28 29 31 33 34 39 41 46 47 48 49 51 55 57 65 66 68 70 71 76 77 78 79 83 84 86 93
sueti 49
suent 28
sudet 49
sudar 94
sugar 3 4 5 6 12 13 14 17 18 19 23 27 28 32 33 37 38 39 41 42 46 49 51 53 54 55 56 60 61 62 66 67 68 69 70 71 72 73 75 76 77 78 79 81 82 83 86 92 93 94 96 97 98
scrub 6 10 13 18 27 31 33 34 43 47 50 55 56 57 66 94
scrum 55
scrip 55 77 79
screw 12 13 14 29 33 38 39 40 41 42 44 46 48 49 55 60 66 70 71 73 76 78 79 86 93
slows 55
suite 1 12 21 34 39 44 45 46 49 67 76 77 79 84 93
slosh 69
sloth 7 10 28 33 35 39 45 47 49 51 55 65 73 76 77 79 83 88 98
suine 55
slow. 71
suing 55 72 78 83
slout 68
suits 4 5 6 7 10 12 13 14 16 21 23 27 37 38 39 41 43 48 49 53 55 56 65 67 68 69 70 71 73 75 76 77 78 79 80 89 94
scull 83
sloop 32 40 52 73 79 81 83 84
slope 1 4 6 10 12 16 18 19 21 28 29 30 31 33 34 39 40 42 43 44 46 47 48 52 55 56 57 65 66 69 70 71 72 77 79 84 85
slops 27 41 44 55 68 71 81
scurf 12 23 28 32 49
scuse 27 55
scusi 55
suier 91
scuta 49
suhoy 41
scugs 17
scuds 65
suked 91
sukey 27
sukht 39
sumus 28 49
sunda 40
sumit 49
sumfn 70
sumpn 70
summa 12 49 55
summo 45 49
summe 45 63 98
summs 45
sumat 49 97
scyld 20
sulci 49
sulky 3 5 10 14 23 26 31 33 34 37 38 39 40 41 44 46 50 51 56 68 71 72 76 78 79
sulla 53
sulks 6 12 14 23 27 40 55 78 85
sully 10 55 71 77 79
sulmo 49
super 11 12 14 18 26 39 41 46 49 55 63 71 80 92
slush 13 27 28 33 34 42 55 62 70 71 83
sluts 22 41 55
suono 49 53
suona 49
slued 14 33
slump 13 67
slums 13 21 41 51
slung 6 12 14 21 22 31 34 39 40 41 42 46 55 58 60 67 68 70 71 72 73 76 77 94
slunk 4 5 6 13 40 55 67 68 69 70 71 76 93
slugs 12 60 78
sup.9 65
sunup 57
sunno 53
sunne 45 53 98
sunny 4 5 6 10 12 14 17 18 24 26 27 28 37 39 40 42 44 46 48 50 51 55 58 61 66 67 68 69 71 72 74 76 78 85 90 94 98
sunol 33
surat 53 73
sure. 37 42 71 84
surer 6 7 10 18 27 28 41 46 49 56 64 65 67 69 72 76 77 79 85 93
sural 20
surly 5 10 13 14 21 27 39 40 41 46 51 55 60 65 68 71 72 78
surfs 81
surff 83
surge 10 14 20 30 32 33 39 55 56 60 65 70 71 76 78 84
surin 12
supra 20 43 49 53 95 98
sutes 45
slyly 5 6 12 19 27 30 37 38 41 51 52 53 58 66 68 71 77 79 91 94
susan 5 24 27 40 44 55 56 68 69 70
susie 94
surry 16
suzon 12
smart 4 5 6 10 11 13 14 19 21 22 23 27 29 30 32 34 35 36 37 38 39 40 41 42 43 44 45 46 49 50 52 55 56 57 58 59 65 67 68 69 70 71 72 73 75 77 78 81 85 93 94
smash 6 12 13 14 27 29 31 35 39 41 47 48 50 55 57 63 68 70 72 76 78 94 96
small 1 2 3 4 5 6 7 8 9 10 11 12 13 14 15 16 17 18 19 20 21 22 23 24 25 26 27 28 29 30 31 32 33 34 35 36 37 38 39 40 41 42 43 44 45 46 47 48 49 50 51 52 53 54 55 56 57 58 59 60 61 62 63 64 65 66 67 68 69 70 71 72 73 74 75 76 77 78 79 80 81 82 83 84 85 86 87 88 89 90 91 92 93 94 95 96 97 98 99 100
smack 6 21 38 39 40 41 44 48 55 58 70 71 77 78 84 85
smell 1 5 6 9 10 12 13 14 16 18 21 22 23 25 26 27 28 29 30 31 33 34 35 36 37 38 39 40 41 42 43 45 46 47 48 49 50 53 54 55 56 58 59 60 61 66 68 69 70 71 73 76 77 78 79 80 81 84 88 92 93 94 95 100
smelt 5 6 10 13 14 17 26 27 37 38 39 40 41 46 47 49 55 57 60 68 69 70 71 72 73 74 76 77 78 79 83 84 85 90 91 93
smear 14 21 34 39 42 55 71 76 77 78 86
smeer 40
smith 10 12 13 16 19 20 22 26 27 28 32 34 39 40 42 46 50 51 55 56 60 66 73 76 77 79 81 83 89 95
smite 9 13 22 23 26 32 34 38 39 40 41 45 48 76
smirk 55 67 68 78
smile 1 3 4 5 6 8 10 11 12 13 14 16 17 18 19 21 23 24 26 27 28 29 31 34 35 36 37 39 40 41 42 43 44 45 46 47 49 50 51 54 55 56 57 58 59 60 61 65 66 67 68 69 70 71 72 73 74 75 76 77 78 79 82 84 85 88 90 92 93 94 98
smote 4 6 9 10 12 13 14 18 20 22 27 37 38 39 40 41 42 46 47 48 52 54 55 56 57 65 69 71 72 76 77 80 81 85
sea’s 40 55 65
smoak 45 91
smock 12 14 39 41 55 68 77 78
smoky 6 10 12 13 14 28 40 41 46 47 48 49 51 55 65 66 67 68 70 71 76 78 79 83 84 93 98
smoke 1 3 4 6 8 9 10 12 13 14 16 17 18 20 21 22 23 26 27 28 31 32 33 34 37 38 39 40 41 42 43 46 47 48 49 51 53 54 55 56 57 58 59 60 62 64 65 66 67 68 69 70 71 73 74 75 76 77 78 79 80 81 83 84 85 88 90 94 99
see’d 27
smuts 46 55
sea24 22
seas. 22
sears 51 85
seale 45 53
seals 3 6 12 14 17 22 26 27 33 34 40 41 44 49 53 60 65 66 68 71 78 79 85 93 94
seams 6 12 13 28 35 39 40 41 49 68 77 78 79 94
seamy 80
seate 45
seats 4 5 10 11 12 13 14 16 18 19 21 22 23 24 25 26 27 28 32 37 39 40 41 42 45 46 48 49 51 53 55 56 57 59 65 66 67 68 69 70 71 72 73 76 77 78 79 80 81 85 88 94
smyth 22 27 83
sedet 49
sedes 28 49 97
sedge 28 55 84
sedgy 28 65
sedem 49
sects 7 12 45 49 73 77 80 83 89 92 96
secum 49
secul 20
secus 49
secur 83
sect. 80
sedan 14 35 49 55 73
secla 49
seclo 49
