sagten 63
sketch 4 6 10 11 12 14 16 18 19 21 23 26 27 31 34 41 42 43 44 49 51 53 55 60 65 66 71 72 77 78 79 80 81 83 85 94
szgany 46
saguet 12
shka’s 39
sayeth 9 91
sayers 55
sayest 9 26 40 49 55 60 77 85 88 92
sulked 12 13 41 52 69 78
sulker 26
shawls 10 12 13 14 37 39 55 67 68 71 78 79 94
sullen 1 6 10 12 13 14 15 18 23 26 27 28 30 33 34 37 39 40 41 42 46 47 48 49 51 52 55 56 57 65 66 67 68 69 71 72 73 74 76 78 79 83 84 90 93
sulkin 27
stheno 49
smelly 31 55
smells 5 10 12 13 14 16 17 26 27 28 30 31 33 37 38 39 40 44 46 49 50 55 68 70 77 78 79 81 88 92 95
sapped 26 30 49 78
sapper 12 48
spicin 40
spiced 12 18 40 42 55 67 77 92 100
spices 9 10 13 14 23 26 27 35 40 64 72 77 81 88 92 93 94 98 100
saying 1 3 4 5 6 7 8 9 10 11 12 13 14 15 16 17 18 19 20 21 22 23 24 26 27 28 29 30 31 32 33 35 36 37 38 39 40 41 42 43 44 45 46 47 48 49 50 51 53 54 55 56 57 58 59 60 61 62 63 64 66 67 68 69 70 71 72 73 74 75 76 77 78 79 80 81 82 83 84 88 89 90 92 93 94 95 97 98 99 100
sappho 41 49 79
snippy 48
spider 4 12 13 14 23 26 27 28 30 37 41 46 47 48 49 55 61 66 69 70 71 72 73 78 84 88 92 94
skewer 22 28 40 71
snipes 28
snivel 10 28 55 71 72 80 94
suluan 53
slain. 65
slaine 98
sprach 63
sexton 28 38 46 49 55 71 72 78 85 93
sextus 49 65
sprain 10 13 39 40 94
spigot 40
slagle 67
sultry 26 27 28 39 40 42 46 55 65 68 70 72 76 77 78
sprats 55
sprang 1 4 5 6 7 9 10 11 12 13 14 17 18 20 21 22 26 27 28 29 30 32 33 34 35 37 38 39 40 41 42 43 44 46 48 49 51 52 54 55 56 57 58 60 61 65 66 67 68 69 71 72 73 74 76 77 79 83 84 88 90 92 94 95 96 97
sexual 35 42 44 48 50 51 55 92
sprawl 33 38 55 69
sultan 10 12 14 38 40 53 78 79 82 93
sprays 5 6 8 10 12 18 28 39 56 69 79 94
sonata 39 94
spinal 12 18 40 55 65 79
sonant 49
sonano 53
slangy 56
slangs 12
sahara 28 31 40 71 79 94
separe 53
sudare 49
sudans 79
spines 12 26 40 84
spinet 16 73
slants 77
sprent 9
slaked 44 74 78 90
sprees 39
spiked 12 14 40 55 76 77 78
spiker 71
spikes 5 14 28 39 40 42 46 47 60 68 71 76 77 78 84 85
spread 1 3 4 5 6 7 8 9 10 11 12 13 14 16 17 18 19 20 21 22 23 24 26 27 28 29 30 31 33 34 35 37 38 39 40 41 42 43 44 45 46 47 48 49 51 52 53 55 56 57 58 59 60 61 63 64 65 66 67 68 69 70 71 72 73 74 76 77 78 79 80 81 82 83 84 85 86 87 88 89 90 91 92 93 94 95 96 97 98 99 100
spiled 27 91
spiles 27 40
spills 27
spilin 27
sombre 10 12 17 18 21 23 26 28 30 31 34 37 39 42 43 47 48 49 51 54 55 57 67 68 69 71 74 76 77 78 79 84 85 90 92
sinico 42 55
suttee 10 55
sutton 28 55
somber 1 13 18 39 41 94
scoops 76 78
sybils 49 84
succor 12 20 32 39 40 51 79 85
scopes 20
sinite 12
suture 49
singer 6 10 12 20 26 27 32 33 37 38 39 42 55 62 66 69 71 72 77 78 79 82 93 94
shaggy 1 5 6 10 13 18 22 26 27 30 35 39 40 41 46 48 53 55 57 61 65 68 71 72 76 78 79 88 93 94
singed 12 14 22 23 26 30 33 39 40 48 55 61 65 69 71 73 77 78
singin 5 27 34
suck’d 65
shafts 10 12 20 22 28 37 39 40 41 42 47 48 49 53 55 57 65 77 80 86
sybels 92
sinful 4 10 15 26 35 37 39 40 41 42 44 49 50 55 56 69 71 77 78 85 88 90
sagaci 49
sconks 91
saxton 51 91
scones 55
somalo 33
sconce 55
sienna 12 53
singly 6 7 10 12 14 18 19 23 26 34 39 42 44 45 46 49 51 55 65 76 77 78 80 84 88 92
single 1 2 4 5 6 7 8 10 11 12 13 14 15 16 17 18 19 20 21 22 23 26 27 28 29 30 31 32 33 34 35 36 37 38 39 40 41 42 43 44 45 46 47 48 49 50 51 52 53 54 55 56 57 58 60 63 64 65 66 67 68 69 70 71 72 73 74 75 76 77 78 79 80 81 82 83 84 85 86 87 88 89 90 92 93 94 95 96 97 100
sings. 38
slight 1 4 5 6 7 10 11 12 13 14 16 17 18 19 20 21 23 25 26 27 28 29 30 31 34 35 36 37 39 40 41 42 44 46 47 48 49 51 52 53 54 55 57 59 60 65 66 67 68 69 71 72 73 74 75 76 77 78 79 80 82 83 84 85 86 87 88 89 90 92 93 94 95 97
stylus 79
scosse 49
shammy 55
siesta 28 44 66 77 79
sagged 30 40
skeggs 27
styled 1 4 10 12 19 28 39 40 44 49 65 79 80 81 88 91
styles 1 16 23 27 78 80 84
style. 80
scotch 11 12 21 30 31 39 40 42 44 48 51 55 56 60 71 74 77 78 83 90 94 97
sapara 53
smee’s 17
shamed 9 27 49 57
shames 12 94
shanks 38 55 77
scotus 55 73 80
scotts 94
scotty 13
slings 17 49 50 77
saghin 53
scots. 56
slinks 28 55 80
shanty 12 13 28 31 39 51 55 69 70 77
sulang 53
scotia 21 56 81 85
sjaani 1
shandy 83
sinned 4 12 15 16 21 22 28 37 39 40 41 44 45 48 54 55 60 74 79 80 81 85 88 90 99
sinner 4 10 12 14 23 26 27 28 35 37 38 39 40 41 43 45 54 55 65 71 72 76 77 81 85 88 93 94 99
sinnes 45 63 98
shaker 14 40 65
shakes 6 8 12 13 18 24 25 27 31 33 36 37 38 39 40 41 46 49 50 55 64 65 67 70 71 75 76 77 78 79 80 88
shaken 5 6 10 11 12 13 14 15 16 17 18 19 21 23 26 29 30 33 34 37 39 40 41 42 43 44 45 46 47 49 54 55 56 57 59 60 61 65 68 69 71 72 73 74 76 77 78 79 80 84 85 88 89 90 94
shaked 44 49 55
shakee 60
sinker 40
shakos 12 39
shakti 55
scorch 26 33 40 41 48 49 65 85
succus 49
sagest 52
sagely 26 52 56 67 71
someun 71
somers 78
sierra 28 34 55 66 77 81 82
scorne 45
scorns 35 45 51 65 70 72 77
shally 27
scoria 40
sodlay 53
scores 5 6 8 10 11 13 14 21 28 33 40 41 44 46 48 50 51 54 56 68 69 71 76 78 83 93
scored 21 30 34 39 43 57 71
shalal 55
skeery 27
sapp’d 65
sapera 53
sapere 49 53
styria 1
sniffs 30 55 68 78 94
share. 38
suckin 27 55
shared 1 2 3 4 5 6 7 8 9 10 11 12 13 14 15 16 17 18 19 20 21 22 23 24 25 26 27 28 29 30 31 32 33 34 35 36 37 38 39 40 41 42 43 44 45 46 47 48 49 50 51 52 53 54 55 56 57 58 59 60 61 63 64 65 66 67 68 69 70 71 72 73 74 75 76 77 78 79 80 81 82 83 84 85 86 87 88 89 90 91 92 93 94 95 96 97 98 99 100
shares 10 12 14 15 17 22 37 40 49 51 55 63 65 70 71 77 79 80 83 88 95 97
sharer 6 13 16 47 78 79 81
sucker 22 43
sucked 10 21 26 33 35 39 40 41 43 44 46 47 49 54 57 65 70 71 72 76 77 78 80 84
sharks 3 16 20 40 53 55 71
sharon 19 62
scoyer 91
sharpe 19
suckle 38 49 73 78 80
sharp. 71
sharps 49 55
sieurs 55
scouts 4 12 17 22 34 39 40 45 48 65 68 71 73 77 78 83 99
sinope 55
scours 49 78 82
sodome 45
sodomy 44 73
skeins 4 23 44
suchet 12
shapov 39
slippy 46 55
sieves 55 60
sieved 55
scowls 12 55 72
shaped 1 3 5 6 9 10 12 13 14 18 20 21 22 23 26 28 31 35 37 39 40 41 42 43 44 47 48 50 51 53 55 60 61 65 66 67 68 69 71 72 73 76 77 78 79 80 81 82 83 84 85 93 94 100
shapen 9 22 68 73 88
shapes 5 8 10 13 14 18 20 23 25 31 32 37 38 39 40 41 43 45 46 47 48 49 50 52 55 57 60 61 65 66 67 68 71 73 74 76 77 78 79 80 84 85 88 90 94 95 98
shapin 5
soviel 63
shaved 1 12 17 18 24 31 35 37 38 39 40 48 49 55 56 62 67 68 70 71 73 76 77 78 79 94
shaver 14 68 71 77
shaven 12 13 21 27 29 34 35 37 39 41 42 43 46 48 53 55 79 85
shaves 12 83
shavin 70
somnus 65
somnum 49
sommer 45
sommes 12 39
sphynx 10 40
sayago 77
somnia 49
somnis 49
somnos 49
sapiet 49
sagoin 49
sapiat 49
sapiam 49
smeary 14
smears 31 47 59 78 93
suborn 12
shippe 98
saxeus 98
shiraz 28
shirim 55
shinsh 39
smutty 37 44 49 55 78
shines 5 10 12 14 18 20 25 27 28 31 35 38 39 40 41 43 49 51 55 57 65 66 70 71 77 78 79 80 82 88 91 92 100
shiner 12 28
shindy 40 41 55
shined 15 65
submit 4 6 7 10 11 12 13 14 15 16 18 19 21 22 26 27 28 37 39 41 42 44 45 46 48 49 57 60 65 68 69 70 71 73 74 76 77 78 79 80 81 83 84 88 89 90 92 94 97
shinin 5
shrink 3 4 8 10 11 14 17 27 29 37 40 41 44 46 49 51 52 56 60 61 65 67 68 71 72 74 76 78 79 80 84 85 88 89 90 91
shrine 9 10 12 13 37 39 40 41 45 46 49 55 65 66 74 78 79 84 85 90 91 94
soloma 40
shrive 55
senor. 40
shriek 1 3 5 10 12 13 14 21 24 25 27 28 29 30 33 34 37 39 40 41 44 48 51 52 55 56 61 65 68 71 72 73 76 78 79 81 84 85 93 94
shrift 22 55
sewing 4 10 12 13 14 17 18 21 27 28 36 37 39 40 41 49 51 53 55 56 57 59 66 72 76 77 78 93 94
shrimp 3 21 49 62
shrill 3 6 10 12 14 17 18 23 26 27 28 30 32 33 34 37 38 39 40 41 42 46 49 55 57 61 65 67 68 69 71 73 74 76 78 79 84 85 90 94
subtly 34 39 40 43 46 47 49 51 67 77 85
subtle 9 10 12 13 14 15 17 18 21 22 23 26 27 28 30 31 34 39 40 41 42 43 46 47 49 51 55 56 60 65 66 67 68 71 76 77 78 79 80 84 85 88 89 92
suthin 27 70
sound. 38
squall 22 40 52 53 60 73 79 83 94
squawk 33 55 67
subter 49
squaws 55 99
squash 40 41 73 94
square 1 5 6 7 8 9 10 12 13 14 16 17 18 19 21 22 23 26 27 28 29 31 33 34 37 39 40 41 42 43 44 45 46 48 49 50 51 52 53 54 55 56 57 59 60 61 63 64 65 66 67 68 69 70 71 72 73 75 76 77 78 79 80 81 82 83 84 85 87 90 92 94 98 100
souned 91
squats 55
sounds 3 4 5 6 9 10 11 12 13 14 16 17 18 19 20 21 23 26 27 28 29 30 31 32 33 34 35 37 39 40 41 42 43 45 46 47 48 49 50 51 52 53 54 55 56 58 61 63 64 65 66 67 68 69 70 71 72 74 75 76 77 78 79 80 82 84 85 88 90 92 93 94 95 98
shiver 1 3 6 10 12 13 17 21 22 26 27 33 34 35 37 38 39 40 41 42 43 46 47 49 55 56 57 58 61 67 68 69 70 71 72 74 75 76 77 78 79 85 90 94
soluta 49
solvar 49
suburb 7 12 21 39 44 62 65 68 76 82 94
shroud 10 12 14 22 26 27 37 40 48 49 56 65 68 69 70 74 77 79 84 90 93 94
shah’s 39
shrove 12 45
sense. 71
sensed 30 35 92
senses 1 4 5 6 10 11 12 13 14 15 16 17 18 19 21 22 23 26 27 28 29 30 31 33 34 35 36 37 39 40 41 42 43 44 45 46 47 48 49 51 55 56 58 59 60 63 64 65 68 69 71 72 73 74 76 77 78 79 80 81 82 83 84 85 88 89 90 92 93 95 96 98 99
soulth 55
shishk 39
shirks 30 47 56
shirt. 41
shirts 6 12 17 22 23 27 28 32 37 39 40 44 46 48 49 52 55 60 67 69 70 71 73 77 79 81 82 83 94
souled 27 39 49 77
soules 45
senter 91
sentit 49
senton 83
squabs 44
squads 12 13 42 55
sentry 6 12 37 39 40 41 55 69 71 73 78 79 82 84 85
sensus 49 92
sutler 12 39 55
sage’s 41 65
souris 12
source 4 5 6 7 10 11 12 13 14 16 18 19 20 21 22 26 27 28 29 32 34 35 39 40 41 43 44 45 46 47 48 49 51 53 55 56 59 63 65 66 67 68 69 71 72 74 76 77 78 79 80 81 82 83 84 85 86 87 88 89 90 92 93 94 95 97
soured 10 12 19 27 34 55 57 70 71 76 83 94
sourer 5 30 85
sourly 5 6 10 37 49 55 65 72
sieges 9 12 15 49 73 82
soused 9 13 40 55
solymi 22
solvit 49
souped 55
souper 12
solved 8 10 12 14 21 26 27 28 34 35 37 39 40 41 43 44 46 47 50 51 54 55 56 63 73 76 79 80 84 85
solves 12 50 81 95
solvet 49
solver 60 64
souple 12
soupir 23
squeak 12 17 27 28 55 69 84 93 94
squeal 13 22 27 41 42 44 48 55 94
sphere 10 11 12 14 16 18 23 26 27 28 31 39 40 41 48 49 53 55 56 63 64 65 68 71 74 75 76 77 78 79 80 83 84 85 89 90 92 93 94 95 98
subway 62 67
scoffs 12 25
scofen 20
shap’d 49
slides 12 22 28 40 49 55 65 70 78
slided 40
shadow 1 4 5 6 7 8 9 10 12 13 14 16 17 18 20 21 22 23 25 26 27 28 29 30 31 32 33 34 35 37 39 40 41 42 43 44 46 47 48 49 51 52 53 54 55 56 57 58 60 64 66 67 68 69 71 72 74 76 77 78 79 80 81 84 85 88 90 92 93 94 95 97 98 99 100
sodden 6 9 10 13 21 23 39 42 43 48 55 71 76 78 94
sinews 9 10 13 14 15 20 22 24 27 28 39 40 49 55 57 64 65 73 77 80 85
sinewy 6 14 21 34 39 46 49 65 71 72 77 78 99
scolds 5 12 27 40 58 71 92 94
slieve 55
scolae 49
siners 91
sliely 45
shrugs 12 31 76
system 1 4 6 7 10 12 13 15 16 18 21 23 26 27 28 30 32 34 37 39 40 41 42 43 44 46 47 48 49 50 51 52 55 56 63 65 68 69 71 73 74 75 76 78 79 80 81 82 83 84 85 86 89 90 92 94 95 96 97
shrunk 5 13 14 16 21 27 34 39 40 41 44 46 48 49 51 52 65 68 71 72 78 79 84 85 88 90 93
sinbad 55 78 79 84
shabby 4 5 10 12 14 16 18 21 22 23 29 31 37 38 39 40 41 42 48 51 52 55 56 62 66 68 69 70 71 72 78 79 80 93 94 100
souths 26
shrubs 5 6 10 12 16 27 28 29 30 38 40 41 47 48 49 60 65 71 72 77 78 79 84 85 94
saxons 27 39 46 55 97
saxony 39
siehst 63
squint 6 12 14 26 40 41 55 71 72 78 94
sphinx 12 28 39 40 41 47 51 55 79 92 94 100
squirm 69 70
shade. 38 71
squire 2 6 9 10 21 27 28 38 40 43 46 49 55 65 66 68 72 77 78 83
squirt 70
shader 27
shades 10 11 12 18 19 20 21 25 26 27 28 29 30 32 39 40 41 42 49 51 52 55 56 61 65 67 68 71 74 76 77 78 79 80 81 84 90 92 94 95
shaded 9 10 12 14 16 25 27 28 37 40 42 43 44 47 52 54 55 57 65 67 69 70 71 72 74 76 77 78 79 84 85 90 94
since. 71
shan’t 1 3 4 5 11 12 14 16 17 18 19 21 23 25 27 29 33 36 37 39 40 41 44 47 50 55 56 61 68 71 72 75 77
slices 5 10 13 14 16 18 22 40 42 48 52 55 66 68 71 77 78
sliced 13 14 37 55 71 76 77
squibs 77 98 100
sidled 5 6 21 23 39 55 56 71 72 78 93
sidles 55 78
simeon 27 40 45 84 99
stoked 38
stoker 12 46 81
stokes 16 66
swartz 94
shil’s 37
swarms 12 13 31 32 49 55 65 77 79
stolid 41 43 47 49 51 55 56 57 69 76 77 78 80
seeght 72
swarin 27
stow’d 65
stolen 1 3 4 5 6 8 9 12 13 14 16 18 19 21 22 23 26 27 28 29 31 32 33 35 36 37 38 39 40 41 43 44 45 46 49 51 55 56 58 65 66 68 69 71 74 76 77 78 79 82 83 85 88 90 93 94 97 98 99
swares 91
sawpit 14
syrupy 55
syrups 18 49 98
siding 22 40 49 55 83
seeded 23
stoici 49
simcoe 81
stoics 40 49 55 80 92
smudge 18 21 43
sender 67 78 79
sendin 5
simius 49
simiut 53
stoops 10 16 36 50 55 65 78
socius 49
stools 10 12 17 22 28 31 41 49 51 55 71 73 78 79
solche 63
socios 98
sendal 9 77
stoole 45
safely 1 4 5 6 7 10 11 12 13 14 15 16 18 19 20 21 22 27 28 29 32 33 34 38 39 40 42 43 44 45 46 48 49 53 55 56 57 58 60 61 65 68 69 71 72 73 76 77 78 79 80 81 82 85 87 89 92 94 97 99
ship’s 6 17 21 22 26 31 34 39 40 44 48 50 53 55 60 71 76 79 85
seeker 12 26 35 39 44 49 55 64 77 78 79 80 85 92
stopus 67
shield 4 9 11 12 13 14 19 20 22 23 27 28 29 32 39 40 43 45 46 48 49 51 53 54 55 57 64 65 71 75 76 77 78 79 80 84 85 88 94 97 100
subdue 4 7 9 10 15 19 20 27 28 37 38 41 45 49 51 57 65 71 72 73 74 77 78 79 80 83 84 90 94 97
socket 9 10 20 21 22 23 39 40 68 79 84
solder 21 46 49 61 70 77
soldan 7
stoper 21
safety 1 4 6 7 9 10 11 12 13 14 15 16 19 20 21 22 23 27 28 30 31 32 34 37 38 39 40 41 43 44 45 46 47 48 49 52 53 54 55 57 58 60 61 64 65 68 69 71 72 73 74 76 77 78 79 80 81 82 84 85 86 88 89 90 92 97 98 99
seekst 26
safere 9
safest 4 5 7 11 12 14 16 22 27 28 39 45 46 49 53 65 69 76 77 79 81 83
seneca 40 49 65 79 82 84 88 98
senect 49
sidney 27 45 55 69 81
solang 53
solana 53
solace 4 10 11 13 16 20 22 27 40 44 49 55 57 65 68 71 72 78 79 84 85 94
sussex 19 21 46 75
senate 7 9 12 13 27 28 37 39 40 45 49 51 53 65 73 77 97
simian 55
shin’s 39
simile 15 20 22 23 26 41 46 49 63 65 68 71 78 79 80 84 85 92 93 94
societ 53
social 1 4 8 10 11 12 13 14 15 16 17 18 21 23 26 27 28 37 39 40 41 42 46 47 48 49 50 51 55 56 57 65 71 72 74 75 76 78 79 80 82 83 84 85 89 90 92 94 96
swaths 10 40
swathe 12 55 80
stoned 9 12 27 28 39 45 71 78 89
stoney 42
stoner 21
stones 1 5 6 7 8 9 10 12 13 14 20 21 22 23 26 27 28 31 32 33 35 37 38 39 40 41 42 43 44 45 46 48 49 51 52 53 55 56 57 60 65 66 68 69 71 72 73 74 76 77 78 79 80 81 82 83 84 85 88 90 93 94 97 98 99 100
stone. 79 80
seeing 1 3 4 5 6 7 9 10 11 12 13 14 15 16 17 18 19 20 21 22 23 26 27 28 29 30 31 32 33 34 35 37 38 39 40 41 42 43 44 45 46 47 48 49 50 51 53 54 55 56 57 60 61 62 63 65 66 67 68 69 70 71 72 73 74 75 76 77 78 79 80 81 82 83 84 85 87 88 89 90 91 92 93 94 95 97 98 99 100
senhor 55
shrank 4 5 10 13 14 20 23 26 27 38 39 41 43 44 46 49 51 54 55 56 57 68 71 72 74 78 79 80 84
soul’s 10 12 18 27 28 32 40 41 42 49 55 65 69 71 72 77 79 84 85
safie. 74
simnel 55
senior 4 10 12 21 22 33 39 40 41 42 43 44 55 56 57 65 67 68 71 79 84
simoom 28 79
simoon 40 46 84
solid. 80
simony 42
simore 12
saocao 53
solida 49
solids 27 55 73 80
solido 49
simois 65
simon. 21
senile 12 31 34 49 67 92
spyers 68
seeley 28 60
stores 6 10 12 13 14 15 16 22 27 28 31 38 39 40 41 42 46 48 49 51 53 55 60 65 66 68 69 70 71 73 74 76 77 78 79 80 81 82 83 86 88 90 94
storey 10 37 46 49 54 55 71 91
stored 1 2 3 4 5 6 7 8 9 10 11 12 13 14 15 16 17 18 19 20 21 22 23 24 25 26 27 28 29 30 31 32 33 34 35 36 37 38 39 40 41 42 43 44 45 46 47 48 49 50 51 52 53 54 55 56 57 58 59 60 61 63 64 65 66 67 68 69 70 71 72 73 74 75 76 77 78 79 80 81 82 83 84 85 86 87 88 89 90 91 92 93 94 95 96 97 98 99 100
subere 49
storax 49 53
soleil 49
sawyer 34 68 69 70 76 78 81
solely 4 7 11 12 13 14 18 19 20 21 25 28 31 32 35 37 39 40 41 44 46 49 51 53 54 55 56 61 65 71 74 76 77 78 79 80 81 84 85 89 90 92 96 97
solemn 1 3 4 5 6 7 8 10 11 12 13 14 15 16 17 18 19 20 21 22 26 27 28 31 32 34 39 40 41 42 43 46 49 51 53 54 55 56 60 61 65 67 68 69 70 71 72 73 74 76 77 78 79 80 81 82 84 85 88 89 90 92 93 94 97 99
seemly 9 38 40 41 68 72 77 85 88 92
sewage 49 55 86
seemin 5
swayin 5
seemed 1 3 4 5 6 7 8 9 10 11 12 13 14 15 16 17 18 19 20 21 22 23 24 25 26 27 28 29 30 31 32 33 34 35 36 37 38 39 40 41 42 43 44 45 46 47 48 49 50 51 52 53 54 55 56 57 58 59 60 61 63 65 66 67 68 69 70 71 72 73 74 75 76 77 78 79 80 81 82 83 84 85 88 89 90 92 93 94 95 96 97 99 100
swayed 8 10 12 13 16 18 21 22 23 27 30 31 33 36 39 40 41 43 46 47 48 49 51 52 55 56 59 72 73 84 85 92
seward 46 81
shifts 7 13 14 16 39 42 44 45 49 55 65 78 84 94
shifty 14 22 29 46 48
storme 91 98
stormy 4 6 10 12 13 14 16 19 21 22 26 27 28 37 38 39 40 41 46 49 50 52 53 55 56 57 65 68 69 70 71 72 76 77 78 79 88 94
storms 4 6 10 12 13 20 22 26 27 28 37 39 40 46 48 49 50 53 55 57 60 64 65 69 70 72 73 76 79 92 93 94
storm. 79
storks 32 49 94
storia 49 53
story. 40 71
simmer 28 51 55 93 94
storta 79
solles 12
sollen 63
shiloh 45
smurov 41
shrewd 4 5 9 10 13 19 22 26 27 30 34 38 39 41 42 43 51 53 55 56 58 67 68 71 76 77 78 79 80 82 83 85 92 94
senlis 12 79
seesaw 29 76
socrat 65
shilly 27 55 75
seesoo 55
sennet 51 55 98
shinar 55
sought 1 4 7 8 9 10 11 12 13 14 16 17 18 19 20 21 22 23 24 26 27 28 29 30 32 33 35 37 38 39 40 41 42 43 44 45 46 48 49 51 53 54 55 56 57 59 60 63 64 65 66 67 68 69 71 72 73 74 76 77 78 79 80 81 83 84 85 88 89 90 91 92 93 95 96 97 98
sublim 65
sollst 51 63
sollte 63
seethe 12 40
shimmy 55
stoves 12 28 37 39 49 68 79 81 83
stoven 40
subiti 49
stove. 38
subito 49 53
soudan 9
spying 9 12 22 27 28 39 40 41 42 49 55 59 69 70 82 92
stouts 55
simper 55 94
subing 53
simple 3 4 5 7 8 9 10 11 12 13 14 15 16 17 18 19 20 21 22 23 26 27 28 29 30 31 32 33 34 35 37 38 39 40 41 42 43 44 45 46 47 48 49 50 51 52 53 54 55 56 57 58 59 60 61 63 65 66 67 68 69 70 71 72 73 74 75 76 77 78 79 80 81 82 83 84 85 86 88 89 90 91 92 93 94 95 96 97 98
simply 1 3 5 6 7 8 9 10 11 12 13 14 16 17 18 19 20 21 22 23 26 27 28 29 30 31 32 34 35 36 37 39 40 41 42 43 44 45 46 47 48 49 50 51 53 54 55 56 57 58 59 61 63 66 67 68 69 70 71 72 74 75 76 77 78 79 80 81 84 86 88 89 90 92 94 95 100
sewene 39
stowed 4 6 10 13 14 22 27 32 40 44 46 51 53 55 60 71 73 76 77 88
sewers 12 13 55
shreds 6 10 13 14 18 26 30 37 40 45 47 48 49 55 57 66 68 69 71 77 78 79 80 93
sunset 1 5 10 12 13 14 21 22 23 26 27 28 31 32 33 35 37 39 40 42 46 47 48 53 54 55 56 57 60 64 67 69 70 71 72 73 74 76 77 78 81 84 85 90 94 95 100
sartam 97
swells 10 12 15 20 39 40 41 49 52 55 65 71 72 74 76 78 81 84 85 90
starve 2 5 6 10 11 12 13 14 15 17 22 23 27 28 32 37 38 39 40 47 49 55 58 59 60 61 68 71 72 73 78 79 80 81 82 97 99
starts 10 12 13 14 15 18 22 26 27 28 30 35 36 39 40 41 46 48 49 50 53 55 56 61 63 65 66 67 68 70 71 75 77 78 80 86 87 95 100
start. 79
starre 45
starry 10 12 23 24 26 28 35 38 39 40 49 51 53 56 65 71 74 77 78 80 84 88 90
starrs 45
sartor 94
sartin 4 27 40 55 72
static 48 55
states 1 2 3 4 5 6 7 8 9 10 11 12 13 14 15 16 17 18 19 20 21 22 23 24 25 26 27 28 29 30 31 32 33 34 35 36 37 38 39 40 41 42 43 44 45 46 47 48 49 50 51 52 53 54 55 56 57 58 59 60 61 63 64 65 66 67 68 69 70 71 72 73 74 75 76 77 78 79 80 81 82 83 84 85 86 87 88 89 90 91 92 93 94 95 96 97 98 99 100
statue 2 4 6 10 12 13 14 23 26 27 28 30 39 40 42 43 46 47 49 55 65 66 71 72 76 77 78 79 80 84 85 88 94 100
status 1 2 3 4 5 6 7 8 9 10 11 12 13 14 15 16 17 18 19 20 21 22 23 24 25 26 27 28 29 30 31 32 33 34 35 36 37 38 39 40 41 42 43 44 45 46 47 48 49 50 51 52 53 54 55 56 57 58 59 60 61 63 64 65 66 67 68 69 70 71 72 73 74 75 76 77 78 79 80 81 82 83 84 85 86 87 88 89 90 91 92 93 94 95 96 97 98 99 100
stator 86
scions 10 46 55
sogard 83
sogang 62
scribe 10 26 45 46 49 55 78 82 92
staten 83
stated 1 4 7 10 11 12 13 14 19 21 22 23 26 27 28 30 31 37 39 40 41 42 44 45 48 49 54 55 56 60 63 65 66 68 70 71 72 74 76 77 78 79 80 81 83 84 85 86 89 90 92 93 95 97
shutup 55
state. 44 80
screen 4 10 11 12 13 14 16 19 21 23 27 29 33 37 39 40 41 42 43 49 55 57 61 65 71 72 76 77 78 79 80 82 84 93
screws 4 12 14 28 32 39 40 44 46 47 55 72 78 81 93
starin 5
stares 5 12 19 21 41 50 55 65 68 69 78 84 94
stared 1 5 6 10 11 12 13 14 16 18 19 21 23 27 28 29 31 33 34 35 37 38 39 40 41 42 43 44 46 47 48 51 54 55 56 57 58 59 66 67 68 69 70 71 72 73 74 76 77 78 79 81 82 83 84 85 90 94
sunray 55
starch 13 28 42 55 56 62 71 77 85 86 94
stars. 38
scilly 55 83
sogers 91
soye’s 12
sarves 4 27
sarved 72
script 8 43 46 50
scrimp 12
scipio 7 27 28 45 49 65 77 79 80
sweord 20
staves 9 17 31 40 46 49 60 72 76 77 84 98
staved 12 14 40 47 55 60 78
sweven 9
sludge 78
sluagh 55
serata 53
seraun 42
stayer 20
stayed 5 6 7 8 10 11 12 13 14 16 17 18 19 20 22 23 26 28 29 33 34 35 37 38 39 40 41 42 43 44 46 47 48 49 53 55 56 57 59 60 61 65 66 67 69 70 71 72 73 74 75 76 77 78 79 81 82 83 84 88 90 91 94 99 100
swerve 12 40 49 57 73 77
scitur 49
serait 39
sogger 40
serape 69
seraph 10 56 65 84
stayin 13
sercar 53
serces 78
serbia 1
scroop 72
scroll 3 10 27 35 40 53 54 55 69 85 88 91 98
seines 53 63 79
seiner 63
seinen 63
seinem 63
scabby 12 26 55 77
scabbs 45
serich 53
series 1 3 5 6 10 12 13 14 16 19 21 22 26 29 31 32 34 39 40 41 42 43 44 46 47 48 49 50 51 53 54 55 56 60 61 63 65 67 68 71 72 73 74 76 77 78 79 80 82 83 84 85 89 90 92 94 95 96
scruff 30 33 39 46 55
sluicy 65
sluice 14 30 33 49 55 60 70 86
scabra 12
scrubs 37 78
sophia 14 19 32 39 44 55 56 70
serial 29
sophie 10 39
serene 10 12 14 26 28 31 39 40 41 42 48 49 50 52 53 55 60 65 66 68 69 71 73 74 76 77 78 79 82 85 88 90 92 94
sereni 53
sereny 69
sereth 46
syndic 74 90
suffer 1 4 7 8 9 10 11 12 13 14 15 16 18 19 20 21 22 23 25 26 27 28 29 30 31 32 33 34 35 36 37 38 39 41 42 43 44 45 46 47 48 49 50 51 53 54 55 56 59 60 64 65 66 68 69 70 71 72 73 74 75 76 77 78 79 80 81 82 83 84 85 88 89 90 92 93 94 97 99
sergas 77
serges 12
sufflt 49
sdegni 65
sdegno 55
sarcey 82
smouch 70
sigura 53
struck 1 3 4 5 6 7 8 9 10 11 12 13 14 15 16 17 18 19 20 21 22 23 26 27 28 29 30 31 32 33 34 35 37 38 39 40 41 42 43 44 46 47 48 49 51 52 53 54 55 56 57 58 59 60 61 65 66 67 68 69 70 71 72 73 74 75 76 77 78 79 80 81 82 83 84 85 88 89 90 92 93 94 95 98 99 100
strude 20
sydney 40 42 55 76
staboo 55
stable 5 7 9 10 12 14 16 19 21 22 23 26 27 28 30 32 35 37 38 39 41 42 44 46 49 52 55 57 64 67 68 69 71 72 73 76 77 78 79 82 83 88 89 92 94
stabat 49 55
stacks 14 23 31 39 40 55 67 68 78
sippio 28
struis 49
shucks 69 70
soot’s 55
struts 55
sofort 63
strung 13 14 17 22 27 28 30 31 40 46 49 53 54 55 56 65 68 69 70 71 73 76 77 78 84 99
sipped 12 18 23 26 27 37 39 41 42 55 56 66 71 76 78 79 81 88 92 94
sardis 49
spayne 53
sehnen 20
stafum 20
sainct 53
staffs 12 39
sainte 12 39 41 53 76 79 92
saints 6 7 8 12 13 23 26 27 28 31 32 34 39 40 41 43 45 46 49 53 55 59 60 72 77 79 80 83 85 88 92 94 96 98 99
soften 4 10 12 14 16 19 22 37 38 39 40 41 44 46 49 55 68 69 70 71 72 74 76 77 78 79 83 84 85 90 93 94
softer 1 10 12 14 16 17 21 26 27 30 33 37 42 44 46 49 55 56 65 71 72 76 77 78 79 80 84 85 87 94
sooner 1 3 4 6 7 9 10 11 12 13 14 15 16 17 18 19 20 21 22 23 26 27 28 29 30 31 33 34 37 38 39 40 41 42 43 44 45 46 48 49 51 53 54 55 56 57 58 59 60 61 65 66 67 68 69 70 71 72 73 74 75 76 77 78 79 80 81 82 83 84 85 88 89 90 92 94 95 96 97 98 99 100
softly 1 3 4 5 6 8 9 10 12 13 14 16 17 18 21 22 23 25 26 27 30 33 34 35 37 38 39 40 41 42 43 44 45 46 48 49 51 55 56 58 60 61 65 66 67 68 69 71 72 73 74 76 77 78 79 82 84 85 88 90 93 94 100
sarian 12 40
symmes 27 28
sungen 63
stages 1 6 12 13 14 22 37 39 40 46 49 53 55 60 68 70 71 74 77 78 79 80 84 85 88 89 90 93 95 96
stager 13 55 79
sunder 9 20 32 55 84 88 99
sarean 53
sundry 7 9 10 14 18 22 27 40 44 45 52 55 56 68 71 72 76 77 78 79 80 83 94 97 98
sundan 53
sundam 55
sunday 4 5 6 9 10 11 12 13 14 16 17 18 19 21 23 27 28 29 32 37 38 39 40 41 42 44 46 48 49 50 51 52 53 54 55 56 57 59 60 62 66 67 68 69 70 71 72 74 75 76 77 78 79 81 82 83 84 89 90 92 93 94 100
staels 94
sailor 4 5 6 12 13 14 18 21 22 23 26 27 28 31 32 39 40 42 46 49 50 53 55 56 60 66 70 71 73 77 78 79 80 81 82 83 84 85 92 94
shufed 49
sailed 1 4 6 9 10 12 13 14 21 22 23 27 28 31 32 38 39 40 42 46 49 53 55 60 64 65 66 69 70 71 73 74 77 79 81 82 83 90 94 100
sailer 20 40 83
sympos 65
sairly 46
sarlac 49
swedes 20 39 40 55
sweden 12 15 20 28 39 83
sweety 55
sweets 5 35 36 39 41 42 44 49 50 55 56 60 65 72 80 91 94
sweet. 38 56
sweepy 65
sweeps 12 27 28 32 37 40 41 43 46 49 50 51 52 57 65 70 71 75 76 78 83 84 96
sunken 10 12 13 14 20 26 27 31 34 37 39 40 41 43 48 51 55 67 68 69 71 76 78 79 80 83 84 85 93
saisie 12
staked 6 14 18 28 30 39 60 78 79 81
stakes 12 14 18 28 29 31 35 37 39 40 41 45 49 52 53 55 60 65 68 71 73 76 77 79 81 82 84
symnus 65
sweaty 27 65 70 76
sweats 12 20 27 28 49 60 65 77 91
swears 10 12 33 40 46 49 51 53 55 69 72 77
sweare 45
sarism 12
sunium 22
staius 49
stairs 1 3 4 5 6 10 11 12 13 14 16 17 18 19 21 22 23 25 26 27 29 31 34 35 36 37 38 39 40 41 42 43 44 46 48 49 50 51 54 55 56 57 59 61 67 68 69 70 71 72 73 74 76 77 78 79 81 83 84 85 90 93 94
symond 78
symons 51
stains 8 10 13 21 34 35 37 40 42 44 55 57 59 65 68 69 77 78 84 85 94
sequor 49
stanza 13 16 42 49 77 83 88
staple 12 27 28 40 43 47 53 55 70 72 78 79
scream 1 3 4 5 6 8 10 12 13 14 16 17 21 22 26 27 28 30 32 33 35 37 38 39 40 41 42 43 44 46 47 48 50 51 55 56 59 61 65 66 68 70 71 72 73 74 76 77 78 79 82 84 85 90 94
scrags 76
scragg 40
sarmon 40
stamer 55
stalle 65
stalls 12 21 23 27 39 40 42 57 65 68 77 79 81
sunlit 5 10 13 31 36 43 47 48 55 57
stall. 38
scrawl 12 18 21 37 40 52 55 66 69 76 77 79
stalks 12 14 18 22 28 37 42 47 51 55 56 60 61 65 70 73 78 79 80 94
staley 7
scraps 2 5 6 8 10 12 13 18 22 26 27 28 33 37 39 40 48 57 58 71 73 76 77 78 79 80
scrapy 55
scrape 1 10 11 12 13 14 16 19 26 27 28 31 32 33 34 36 38 40 41 47 50 55 56 57 68 69 70 71 72 75 77 78 79 80 82 84 94
suerte 77
sequel 7 10 11 12 16 20 21 29 39 40 41 44 45 46 49 50 55 57 60 65 68 71 72 78 80 81 84 89 94 95 97
sunned 31 56
stay’d 49 65
stange 62
stands 1 5 7 8 9 10 11 12 13 14 15 16 17 18 20 21 22 23 24 25 26 27 28 30 32 36 37 38 39 40 41 42 43 44 45 47 48 49 50 51 52 53 54 55 61 63 64 65 67 68 69 70 71 72 73 76 77 78 79 80 81 83 84 85 88 89 90 91 92 95 97 98 100
stando 53
standi 21
suetis 49
stand. 71
stanch 4 23 27 44 65 77
soothe 4 10 11 13 14 16 19 29 37 38 39 41 42 44 46 49 55 56 57 65 68 71 72 74 77 78 79 80 85 90 94
stamps 13 42 55 71 77 78 94
sylvis 49
sylvia 83
sylvan 1 10 28 49 55 65
sylvae 49
sylvas 49
streel 55
stream 1 4 5 6 8 9 10 11 12 13 14 16 17 18 20 21 22 24 26 27 28 29 30 31 32 33 34 35 37 38 39 40 41 42 43 44 45 46 47 48 49 50 51 52 55 56 57 60 61 64 65 66 68 69 70 71 72 73 74 76 77 78 79 80 82 83 84 85 86 88 89 90 92 98 99 100
streak 4 8 10 12 25 26 37 38 39 46 47 48 51 57 58 65 67 69 70 71 76 78 79 84 85 93 94
strato 49
straw. 61
strata 10 12 40 55 67 92 96
straps 1 12 22 27 30 33 39 40 65 70 77 78 79 94
strand 6 12 20 21 34 40 42 43 44 46 48 49 50 55 56 60 65 67 68 71 73 76 77 78 79 81 83 94
sumner 51
strays 24 40 55 65 66
straws 11 12 14 37 55 78 94
spahis 79
summon 4 7 9 10 11 12 13 14 16 20 26 27 37 38 39 44 46 49 51 53 60 61 65 68 72 76 77 78 79 84 85 92
strada 79
sontag 79
strabo 22 53 65
sixtin 13
schien 53
sixths 53
spagna 79
stiggs 40
snatch 3 4 6 10 17 22 27 32 33 37 39 40 41 44 45 46 49 55 56 65 66 67 69 70 72 73 77 79 80 85
summit 1 6 7 8 9 10 12 17 20 26 29 30 31 34 39 40 43 44 46 47 48 49 53 55 65 68 69 71 72 74 76 77 78 79 80 82 84 88 89 90
schial 53
sixtly 45
summut 46 72
summus 97
summun 14 71
summum 45 49 77 98
strain 4 6 9 10 12 13 14 18 21 23 26 27 28 29 30 31 32 34 37 39 40 41 42 43 44 46 47 49 50 51 54 55 56 59 65 67 68 69 70 71 73 74 76 77 78 79 80 81 83 84 85 86 90 92 93 94 98
strait 9 10 12 14 22 27 28 40 44 45 46 49 51 53 60 65 68 71 73 76 77 78 79 80 88 93 94 99
stigma 18 40 74 79 84 85 89 90 92
sixtus 7 23
strafe 63
schism 34 73
sowohl 63
spains 77
smocks 73 77 100
sign’d 65
schize 53
sight. 27 77 80
sights 13 14 16 22 26 27 28 30 31 39 40 44 45 46 49 51 52 54 55 61 65 68 71 74 76 78 79 80 81 82 84 88 90 94 99
sighte 65
stings 26 32 40 41 49 51 55 61 65 73 74 79 80 85 90
stingy 3 10 12 39 40 41 49 56 79 93
sara’s 55
stinks 7 13 41 55
schoss 39
school 3 4 5 7 9 10 11 12 13 14 16 17 18 19 21 22 23 24 25 26 27 28 29 31 32 33 35 36 37 38 39 40 41 42 43 44 45 46 47 48 49 50 51 52 54 55 56 57 59 60 62 65 66 67 68 69 70 71 73 74 76 77 78 79 80 81 82 83 84 85 88 89 90 91 92 93 94 96 100
sighed 1 3 4 5 8 10 11 12 14 16 17 18 19 20 23 26 27 28 29 31 35 37 38 39 40 41 42 44 46 54 55 56 57 58 61 66 68 69 70 71 72 74 76 77 78 79 82 84 85 88 90 94
skotos 45
schola 45
sumter 18 70
schoen 67
spandy 94
stride 6 10 12 13 18 20 21 26 29 31 33 34 40 41 42 43 44 48 49 55 57 65 72 73 79 84 85
strict 1 2 3 4 5 6 7 8 9 10 11 12 13 14 15 16 17 18 19 20 21 22 23 24 25 26 27 28 29 30 31 32 33 34 35 36 37 38 39 40 41 42 43 44 45 46 47 48 49 50 51 52 53 54 55 56 57 58 59 60 61 63 64 65 66 67 68 69 70 71 72 73 74 75 76 77 78 79 80 81 82 83 84 85 86 87 88 89 90 91 92 93 94 95 96 97 98 99 100
strich 63
strike 1 4 5 6 7 8 9 10 11 12 13 14 16 17 18 19 20 21 22 23 26 27 28 29 30 31 32 33 34 35 37 38 39 40 41 42 43 44 45 46 47 48 49 50 51 53 55 56 57 59 60 61 62 64 65 66 68 69 70 71 72 73 76 77 78 79 80 81 83 84 85 88 89 91 92 93 94 95 97 98
strife 4 9 10 12 20 22 27 30 39 40 42 51 55 60 65 71 74 76 77 78 79 80 88 90 92 93 94 95
schouw 84
skouls 91
stints 94
stiles 11 55
stiled 45
strews 32 65 79
strewn 6 10 12 13 14 17 20 23 27 28 29 34 37 38 39 40 42 43 46 50 54 55 57 68 71 72 76 78 79 80 85 94
stilly 9 40 58
stills 5 65
still. 22 71
stille 65
she’ll 3 5 6 10 12 13 14 18 27 29 33 35 37 39 41 42 50 55 56 60 67 68 69 71 72 76 79
stikov 39
street 4 5 6 7 8 9 10 11 12 13 14 15 16 17 18 19 21 22 23 24 26 27 28 29 30 31 32 33 34 35 36 37 38 39 40 41 42 43 44 45 46 48 49 50 51 53 54 55 56 57 59 60 61 62 63 65 66 67 68 69 70 71 72 73 74 75 76 77 78 79 81 82 83 84 85 86 89 90 91 92 93 94 97 98 100
stress 10 11 12 13 14 19 20 21 22 26 27 28 29 31 34 37 39 40 41 42 43 46 47 48 49 51 54 55 60 63 68 71 75 76 78 79 92 97
stresa 26
streng 63
stimmt 63
stilts 12 14 26 40 48 49 51 55 70 79
stilpo 49
stirre 45 98
stirpe 49
sparsa 49
sparte 49
sparta 7 12 22 45 49 65 79 80 84 97
sparse 67 77
sparto 53
spargo 98
sail’d 65
sail’s 69
spares 12 20 39 49 65 94
sparer 72
spared 4 5 6 9 10 11 12 14 15 16 17 19 21 22 23 26 28 29 35 37 38 39 41 42 44 45 46 48 49 50 51 55 56 60 61 65 67 68 69 71 72 73 74 76 77 78 79 81 82 84 85 90 91 93 94 97
svieto 13
sparks 4 8 10 12 13 14 19 23 26 27 28 30 33 39 40 46 48 52 55 68 70 71 72 76 79 80 83 84 88 92 100
signal 4 5 6 7 8 10 11 12 13 14 17 21 27 28 29 32 33 34 37 38 39 40 41 42 43 44 46 47 48 49 53 55 56 57 58 60 61 64 65 66 68 69 70 71 72 73 74 76 77 78 79 81 84 86 90
signet 5 21 27 39 72 73 98
signes 12 45
signer 12
signed 1 3 4 10 12 13 14 16 17 21 23 27 28 30 32 36 37 38 39 40 41 42 43 46 49 54 55 56 57 60 67 68 69 70 71 72 73 77 78 79 81 83 84 85 87 93 94
spates 55
signis 49
signio 53
spasms 11 12 27 55 67 68 71 77 78 79 84 92
strite 48
stript 40 44 49 65 77 81
strips 12 14 18 28 30 31 34 39 40 46 49 55 58 61 65 71 76 77 78 79 83
stripe 12 13 55
string 5 6 8 10 12 13 14 16 17 19 22 25 26 27 28 31 33 37 38 39 40 41 42 43 44 46 48 49 50 51 55 56 60 61 63 65 66 67 68 69 70 71 72 73 76 77 78 79 80 81 83 86 94 99
strive 4 7 8 9 10 12 13 14 16 18 19 23 26 27 28 33 35 37 39 40 41 45 46 49 51 55 64 65 71 73 74 77 78 79 80 88 89 90 92 93 94
sehens 63
smoker 39 79
smokes 12 19 21 53 55 65 78 79 81
smoked 6 10 12 13 14 17 18 21 26 27 28 33 34 39 40 41 42 46 47 48 50 52 53 55 56 58 65 66 67 68 69 70 71 72 76 78 79 93 99
smoke. 39 69 71
schwer 63
saidst 12 20 26 77 88
stiver 40 55
spaugs 55
smooch 25
signor 7 22 44 49 53 55 77 79 82
stitch 10 28 38 40 49 50 55 56 71 79 85 94
spatio 49
siphon 48 55
signum 12 49 77 98
strops 68
strong 1 4 5 6 7 8 9 10 11 12 13 14 15 16 17 18 19 20 21 22 23 25 26 27 28 30 31 32 33 34 35 36 37 38 39 40 41 42 43 44 45 46 47 48 49 50 51 52 53 54 55 56 57 58 59 60 61 64 65 66 67 68 69 70 71 72 73 74 75 76 77 78 79 80 81 82 83 84 85 86 88 89 90 91 92 93 94 95 97 98 100
strool 55
strook 49 65
stroll 6 11 12 13 14 21 23 28 29 30 31 40 43 44 46 62 69 71 72 75 76 77 78 93
stroke 1 4 5 6 7 8 9 10 11 12 13 14 16 18 19 20 21 22 23 24 26 27 28 29 32 33 37 38 39 40 42 44 45 46 47 49 50 51 53 55 57 60 63 65 66 67 68 69 70 71 72 73 76 77 78 79 81 83 84 85 86 88 92 93 94 100
strove 1 4 7 9 10 12 13 18 20 26 27 30 32 37 39 40 41 42 44 47 49 51 55 65 68 72 73 74 76 77 79 81 84 85 90
strown 49
strows 65
stroud 21
symbol 12 13 23 26 27 28 37 39 40 42 46 55 63 66 80 85 92
saidie 5
soon’s 6
strode 6 9 10 12 13 17 18 20 21 22 27 31 33 34 37 39 41 42 44 46 51 55 57 65 68 69 72 78 79 84
stroak 45
smooth 1 6 8 10 12 13 14 16 18 19 20 21 22 23 26 27 28 29 31 32 33 37 38 39 40 41 42 43 44 46 48 49 51 53 54 55 56 57 58 59 60 61 65 66 69 70 71 72 73 74 76 77 78 79 80 81 82 83 84 85 86 87 88 90 92 93 94 95
sonere 49
spiral 12 28 35 37 39 40 55 77 79 84
spirit 1 2 4 5 6 7 8 10 11 12 13 14 15 16 17 18 19 20 21 22 23 24 26 27 28 29 30 31 32 33 34 35 37 38 39 40 41 42 43 44 45 46 47 48 49 50 51 52 53 54 55 56 57 60 64 65 66 68 69 70 71 72 73 74 76 77 78 79 80 81 82 83 84 85 88 89 90 91 92 93 94 97 98 99
spires 5 6 14 17 27 40 48 55 61 65 67 68 69 73 74 76 78 90 94
scylla 12 22 80
sudn’t 72
sprits 31
sprite 10 26 27 29 56 68 85 94
sprint 38 55
spring 1 4 5 6 7 8 10 11 12 13 14 16 17 18 19 20 21 22 23 24 26 27 28 29 30 32 33 34 35 36 37 38 39 40 41 42 43 44 45 46 47 48 49 50 51 52 53 54 55 56 57 58 59 60 61 62 64 65 66 67 68 69 70 71 72 73 74 76 77 78 79 80 81 82 83 84 85 86 88 90 92 93 94 96 97 100
sprier 13
snacks 39 62
sprigs 42 55 77 93
suddey 91
sudden 1 3 4 5 6 7 8 9 10 11 12 13 14 15 16 17 18 19 21 22 23 26 27 28 29 30 31 32 34 37 38 39 40 41 42 43 44 45 46 47 48 49 50 51 52 53 54 55 56 57 58 59 60 61 65 66 67 68 69 70 71 72 73 74 75 76 77 78 79 80 81 83 84 85 86 87 88 89 90 91 92 93 94 97 99
sepeli 53
snails 6 12 53 55 56 72 73
slaves 4 7 8 12 13 15 17 18 22 23 26 27 28 32 39 40 41 44 45 49 51 53 55 60 61 64 65 69 71 72 73 76 77 78 79 80 81 82 88 89 92 94 96 97 98
slaver 30 49 55 72
slaved 6 42 81
sonitu 49
slave. 71
sudiev 13
slavic 13 53
slavey 21 42
sprout 17 28 35 40 46 49 55 77 94
snakes 4 5 6 13 18 23 26 27 28 32 33 35 40 46 49 51 55 56 65 70 71 77 79 81 82 98
snaked 69 70
sumach 28 69
sylfne 20
sifter 78
sifted 13 27 39 42 45 49 55 56 65 66 70 73 77
slates 3 12 17 51 56 71 72 100
slated 13
siftin 27
shkina 39
shkins 39
sonnet 11 12 23 77 98
sonnes 45 49
sonnez 55
suvara 39
sepoys 55
sprugs 73
shkovo 39
seguro 53
seguri 53
segura 53
sigh’d 65
sprung 5 6 7 10 12 18 19 20 21 22 24 26 27 28 29 30 33 34 37 38 39 40 41 43 44 49 51 53 54 55 56 57 59 60 65 68 69 70 71 74 76 77 78 79 80 81 82 83 85 88 90 92 93 94 96 97 98
sepont 91
spruce 12 16 27 28 30 34 38 39 46 49 55 56 57 58 68 71 73 82 85
scyros 22 65
sumere 49
sowers 26
schaft 63
scythe 22 38 41 46 49 60 73 77 84 85 100
swurls 55
scharf 63
slayer 12 20 22 26
schale 10
snarly 33
snarls 40 55 70 78
snarle 45
sepsis 55
snares 4 7 12 14 20 26 28 38 41 49 55 60 68 71 83 84 88 98
snared 23 68
summed 1 12 14 23 29 31 41 45 46 49 51 55 63 76 77 79 80 84 96
summer 1 2 3 4 5 8 10 11 12 13 14 16 17 18 19 21 22 23 24 25 26 27 28 29 30 32 33 34 37 38 39 40 41 42 43 44 46 47 48 49 50 51 52 53 55 56 57 58 60 62 64 65 66 67 68 69 70 71 72 73 74 76 77 78 79 80 81 82 83 84 85 88 89 90 91 92 93 94 97 98 99 100
summes 45
septic 67
summal 49
summam 49
summat 5 71
summas 49
stifle 5 6 10 12 13 17 26 34 37 39 40 41 49 68 73 74 77 78 79 81 83 84 89 90 92
snappy 18 46 55 56
spaded 28
spades 3 28 39 40 48 55 67 69 70 79 84
spada. 79
spadas 79
spaced 12 57
sumida 66
sonore 49
spaces 6 12 13 14 28 29 30 31 32 39 40 41 43 48 55 56 64 67 76 79 83 84 88 94 95
sowing 10 12 39 45 49 55 56 60 73 77 78 79 85 88 94
sticks 1 3 4 5 6 12 13 14 17 18 21 22 23 25 27 28 30 31 32 33 37 38 39 40 41 46 47 48 49 51 53 54 55 59 60 61 65 66 69 70 71 73 77 78 79 80 81 91 93 94 99 100
sticky 12 17 26 33 37 39 41 44 55 67 86
sowish 55
soever 2 9 20 40 45 49 55 60 65 73 78 88 97 98
schema 63
scheme 2 4 6 7 10 11 13 14 16 17 18 19 22 23 27 30 39 40 41 42 43 46 47 48 49 51 55 56 60 65 66 68 69 71 72 73 75 76 77 78 79 80 83 84 85 89 92
schein 63
stiddy 27 69
schere 20
scherb 39
sylphs 12 40 79 84
salary 4 10 12 13 14 16 21 29 31 36 37 39 41 45 49 55 56 70 71 73 77 78 79 83 88 91 93 94 100
shoals 12 20 22 31 33 40 46 53 55 65 71 73 81
satzes 63
sneaky 17 70
sneaks 28 40 55 78
salads 12 49 54 67 73 94
sachem 69
sachen 63
sachet 53
sacher 55
stulti 49
stulte 49
smiter 14
smites 13 20 40 55 65
stumpy 27 33 39 55 71
stumps 6 12 13 17 27 28 32 33 39 40 41 47 49 55 56 73 78
smithy 22 39 76
smiths 14 16 39 49 51 53 71 72 76 80 81 83
sneare 91
sekent 91
sisers 91
satyam 35
salaam 5 33
smirch 51
satyre 98
satyrs 26 28 77 82 84
smirks 11
smirke 77
shoes. 38
siskur 40
sneers 4 10 12 16 51 55 68 76 77 79
sorely 4 6 9 10 11 12 13 20 21 22 26 27 30 33 34 38 40 43 46 47 49 50 51 52 54 56 60 69 71 76 77 78 79 85 88 94
saw’st 40 65
sauage 91
sorest 4 20 26 49 77
sneeze 3 5 12 14 26 27 37 41 49 55 68 69 73 77 92
sturdy 5 12 13 18 20 21 22 28 34 39 41 46 48 49 51 52 55 65 67 68 71 77 78 79 80 85 93 94
sforza 7 49
soiled 6 12 13 17 18 22 23 27 28 35 39 41 47 51 55 57 66 68 69 70 76 77 78 84 85 94
shocke 65
shocks 12 13 14 18 31 37 39 40 46 48 49 50 55 60 65 67 71 74 82 90 92
stuoje 53
sebond 40 49
stunts 67
stupid 3 4 5 6 10 11 12 13 14 16 17 18 19 21 23 26 27 28 29 31 32 33 35 37 38 39 40 41 42 43 44 45 46 48 49 50 55 56 58 59 60 61 65 66 67 68 70 71 72 73 74 77 78 79 80 84 86 90 92 94 100
stupor 6 10 12 13 18 19 27 32 39 40 42 46 47 49 68 69 71 76 78 79 84 94
sordid 10 12 13 23 27 28 29 31 34 39 40 41 46 49 51 54 65 68 71 73 78 80 92 93
shoddy 13 50
shoo’s 72
sacked 7 22 30 39 46 49 53 59 65 71 76 78
smacks 12 40 48 49 55 77 78 83
saliva 7 12 18 44 48 73
sleuth 12 17 21 26
sort’s 41
slewed 6 40 46 55
shokin 66
sacque 94
sorgue 12
sorgen 63
shot’s 53
salite 79
saling 55
saline 34 40 47
sauces 12 14 41 49 73 79 80
saucer 3 10 12 13 18 21 27 28 34 37 39 41 46 53 55 56 67 68 72 76 77 78 94 98
stutia 53
sletty 55
speak. 38 41 71
sister 1 3 4 5 7 9 10 11 12 13 14 15 16 18 19 20 21 22 23 25 26 27 28 29 30 31 32 33 34 36 37 38 39 40 41 42 43 44 46 48 49 51 53 55 56 59 62 65 66 67 68 70 71 72 73 74 75 76 77 78 79 80 81 82 84 85 90 91 93 94 99
skated 28 100
sisted 91
skater 28 93
skates 48 55 71 94
speake 45 98
speaks 7 10 11 12 13 14 16 18 19 20 21 22 26 27 28 33 35 36 37 39 40 41 42 43 44 45 46 49 50 51 53 55 56 63 64 65 66 68 70 71 72 73 74 75 76 77 78 79 80 81 84 85 88 90 92 94 98
sistit 49
spears 9 20 22 24 30 31 39 40 42 49 53 56 57 58 61 65 72 73 76 77 99
smahan 42
sibago 53
salona 49
salone 12 22
salons 1 12 39 67 79
saloon 1 10 11 13 14 23 27 30 37 51 55 57 66 67 84 94
setons 49
shooks 40
setout 94
setoff 77
sallie 94
sekret 91
setled 45
sallee 60 82
sallet 49
show’d 27 65
sacred 1 4 8 10 12 13 14 15 16 19 22 23 26 27 28 29 31 32 33 34 35 36 37 39 40 41 42 43 44 45 46 49 50 51 53 55 56 57 64 65 66 68 69 70 71 73 74 76 77 78 79 80 81 83 84 85 89 90 93 94 97
soiree 39
sacral 55
sallys 78
sacrum 49
sallow 5 10 13 19 21 23 26 27 34 39 40 41 48 49 55 56 57 68 71 72 73 76 77 78
sholto 21
snells 67
sike’s 68
salmon 3 13 19 30 40 41 42 44 48 55 67 71 79 81
skip50 63
skip51 63
skip54 63
skip55 63
skip52 63
skip53 63
skip47 63
skip48 63
skip45 63
skip46 63
skip49 63
skip58 63
skip56 63
skip57 63
skinny 31 35 37 39 55 56 61 68 76 79
skip43 63
skip44 63
skip41 63
skip42 63
satius 49
satire 12 23 26 28 37 39 49 77 79 80 82 83
satins 14 23 40
satiny 5 18 44 55
supina 49
supine 40 49 55 65 79 94
sirven 12
skills 35 55
skilly 50 55
spurns 26 49 51 65 77
superb 5 10 12 14 17 21 23 27 31 39 40 44 55 65 66 68 69 76 78 81 94
superi 49
shesaw 55
spurts 44 48 55 92
spurre 45
sabtua 53
skimpy 55 56
stuart 27 55 76 82 89 92 94
satnio 65
sestos 65
sesqui 80
shewed 9 11 16 22 38 45 49 55 81 97 98
shewes 45
shewne 45
skirra 40
skirts 6 10 12 13 14 18 21 27 28 29 31 37 39 40 41 42 44 50 52 55 56 59 60 68 69 71 72 73 76 77 78 85 88 93 94
study. 37 41
supply 4 6 10 11 12 13 14 15 16 18 19 20 21 27 28 29 30 34 39 40 44 45 46 48 49 50 53 54 55 58 60 65 68 71 72 73 74 76 77 78 79 80 81 82 83 84 85 86 89 90 94 95 96 97 99
supple 3 10 12 18 26 28 35 39 41 43 44 49 52 55 65 74 76 77 79 90
suppli 83
supped 6 9 10 12 22 23 42 46 48 49 53 60 71 72 76 77 79 80 82
supper 1 4 5 6 7 9 10 11 12 13 14 16 17 18 19 20 21 22 23 26 27 28 29 30 32 33 34 37 38 39 40 41 42 43 44 45 46 48 49 50 51 53 55 56 57 60 61 62 65 66 67 68 69 70 71 72 73 76 77 78 79 80 81 82 83 85 94 98 99 100
studio 12 23 49 66 78 84 94
studia 49
studeo 49
suppos 70 83
smiles 1 4 5 6 10 11 12 13 14 16 17 18 19 21 23 24 27 28 31 32 36 37 39 41 42 44 47 49 50 51 52 55 56 64 65 67 68 71 72 74 75 76 77 78 79 80 84 85 90 94
smiled 1 3 4 5 8 9 10 11 12 13 14 16 17 18 19 21 22 23 24 26 27 28 29 30 31 32 33 34 35 36 37 38 39 40 41 42 43 44 46 47 49 51 54 55 56 57 58 59 60 61 65 66 67 68 69 70 71 72 74 76 77 78 79 82 84 85 88 90 92 93 94 100
smilin 70 78
sack’d 65
sleeps 10 12 18 21 22 27 28 33 37 40 43 44 46 48 49 51 55 58 61 62 64 65 71 72 74 76 77 78 79 81 90 94 98 100
sleepe 40 98
sleep. 38 40 71 72
sleety 13 16 28 55 57
sleepy 3 5 6 9 10 12 13 14 17 18 21 26 27 28 30 31 33 36 37 39 40 41 42 44 46 47 49 50 51 52 55 56 66 68 69 70 71 72 73 76 77 78 79 80 81 84 92 94 100
sleeve 5 6 10 12 13 14 17 18 21 23 27 28 34 37 38 39 41 42 43 46 49 50 55 56 57 59 61 66 68 69 70 71 72 73 76 77 78 79 82 84 93 94 98
sale’s 84
satory 79
stubby 39 51
stubbs 27 40 55 78
sledge 6 13 28 34 36 40 46 57 68 71 73 74 78 79 90 100
stucco 55 79 85
sleigh 28 39 56 57 67 69 94
saccol 53
siscar 77
sattan 72
supset 63
stuffe 45
stuffs 12 13 14 21 27 49 60 77 79 82 98
stuffy 11 18 37 39 41 46 47 55
saturn 22 28 40 45 49 55 65 80 83 88 98
soil’d 65
scawan 20
splits 12 28 33 40 49 76
spucks 55
sheep. 24 38
sheeps 45 55
sheeny 13 18 55
sirens 22 28 49 55 80
sabers 39
sheets 4 5 6 10 11 12 14 15 16 18 21 22 27 28 29 34 37 39 40 42 43 44 46 47 48 49 50 53 54 55 56 61 65 67 68 69 70 71 72 73 74 76 77 78 79 82 83 85 86 90 93 94 95
seales 45
sealed 4 6 10 12 13 14 16 19 21 24 29 31 34 37 38 39 41 43 44 45 46 47 49 54 55 64 65 68 69 71 72 73 74 76 77 78 79 81 84 85 88 90 94
sheehy 55
sejest 70
scatty 55
sabbee 40
scauro 49
sizzle 18
splice 40
splint 69
sugaun 55
sugary 39 40 41 55
sirian 65
sabine 79
sugars 55 71 81
sirius 12 41 47 55 57 65
sheila 55
skin’s 27
seamen 6 20 31 40 46 49 53 60 64 65 71 73 74 79 81 83 84 90
seamed 20 21 43 51 57 78 84
sbogar 79
seaman 6 14 21 26 31 40 46 49 53 55 79 80 81 82 84 85
shefin 73
sesame 12 55 62 79
skifts 70
swords 7 9 12 14 17 20 22 26 38 39 40 45 46 49 53 55 60 65 69 70 73 76 77 78 79 81 83 92 97 98
shells 5 6 8 12 13 14 16 26 27 28 31 32 33 35 37 38 39 40 41 43 48 49 52 53 55 56 60 71 72 73 74 77 78 79 80 81 84 85 90 94 97
season 2 4 5 7 9 10 11 12 13 14 15 16 17 18 19 20 21 22 23 26 27 28 29 33 34 35 39 40 41 44 45 47 48 49 51 53 54 55 56 60 62 64 65 66 67 68 69 70 71 72 73 74 75 76 77 78 79 80 81 83 84 85 88 90 92 93 94 97 99 100
sword. 38 79
skiffs 12 14 69 70
seated 1 3 4 5 6 7 10 11 12 13 14 16 18 19 20 21 22 23 24 26 27 28 29 32 33 34 37 38 39 40 41 42 43 44 46 47 48 49 50 51 53 54 55 56 57 60 61 65 66 68 69 71 72 73 74 75 76 77 78 79 80 81 82 85 88 90 93 94 98 100
s’pect 27
satans 5
spumas 49
spumis 49
shekel 70
swoops 6 20 50 55
swoony 55
swoons 12 65 76
sables 14 77
seared 10 14 21 23 27 28 45 46 49 55 68 76 84 85 92
search 1 2 3 4 5 6 7 8 9 10 11 12 13 14 15 16 17 18 19 20 21 22 23 24 25 26 27 28 29 30 31 32 33 34 35 36 37 38 39 40 41 42 43 44 45 46 47 48 49 50 51 52 53 54 55 56 57 58 59 60 61 63 64 65 66 67 68 69 70 71 72 73 74 75 76 77 78 79 80 81 82 83 84 85 86 87 88 89 90 91 92 93 94 95 96 97 98 99 100
searce 60
skies. 24
shelby 27
seaway 6
sabran 12
satemo 66
sateen 55 56
sirree 70
shermy 83
swowns 98
sabres 12 55 66 76 78 79
sherry 14 21 23 40 42 46 55 71 75 78 79 84
sabred 12 55
sirrah 55 98
siroco 53
saboti 41
sabots 12
spunky 44
spungy 81
sabong 53
seaven 91
swough 9
smyrna 22 23 42 49 65 79 81 82
scaeva 49
sermon 4 5 7 10 11 12 14 26 27 28 35 40 42 44 45 46 49 51 55 56 66 68 69 70 71 72 75 76 77 78 80 81 82 83 85 91 94
sizing 13 55
serius 49
seipso 49 65
scaean 65
sopped 55 78
sopose 91
synods 45
serram 53
smythe 55
sashed 16 55
sashes 10 12 19 38 39 40 42 46 55 68 69 73 76 79 84 99
seiten 63
s’pose 4 6 14 27 40 69
scaife 55
syetes 65
snubby 84
siquis 97
scanty 1 4 7 10 12 16 19 26 27 28 32 34 38 39 41 42 44 52 53 54 55 67 68 71 73 74 76 77 78 79 81 83 90 93
syntax 12 20 55 63
splash 3 5 6 10 12 13 14 17 18 21 26 27 28 30 31 33 38 40 48 55 67 68 78 79 83 94
snugly 10 14 17 27 40 44 51 52 55 71 78
seruzo 53
servan 49 77
serval 79
servat 49
served 4 5 6 7 9 10 12 13 14 15 16 18 19 20 21 22 23 26 27 28 29 30 31 32 33 34 35 36 37 38 39 40 41 42 43 44 45 46 47 48 49 51 52 53 54 55 56 57 58 60 61 65 66 67 68 70 71 72 73 75 76 77 78 79 80 81 82 83 84 85 88 91 92 93 94 96 97 98 99
server 37 55
serves 10 12 14 15 17 18 21 27 28 37 39 40 41 45 48 49 51 53 55 58 65 68 72 74 77 78 79 80 82 88 90 92 94 97
servir 82
scapin 12
scaped 20 55 65
scapes 65
scalps 17 85 99
scally 55
snufel 91
snuffs 65
snuffy 55 56 78 84
scaled 6 12 17 30 40 46 48 55 65 78
scales 4 5 12 13 17 21 26 27 28 30 33 39 40 41 42 45 49 53 54 55 64 65 67 78 79 80 81 82 84 85 93 100
slushy 14 42
scamps 12 27 55
sire’s 55 65
seizes 1 12 20 28 32 34 36 39 49 51 53 55 61 64 65 67 73 75 77 78 79 80 82 88 92
seized 1 2 4 6 7 8 9 10 11 12 13 14 16 17 18 19 20 21 22 23 24 26 27 28 29 30 32 34 37 38 39 40 41 42 43 44 45 46 47 48 49 51 52 53 54 55 56 57 58 59 60 61 65 66 67 68 69 70 71 72 73 74 76 77 78 79 80 81 82 83 84 85 88 90 93 94 96
seal’s 33 55
seal’d 65
sake’s 54
scarus 49
scarum 69 70 78 94
seafed 55
scarsi 49
scarry 40
sassed 56 70
sasser 70
sabage 9
shears 4 9 12 40 55 61 67 77
sabaea 98
sheath 6 9 12 19 33 39 40 44 46 48 49 65 77 79 93
szalin 13
scathe 9
sabato 53
servox 74 90
servts 78
servus 49
seadog 55
spleen 4 11 12 16 26 37 39 40 41 49 55 65 72 73 92
scarli 55
scarin 46
scarfs 18 27 53 85
scarfe 99
scares 12 28 55 58 72 77
scared 5 10 12 13 14 17 21 22 26 27 28 29 31 33 34 35 36 37 39 40 41 43 46 48 54 55 56 57 58 60 61 65 66 67 68 69 70 71 72 73 74 76 77 78 79 85 90 94
scarce 1 5 6 10 11 13 16 17 27 28 29 32 33 34 39 40 43 44 45 46 47 48 49 51 53 54 55 56 58 60 65 68 69 71 73 74 76 77 78 79 81 82 83 84 88 90 91 96 97 98 99
suopte 49
silted 55
sicyon 80
sceaux 12
spotty 37 77
sedulo 49
seduce 13 26 41 44 49 55 73 82 88 92
sevens 55 71 79
sanest 28 46
severe 4 5 7 10 11 12 13 14 16 18 19 21 22 26 27 28 30 31 32 33 37 39 40 41 42 43 44 45 46 48 49 51 52 53 55 56 60 61 65 68 69 70 71 72 73 74 75 76 77 78 79 80 81 82 83 84 85 88 89 90 92 93 94 95 97 99 100
severn 10 21
severs 40 79 92
sanely 40 48
sporty 13 40
syrens 49
sports 5 10 11 16 18 22 24 28 32 40 41 44 49 55 56 62 67 68 69 71 73 76 77 78 79 80 81 84 85 88 93 94
slyest 58
say’st 40
sawest 9 26 55 77 88
suarez 45
suaque 97
spouse 12 37 44 49 55 65 68 77 79 94
spouts 40 49 55 65 78 88
silvas 49
silvam 49
syriac 77
sanity 1 10 27 29 37 40 43 46 54 77 78 79 84 89
semotu 49
silver 4 5 6 8 9 10 12 13 14 15 16 18 21 22 23 24 26 27 28 31 32 33 34 35 37 38 39 40 41 42 43 45 46 47 48 49 52 53 54 55 56 57 60 61 64 65 66 67 68 69 70 71 72 73 74 76 77 78 79 80 81 82 83 84 88 90 91 93 94 97 98 99 100
slyish 54
silvis 49
sawcie 45
semper 12 49 53 55 97 98
stwuck 39
syrius 49
sempre 7 49 53
swan’s 12 100
syrian 12 40 41 45 88
sankey 55 81
saevit 49
stodge 17
stodgy 17
swains 52 55 65 78
swaine 40
stocks 10 12 14 17 18 19 23 28 37 40 49 52 55 65 71 72 77 79 84 85 86 94 97
stocky 51
snyder 12
suavis 49
suasor 49
sannae 49
spoyle 45
sannup 99
sushch 39
sawing 12 13 18 48 49 55 76 91
santry 55
simars 65
scenes 1 4 5 10 11 12 13 14 16 18 19 21 22 23 26 27 28 29 32 37 38 39 40 41 42 43 44 46 49 51 52 55 65 67 68 69 70 71 72 73 74 75 76 78 79 81 82 84 85 90 94 98
santos 53 60
sawney 83
scendi 79
scende 49
scenai 49
swamps 4 6 14 26 27 28 32 39 40 51 67 72 81 92 99
swampy 6 48 78
santit 79
seem’d 49 65
scents 5 10 12 14 49 55 65 71 72 74 76 78 79 80 90 92 93
sway’d 65
skunks 99
syrtes 77
swanee 51
scelus 49
sident 12
sides. 79
sevres 23
sidera 49
semyon 35 37 41
sanson 12
swales 46
soe’er 65
skulks 34 40
skulls 12 38 40 44 48 49 55 60 73 78 92
sansue 77
savonn 12
savona 44
snoods 94
savoir 95
sicile 12
sicily 7 12 22 41 49 77 79 80
stench 4 6 13 22 26 37 39 41 45 46 55 73 76 81 98
suites 39 84
suited 10 11 12 13 14 15 16 18 19 20 21 22 23 26 27 28 29 34 37 38 39 41 42 44 46 49 51 52 55 56 57 60 65 66 68 69 70 71 72 73 74 76 77 78 79 80 81 83 84 85 89 90 92 94 97 99
suitor 10 14 19 21 27 37 38 39 41 42 43 49 51 71 72 76 78 80
stenka 39
savour 7 9 22 26 45 49 55 66 71 75 77 88 93
sobbed 3 4 5 10 12 13 17 18 19 21 27 29 30 33 34 37 38 39 41 42 44 46 56 57 58 61 67 68 69 71 72 74 76 78 79 90 93 94
savors 28
savory 4 12 14 27 39 40 52 79 99
stepan 41
seddon 55 81
snooks 76
snooze 12 13 40 55 68
stelle 63 65
samson 10 12 34 45 48 71 76 77 78
stellt 63
stella 12 49 56 67
snow’s 40
surlei 26
surlay 53
suisse 12
sobald 63
sedate 11 16 37 39 49 55 60 65 71 84 97
sichem 45
swifts 77
samuel 10 15 22 27 28 32 40 45 46 50 51 55 56 65 69 70 81 83 89 91 94 97 98 99
sedges 28 43 84
swills 78
snorts 5 27 31 33 40 71 78
surrey 12 14 21 48 68 71 75 78 80
sterte 9
sterne 39 65 77 79 83
sterns 6 40 65
stetit 49
siuano 53
sursum 49
sicken 23 51 54 56 68 70 74 90
sicker 49 56 57 94
sickle 12 26 33 38 39 40 48 49 60 65 77
sickly 4 5 8 10 11 12 14 15 16 19 23 25 26 27 30 31 32 34 36 37 39 41 44 46 47 48 49 55 57 68 70 71 72 76 77 78 79 80 81 84 88 92 96
suivez 79
steppe 37 39 41
suivra 12
snores 8 12 55 69 84
snorer 69
snored 6 10 12 13 31 38 39 40 41 69 70 71
stereo 48
silent 1 3 4 5 6 7 8 10 11 12 13 14 15 16 17 18 19 20 21 22 23 24 26 27 28 29 30 31 33 34 35 36 37 38 39 40 41 42 43 44 45 46 47 48 49 50 51 52 54 55 56 57 59 60 63 64 65 66 67 68 69 70 71 72 73 74 76 77 78 79 80 81 83 84 85 88 89 90 91 92 93 94 97 98 100
silenc 83
stewed 2 12 13 14 26 41 55 57 60 71 77 79 81
spoked 71
spoken 1 3 4 5 6 7 8 9 10 11 12 13 14 16 17 18 19 20 21 22 23 26 27 28 29 31 32 33 34 35 37 38 39 40 41 42 43 44 45 46 47 48 49 50 51 53 55 56 57 59 60 61 63 64 65 66 68 69 71 72 73 74 75 76 77 78 79 80 81 82 83 84 85 88 89 90 92 93 94 95 99
spokes 12 31 40 45 49 55 65 70 100
swipes 48 68 78
snowed 7 10 13 16 23 30 39 57 60 71 78
silken 10 12 18 23 27 38 39 40 41 42 49 55 56 61 64 65 66 73 74 79 84 90 93
semele 98
suruey 98
snouts 12 73
snotty 55
swings 12 13 32 33 40 46 51 55 65 78 84
swinge 20
steven 9 45
stevie 55
survey 10 11 12 13 14 15 16 19 27 28 30 32 37 39 40 41 45 46 49 53 55 60 63 65 68 71 72 73 76 77 78 79 80 82 84 92 94 95 98
silius 49 65
sobing 53
spoilt 10 11 14 16 17 19 26 27 36 38 41 44 49 55 71 72 76 78 80 92
spoils 7 13 21 22 25 27 28 29 31 33 39 40 42 45 49 50 55 56 65 66 71 72 73 76 77 80 81 82 83 89 92 94 97 98
semine 49
semina 49
sancho 49 53 55 77 81 83 94
spoony 10 71
spoons 4 10 12 14 27 28 32 37 39 40 42 53 55 68 70 71 72 73 77 78 79 93 94 95
sancha 77
spoon. 71
spooks 55
spools 27 94
sandal 10 22 53 55
sicula 49
sponsi 49
sponte 49
sicure 49
semite 55
silong 53
sancte 49
sancta 41 77 92
sancto 49 53
sancti 55 98
swivel 6 55 67 71 83
sandow 55
sanded 6 10 12 18 28 55 71 76 78 86
sedmor 39
swirls 33 55 67
sanari 49
sponge 10 12 13 14 21 22 26 29 35 41 42 44 49 55 56 65 70 77 78 79 83 86 88 93
spongy 12 21 26 27 48 55 71
switch 10 12 32 33 37 38 49 50 55 56 67 69 71 72 79 86 87
suidas 49
steh’n 51
soaped 12 14 41 46 55 77
sellin 27 40 70
scurry 26 27 39 42 52 59
spewed 12 55
seller 12 13 21 33 39 45 66 68 71 81 83 89
sadler 45 56
secret 1 3 4 5 6 7 8 9 10 11 12 13 14 15 16 17 18 19 20 21 22 23 24 26 27 28 29 30 31 32 34 35 36 37 38 39 40 41 42 43 44 45 46 47 48 49 50 51 53 54 55 56 57 58 59 60 61 64 65 66 67 68 69 70 71 72 73 74 75 76 77 78 79 80 81 82 83 84 85 86 87 88 89 90 92 93 94 98 99 100
sambre 12
sambow 66
sibuco 53
sithen 9 55
soanen 12
selina 16
second 1 2 3 4 5 6 7 8 9 10 11 12 13 14 15 16 17 18 19 20 21 22 23 24 25 26 27 28 29 30 31 32 33 34 35 36 37 38 39 40 41 42 43 44 45 46 47 48 49 50 51 52 53 54 55 56 57 58 59 60 61 62 63 64 65 66 67 68 69 70 71 72 73 74 75 76 77 78 79 80 81 82 83 84 85 86 87 88 89 90 91 92 93 94 95 96 97 98 99 100
secolo 20
sitiat 49
sikoke 40
suratt 53
sectum 49
sadovy 37
steaks 13 14 16 22 40 68 71
steale 45
secuto 55
steak. 38
securi 49
slongs 78
secure 1 2 3 4 5 6 7 8 9 10 11 12 13 14 15 16 17 18 19 20 21 22 23 24 25 26 27 28 29 30 31 32 33 34 35 36 37 38 39 40 41 42 43 44 45 46 47 48 49 50 51 52 53 54 55 56 57 58 59 60 61 63 64 65 66 67 68 69 70 71 72 73 74 75 76 77 78 79 80 81 82 83 84 85 86 87 88 89 90 91 92 93 94 95 96 97 98 99 100
steads 9
steady 3 5 6 10 11 12 13 14 15 16 17 18 19 21 23 26 27 28 29 31 33 34 38 39 40 41 42 43 46 47 48 49 50 51 55 56 57 59 60 61 65 67 68 69 70 71 72 74 76 77 78 79 80 83 84 89 90 91 93 94 97
spezia 26 44
seculi 55
steare 81
steans 46
steals 8 10 12 23 27 28 32 33 36 37 39 40 41 49 50 51 55 68 69 71 73 78 80 82 85 88
samian 49 65
steamy 26
steams 10 65 81
samite 9 56
sloops 15
sibyls 49
sadly. 38
scurvy 17 28 49 53 55 73 77 85 92
soared 5 12 17 22 23 31 39 43 55 56 69 76 79 100
soarin 5
savary 39
savate 79
savant 12 41 51 79 89
savans 49
savais 18
savage 2 3 5 8 9 10 11 12 13 14 15 17 18 20 21 22 23 27 28 30 31 32 33 34 35 37 38 39 40 41 42 43 45 46 47 48 49 51 53 54 55 57 60 65 66 67 68 71 72 73 74 76 77 78 79 80 81 84 85 88 90 92 93 94 97 99
selsey 50
stefan 35 53 55 94
steers 13 28 40 55 65
steepy 65
steeps 46 65 71
surena 49
surely 4 5 6 9 10 11 12 13 14 15 16 17 18 19 20 21 22 23 26 27 28 29 30 31 32 33 34 35 36 37 38 39 40 41 42 43 44 45 46 47 48 49 50 51 53 54 55 56 57 58 59 61 64 65 66 68 69 71 72 74 75 76 77 78 79 80 81 82 83 84 85 88 89 90 91 92 93 94 99 100
steepe 65
steely 10 17 21 48 49 65
steels 12
surety 9 28 36 55 77 79 81
surest 11 17 21 26 39 40 43 45 46 49 57 58 65 69 73 79 80 92 97
surged 12 13 30 37 41 44 51 66
sitten 9
sicard 12
surgat 49 98
sitter 13 14 23
sittin 5 40 46 51 71 78
surgit 49
surges 6 10 13 27 40 43 49 55 65 66
sloths 26
steddy 45
sloper 55
slopes 6 12 21 22 26 28 34 39 40 43 46 47 48 55 57 64 71 78 84 94
sloped 4 30 33 40 47 54 56 57 79 84 94
sobb’d 65
sloppy 34 37 46 55 70 71
shyest 56 66
steele 19 65 83
savest 9 45 94
saveth 20 26 45
steeds 20 22 23 40 49 55 65 68 77 80 94
surdis 79
slowed 13 47 55 67 69
slower 14 23 28 30 35 36 39 40 44 47 49 55 56 71 78 79 80 86 88 93
slowly 1 3 4 5 6 7 8 10 11 12 13 14 16 17 18 19 21 23 25 26 27 28 29 30 31 33 34 35 36 37 38 39 40 41 42 43 44 46 47 48 49 50 51 52 53 54 55 56 57 58 59 60 61 62 65 66 67 68 69 71 72 73 74 75 76 77 78 79 80 83 84 85 86 87 88 89 90 92 93 94 95 100
sospir 65
sicels 22
stehen 63
slouch 12 14 17 30 55 69 70 78
slough 6 10 12 27 28 49 70 72 74 76 80 90 92 94
savior 12 26 39 51 53
saving 4 5 6 9 10 11 12 13 14 16 17 18 21 26 27 28 31 32 34 37 38 39 40 41 44 45 48 49 51 53 55 56 59 60 61 65 68 69 70 71 72 73 76 77 78 79 80 81 82 83 88 89 91 94 97
slovak 13 46
sample 14 16 21 27 32 39 54 55 56 65 71 73 76 77 83 92 94
sloven 37 55 65
selves 2 11 12 16 22 28 33 40 41 45 46 49 51 55 64 71 76 83 88 95
steins 39
sampan 53
shying 20 39 67
samput 53
sampot 53
shorne 46
salt54 22
short. 71
shorts 14 55 68 69
see’st 40
sorrer 71
sorrel 27 28 37 39 56 57 73
speech 1 3 4 5 6 9 10 11 12 13 14 15 16 17 18 19 20 21 22 26 27 28 29 30 31 32 33 34 35 37 38 39 40 41 42 44 45 46 47 48 49 50 51 53 54 55 56 57 59 60 61 62 64 65 66 67 68 69 70 71 72 73 74 76 77 78 79 80 81 82 83 84 85 88 89 90 92 93 94 95 96 97 98 99
saulve 12
shore. 65
speedy 11 12 16 19 21 26 28 32 37 39 40 41 44 49 55 65 68 71 72 73 74 76 77 78 79 80 81 83 84 90
shores 4 6 7 10 12 13 17 18 20 22 26 27 28 30 31 34 39 40 41 43 51 55 60 64 65 67 70 74 77 78 79 80 82 84 85 90
speeds 55 65 68 77 86
shored 12 40
saumon 12
salsum 49
sorrow 1 3 4 5 6 7 9 10 11 12 13 14 15 16 19 20 21 22 23 24 26 27 28 30 31 32 33 35 36 37 38 39 40 41 42 43 44 46 47 48 49 51 54 55 56 60 61 64 65 68 69 71 72 73 74 75 76 77 78 79 80 81 82 83 84 85 88 89 90 91 92 93 94 99 100
smalls 55 68 71 78
salter 83
small. 38 71
saltee 55
salted 6 13 16 28 38 40 53 55 65 68 77 88
saltem 49
sorry. 71
specie 12 46 49 55 63 82
specks 13 14 18 27 31 34 37 46 48 55 71 76 78 79 93
spects 4 27
shoots 12 13 17 21 22 23 25 28 30 39 40 41 48 49 55 60 65 68 71 78 79
sorore 65
salvos 12 53
shoves 21 44 50 55 70
shovel 12 13 22 27 28 32 33 38 39 40 42 46 52 53 55 60 68 69 70 72 77 78 83 86 93 94
shoved 4 6 8 9 12 13 14 27 28 39 40 41 42 44 55 59 69 70 72 73 76 81
shower 3 4 10 12 13 14 16 24 27 28 31 33 37 38 39 40 41 42 44 47 48 52 55 65 66 67 68 69 71 72 73 74 76 77 78 79 80 81 84 85 88 90 93 94 100
showed 1 4 5 6 7 9 10 11 12 13 14 17 18 19 20 21 22 23 25 26 27 28 29 30 31 33 34 35 37 38 39 40 41 42 43 44 45 46 47 48 49 50 51 52 53 54 55 56 57 59 60 61 65 66 67 68 69 70 71 72 73 74 76 77 78 79 80 82 83 84 85 87 88 90 93 94 95 99 100
showin 5
showne 45
showre 45
saltyk 39
sorted 6 10 27 39 55 59 70 78
sorter 40 70
saltus 49
spehar 85
sortie 49
saunce 9
sortin 68
settee 14 21 40 43 50 61 67 84
setten 78
sorsum 12
setter 13 21 30 41 55 77
settin 5 55 94
settle 3 4 6 7 10 11 12 14 15 16 19 20 21 22 27 28 29 31 33 34 36 37 38 39 40 41 42 43 44 45 46 49 50 51 54 55 56 57 60 65 66 67 68 69 70 71 72 73 76 77 78 79 80 81 83 88 94 96 97 98
shoure 65
shouts 4 5 7 12 13 14 20 21 26 27 28 32 35 36 37 39 40 41 42 44 48 49 53 55 57 59 60 65 68 70 73 76 77 78 79 85 93 94
salute 5 6 8 9 10 12 14 22 27 28 33 34 39 40 41 42 45 49 53 55 65 67 71 72 76 77 78 79 80 81 83 94
sorts. 41
salves 9 49 77
salver 5 39 42 71 75 79 94
salved 45
should 1 2 3 4 5 6 7 8 9 10 11 12 13 14 15 16 17 18 19 20 21 22 23 24 25 26 27 28 29 30 31 32 33 34 35 36 37 38 39 40 41 42 43 44 45 46 47 48 49 50 51 52 53 54 55 56 57 58 59 60 61 63 64 65 66 67 68 69 70 71 72 73 74 75 76 77 78 79 80 81 82 83 84 85 86 87 88 89 90 91 92 93 94 95 96 97 98 99 100
shouls 91
selber 63
spence 21 28 83
spends 6 7 10 12 19 22 23 39 41 44 49 65 72 77 78 79 80 82 85 89 94
sechen 53
secheg 53
sechel 49
selbst 63
ssigen 63
sloane 56 67 83
sauval 12
saurus 53
smarts 14 46 49 55 78
smarty 58 69 70
same’s 13
setzen 63
soar’d 65
secgum 20
selani 53
spells 4 22 28 35 39 40 45 46 49 51 53 55 56 57 70 76 81 94 96 98
selagh 91
sadful 70
sperma 40
spermy 40
sculls 73
scully 13
spequi 53
spered 9
seclum 49
sperat 49
samana 35
slogan 40 55 70
samari 53
saddle 6 7 9 10 12 14 16 18 20 23 27 28 33 34 38 39 40 43 47 49 52 53 55 60 66 68 70 71 72 73 76 77 78 79 83 94
selden 27 43
seldan 20
sadden 4 12 39 94
sadder 4 5 12 14 22 27 38 39 40 42 44 55 65 66 71 72 76 79 94
slocum 55
seldom 1 2 3 4 5 9 10 11 13 14 15 16 17 18 19 20 21 22 23 25 26 27 28 31 32 33 34 39 40 41 42 43 44 45 46 49 50 51 52 56 57 58 59 60 65 66 68 69 71 72 73 74 76 77 78 79 80 81 83 84 85 89 90 92 93 94 95 97
soaked 5 6 10 12 13 14 21 28 37 39 40 41 44 48 50 55 67 69 70 72 77 78 79 86
soaker 55
select 7 10 12 13 14 15 16 18 21 26 27 28 29 30 39 40 43 49 51 55 56 65 66 68 71 72 74 77 78 79 80 81 84 85 89 90 91 92 94 97
selene 55
