snaffle 39
shrinks 39 43 49 55 63 65 71 78 81 85 92
sibbald 40
shrines 10 12 20 28 39 40 53 65 77 84 92 94
shrined 10
shrimps 18 71 78
spruces 56 57
shylock 55 94
showing 1 3 5 6 7 9 10 11 12 13 14 17 18 19 21 22 23 26 27 28 29 30 31 32 33 34 35 37 39 40 41 42 43 44 45 46 47 48 49 50 51 52 53 55 57 58 59 60 61 63 66 68 69 70 71 72 73 76 77 78 79 80 83 85 86 88 89 92 93 94 95 96 99
suzanne 1 81
seemest 9 26
seemeth 9 20 26 45 88 97 99
snivels 55
sojourn 6 9 10 12 18 23 26 27 29 41 46 49 55 56 78 79 84 85 92
staunch 6 9 40 55 68 71 72 73 76 77 79 83
seventy 2 4 6 7 10 12 13 15 21 27 28 30 32 33 35 37 39 40 41 42 43 45 46 49 50 51 53 55 56 60 67 68 70 71 72 73 76 77 78 79 81 82 83 84 85 87 93 94
seventh 7 9 10 12 13 14 15 22 23 26 33 37 38 39 40 41 42 44 45 46 48 49 51 53 55 56 60 64 65 66 68 71 73 77 79 80 81 83 84 88 91 92 93 98 99 100
sedibus 49
showeth 26 55 88
showest 26 40
showers 10 12 13 17 19 26 28 40 42 49 55 65 68 71 72 74 76 77 83 90 94
showery 19 43 65
seeming 5 10 11 12 13 14 16 18 19 26 27 28 29 30 35 37 39 40 41 43 44 45 46 47 48 49 50 51 56 57 58 59 60 65 66 68 69 71 72 73 74 76 77 78 79 80 83 84 85 90 92 94 98
signers 12 40
sarvice 71
samaide 81
scoffer 12 26 49 77 79
swagger 12 31 39 40 41 55 68 69 73 77 78 79
squelch 12 41
scoffed 12 13 41 48 56 66 77 84 88
suspect 1 4 5 6 8 9 10 11 12 14 16 18 19 21 22 23 25 26 28 29 31 32 35 37 39 40 41 42 43 44 45 46 47 49 52 53 54 55 56 57 58 60 61 65 67 68 69 71 72 73 74 75 76 77 78 79 80 81 83 84 87 88 89 90 92 94 95
shrilly 10 21 37 39 41 78 85 94
swinger 23
swinged 81
sleighs 28 39 57
sleight 12 14 40 47 49 65
swingin 5
surtout 10 12 40 71 79
slogger 55
seeding 35
squerzo 53
showed. 71
solomun 91
spatial 63 95
sever’d 65
sesamus 65
soloman 91
segunda 77
solomon 10 12 27 28 39 40 45 49 51 55 60 70 76 77 83 88 91 99
smudged 43 48 55
sourdis 12
swinish 26 41 80
serfdom 8 27 37 41 51 55 96
spheres 12 16 18 28 39 40 41 49 73 75 77 79 80 85 98
samanas 35
sam.8.3 45
sphere. 80 84
shifted 4 10 13 16 18 22 26 29 30 33 39 40 41 44 46 47 48 49 53 55 56 67 68 72 73 76 77 79 81 84 88 89 92
signals 12 13 40 41 48 50 51 52 53 55 60 65 68 69 76 77 79 81 86
signata 49
signate 98
styptic 65
sich’ll 27
sources 5 7 9 10 11 12 13 14 16 19 27 28 29 35 37 38 39 41 42 44 45 46 48 51 52 53 57 63 65 74 76 79 84 85 88 89 90 92 95
skating 13 28 56 78 94
sneered 5 6 12 14 17 18 23 30 38 39 41 46 50 51 55 68 72 77 80
scummed 21 43
shonest 88
scepter 39 53 97
sceptic 10 12 21 23 37 46 65 92 95
seven’s 71
shrieks 3 4 10 12 13 14 17 18 23 27 32 37 39 40 41 44 48 55 56 65 68 71 72 74 76 77 78 79 81 85 90 92 94
shoneen 55
sourest 49 72
sistina 79
sistine 37 39
slyness 6 11 16 37 41 56 71 78 93
saisons 49
sceptra 49
sceptre 12 22 40 49 51 52 55 65 72 77 88
sunders 14
shoeing 14 51
skaters 28 78
shudder 1 4 6 8 10 12 13 14 17 21 22 23 26 27 29 31 37 38 39 40 41 43 44 46 47 54 55 56 57 59 66 68 69 71 72 74 75 76 78 79 80 81 84 85 88 89 90 92 93
streams 5 10 12 13 18 20 22 24 26 27 28 30 31 34 37 39 40 41 43 44 45 46 49 51 55 64 65 71 74 76 77 78 79 84 88 90 98 99
streamy 55 65
streame 98
streaks 5 6 8 10 13 14 27 28 33 39 40 42 43 49 55 56 70 76 77 84
streaky 68 71
saturam 49
saturai 49
sembled 84
seteled 91
suspend 1 4 11 12 28 40 49 55 65 71 72 77 79 82
sloping 6 10 11 12 14 18 19 20 21 23 27 28 33 37 39 40 42 46 47 49 52 54 55 56 60 71 73 74 78 84 90
shepard 85 99
souring 17 28 69 76 83
sourire 49
stadium 62
sundang 53
sister. 37 67 71 79
sisters 3 4 5 8 9 10 11 12 13 16 18 19 22 24 27 29 32 37 38 39 41 42 44 45 46 49 51 52 55 56 60 62 64 65 66 67 70 71 72 76 77 78 79 80 81 83 91 93 94 99
sardral 73
szluofa 13
sunday. 79
spleane 91
sundays 4 6 10 12 13 14 27 28 29 30 32 37 39 41 42 44 48 52 55 56 57 60 68 69 70 71 72 76 77 78 79 81 83 91
scripta 49 83
sienese 7
scripts 8
scowled 5 10 18 22 33 37 39 40 41 44 46 55 66 68 72 79 85 94
sneezes 3 40 55
sneezed 3 12 22 33 41 55 68 71 76 94
sipping 18 23 27 37 39 40 41 42 55 56 57 66 68 71 72 76 79
streets 2 4 7 8 10 11 12 13 14 15 16 17 18 19 21 22 23 24 26 27 28 31 32 34 35 37 38 39 40 41 42 44 45 46 48 49 50 51 53 54 55 56 59 61 64 65 66 67 68 69 70 71 72 73 74 76 77 78 79 80 81 82 83 84 85 88 90 91 93 94 98 100
seilani 53
street. 21 37
sjambok 55
spoil’d 65
sagbare 63
sigmund 20
slashed 4 8 12 13 21 23 30 33 39 48 49 55 77 82 94
slasher 12
slashes 12 77
swaying 5 6 12 13 14 18 21 22 27 28 31 33 37 39 40 41 42 46 47 48 51 55 61 67 71 72 76 77 84 88
sixeyed 55
strello 40
sawyers 12 60 70
swapped 9 27 70
strew’d 65
saffron 16 28 39 41 49 51 55 56 65 68 78 84
stellen 63
scyllas 77
stellar 12 41 92
stellas 49
shoeboy 42
stamens 84
sundown 4 6 12 13 22 28 43 46 55 70 71
spatter 41 68
spatted 55 94
slopped 55 70
scrimps 40
sippets 55
surcoat 23 40 77
sundial 8 21 55
surlier 39 46
setebos 53
sulmone 49
sulmona 49
snouter 55
setebas 53
surlily 72
sardius 23
sardine 53 55
soiling 4 12 14 35 41 55
symamsa 63
symamsb 63
singuli 49
singula 49
sguerco 53
stamina 55 94
stamine 49
siocair 55
seloque 53
strengo 20
sarmata 49
suffice 4 6 7 10 12 16 19 26 28 39 40 41 44 45 46 48 49 51 52 54 55 65 68 71 72 73 74 77 78 79 80 84 85 88 89 90 92 95 96 97 98
scribes 13 32 45 53 55 73 77
securus 49
scribal 20
sekkent 91
sucking 6 12 16 22 23 27 28 37 39 40 41 44 48 49 51 52 55 59 68 69 70 71 72 76 77 78 88 93 94 99
surluse 9
stamped 4 5 6 10 12 13 17 18 21 22 23 26 27 28 29 30 31 32 33 34 37 39 40 41 43 45 46 47 49 50 51 54 55 57 59 61 65 66 68 69 71 72 76 77 78 79 84 85 92 94
securer 21 48 92
secures 16 19 28 49 78 83 84 94 95
secured 1 4 7 10 11 13 14 15 16 18 19 21 22 27 28 29 30 32 34 39 40 42 43 44 45 46 47 48 49 51 52 53 55 60 65 66 68 71 72 73 74 76 77 78 79 80 81 82 83 84 89 90 92 93 94 97
staving 14 40 70 77 78 81
sconces 12 14 40 47 72 84
scudded 46 68 73 79 84
stretch 4 5 6 8 10 11 12 13 14 15 16 18 19 21 26 27 28 29 30 31 33 34 38 39 40 43 44 45 46 47 48 49 51 52 53 55 56 57 59 60 61 64 65 66 67 69 70 71 72 74 76 77 78 79 82 84 85 88 89 90 92 93 94
serener 71
serenes 65
spleney 91
sacking 22 23 37 52 78 86
suckles 49
suckled 28 40 44 55 83
sudorem 49
sudores 49
spacing 53 63
stammer 12 13 14 26 37 40 42 44 49 55 69 71 72 79
stick’s 6
shoving 18 21 34 39 40 42 44 55 68 69 70 71
secundo 49
secundx 49
secunda 49
suckers 22 28
shaping 10 14 39 40 51 55 56 68 76 77 78 86 92
sobrino 77
seclude 19 78 79
slabbed 55
suffers 4 11 12 13 16 19 20 22 28 29 33 36 39 41 45 46 49 50 55 57 65 72 77 78 79 80 84 88 89 92 93 94 100
suffer. 37
still’d 65
sugared 12 52 55 79 94
sport’s 49 66
sidings 48
sutlers 12 39 55
spoiler 26 32 74 90
spoiles 45
spoiled 1 4 5 6 10 12 13 16 18 21 22 23 27 28 29 30 31 32 33 37 38 39 40 41 44 48 49 50 51 52 53 55 56 58 60 61 66 67 69 70 71 72 73 74 77 78 79 80 82 86 90 94 97 99 100
singled 11 13 52 55 56 57 60 65 95
singles 39 65
singlet 55
swift’s 80
strewed 12 14 22 28 38 39 49 73 74 77 78 79 82 84 90
saguing 53
sergius 39
sweet’s 50
swubble 68
solemne 45
seafire 55
shraums 55
serpens 49
serpent 3 4 12 14 18 20 21 23 26 27 28 34 39 40 41 43 44 45 48 49 55 56 64 65 70 71 72 74 77 79 80 82 84 85 88 90 91 92 94 98
sordidx 49
souza’s 39
sharing 1 2 3 4 5 6 7 8 9 10 11 12 13 14 15 16 17 18 19 20 21 22 23 24 25 26 27 28 29 30 31 32 33 34 35 36 37 38 39 40 41 42 43 44 45 46 47 48 49 50 51 52 53 54 55 56 57 58 59 60 61 63 64 65 66 67 68 69 70 71 72 73 74 75 76 77 78 79 80 81 82 83 84 85 86 87 88 89 90 91 92 93 94 95 96 97 98 99 100
stupoes 55
sharked 40
sperets 91
slights 6 20 23 40 49 51 55 65 72 78 79 80
statius 49 65
statism 92
station 3 4 5 6 7 9 10 11 12 13 14 15 16 17 19 21 22 26 27 28 29 30 31 32 33 34 37 39 40 41 42 43 46 47 48 49 50 51 52 53 54 55 56 57 59 60 62 65 66 67 68 69 71 72 73 74 75 76 77 78 79 80 81 83 84 85 86 88 89 90 92 94 97
stating 1 4 7 10 11 12 14 16 19 27 39 40 41 46 50 55 60 65 68 71 72 76 78 79 83 92 95
sylvans 65
sweeeet 55
sweeeee 55
stupid. 71
stupide 94
scarves 39 79
stupids 12 37
stupify 81
saileth 26
smutted 49
shipton 78
sharers 11 71 80 88
sailest 9
slipers 91
sharp’s 71
sunbury 48 68
sperits 70
savecnt 63
satnius 65
statute 10 13 32 41 45 51 54 55 71 73 78 85
stature 7 10 12 14 22 27 32 39 40 42 45 46 49 53 54 65 68 71 73 74 76 77 78 79 80 83 84 85 88 89 90 93 98
subways 13 47 48
shoohoo 78
secetur 49
statues 12 13 26 27 34 39 40 49 55 71 73 76 77 78 79 80 82 84 91 93 94
sweeper 8 12 24 33 34 55 78 94 98
sweepin 68
scarron 12
shunn’d 65
scarred 6 12 14 22 27 30 32 33 39 40 43 48 51 55 78 81 84 93
shipped 4 6 9 13 14 40 46 53 55 60 79 81
shippen 83
sonnets 23 45 49 55 77 78 82
shipmen 9
sullied 9 10 41 49 69 79 84 85
sweeter 1 5 6 10 12 17 23 24 27 28 33 37 39 40 46 47 49 51 55 56 57 64 66 68 71 72 73 74 81 84 85 88 90 94
sweeten 26 28 49 60 88
sambo’s 27
song.75 65
spernit 49
sapwood 28
saloon. 19
saloons 10 13 28 51 67
swollen 4 5 6 10 12 13 14 19 21 22 26 27 30 32 35 37 39 41 43 44 46 47 49 51 53 55 56 57 67 68 71 76 77 78 79 84 85 88 94
suarven 84
sylvius 28
stork’s 55
schultz 41
swimmer 18 20 21 30 33 40 47 55 60 73 79 81 83 84
schulde 63
shark’s 17 33 40
shipley 83
stalk’d 65
sanford 51
sikes’s 68
sonnino 79
sambhur 33
struver 13
stoicks 45
sperrit 6 51 69 72
sperrin 55
sylvias 77
staub’s 12
syndics 74 90
stoical 12 41 49 71 72 80 89 92
slipper 10 12 17 21 38 39 41 44 48 49 55 69 77
slipped 1 3 4 5 6 9 10 12 13 14 17 18 21 22 23 26 27 28 29 30 31 33 35 37 38 39 40 41 42 44 46 47 48 49 51 53 54 55 56 57 58 59 60 61 66 67 68 69 70 71 72 73 74 76 77 78 79 84 88 94 99 100
scarped 82
scunner 46
spoyles 45
schluss 55 63
sofya’s 41
scratch 5 6 10 12 18 19 21 26 33 38 39 40 41 44 46 49 53 55 58 60 61 65 68 69 70 71 73 76 77 78 79 84 85 88 93 94
scooner 83
shipful 48
stacked 27 28 31 33 39 40 56 70
scaring 28 41 55 69 74 79 80 85 90
scarify 69 77
schloss 1
swine’s 2 49 53
sminute 55
siphons 23
scooped 13 14 23 33 40 55 69 70 80 86
sunless 10 12 23 57 71 85 92
sonetti 7
sonetto 49
simmons 27 46 70
sedisti 27
storm’s 5 69
storm’d 65
sha’n’t 56 69 71 72
scrawny 5 56 67
scrawls 19 55 78
storage 13 28 35 40 46 53 86
scarlet 1 5 10 11 12 13 14 16 21 23 27 28 30 31 33 34 38 39 42 43 44 46 47 48 49 52 53 55 56 61 71 72 74 77 78 79 84 85 90 94 100
slainte 55
staling 72
saecula 49
snotrag 55
sweetie 37 67
sweetly 1 5 6 10 12 13 16 19 21 22 26 27 33 35 38 39 40 41 44 46 49 50 55 56 59 61 64 66 67 69 71 72 75 76 77 78 79 80 83 84 88 94 99 100
sweny’s 55
sweets. 80
salomon 45 53
stacy’s 56
scareth 26
scarers 26
scraped 5 8 12 13 14 21 27 30 37 39 40 52 53 55 56 59 60 66 68 69 71 72 79 81 88 94
scrapes 27 41 56 75 78 79 82 83 94
scrappy 29 55
squeaky 39 61 79
squeals 13 37 39 55
speaker 3 4 6 10 11 12 13 14 22 26 27 28 29 32 33 35 37 39 40 41 42 45 48 49 55 57 65 66 68 69 71 72 73 74 76 77 78 79 80 81 82 83 84 85 86 89 90 93 94
speakee 60
squeaks 13 55
suluges 53
spear’s 9
seawind 55
sosiety 12
stygias 49
stygian 13 28 49 53 65 77
spirals 12 55
sumpter 26 49 77
sunland 30
storeys 10 37 42 54 55
spirare 49
sumptus 49
skirted 6 10 12 13 18 29 30 34 37 39 40 41 43 52 68 69 74 77 79 81 90
signory 49
signori 7 79
signora 49 79
stormes 45
simmias 80
sarebbe 55
stormed 12 13 27 28 30 37 39 40 51 57 70 76 78 88
scoop’d 65
shrivel 40 55 70
shriven 55
sorel’s 7
squeeze 3 12 13 17 27 28 29 31 34 35 37 39 40 41 44 49 51 55 69 70 71 72 73 76 77 78 79 84 86 93 94
stalled 9 10 13 55 67 72
speakin 78
speakes 98
seaweed 6 12 33 40 46 55 71 79 80 94
samaria 45 99
stalked 6 12 20 21 24 27 28 30 40 47 55 56 65 67 71 78 82 84 85 92 94
segment 28 40 42 85
stalkin 27
seceded 51
schlies 63
swindle 13 39 40 41 42 55
swindon 21
storing 11 27 39 41 48 49 72 78 79 88
storici 7
scarcer 78
stories 1 4 5 6 7 8 10 12 13 14 16 17 18 20 21 22 23 27 28 29 32 33 34 35 37 38 39 40 41 42 43 44 45 46 47 48 49 50 51 52 55 56 60 61 66 67 68 71 72 73 76 77 78 79 80 81 82 83 84 85 88 90 91 94 95 100
storied 12 21 37 40 41 51 79 85 100
scraggy 33 39 40 55 74 90
spakest 9 26
speared 13 22
session 4 12 45 51 71 79
showman 34 42 77
showmen 39
severus 7 49 79
signify 3 7 10 11 12 13 14 16 19 26 28 29 39 41 49 63 66 71 72 73 78 79 81 82 84 88 92 97
slope’s 56
spiring 28
signior 10 49 55
signing 12 17 27 37 39 40 41 47 66 67 68 70 71 72 76 77 78 79 94
severed 1 10 12 13 17 21 26 27 28 39 40 45 46 49 51 54 55 56 77 79 80 84 85 88
severer 27 65 69 80 88 97
spirito 10
seaward 6 18 20 22 31 33 40 46 48 55 60 64 67 76 78
spirits 1 4 5 6 7 10 11 12 14 16 17 18 19 20 21 22 26 27 28 29 32 33 34 36 37 38 39 40 41 42 43 44 45 46 48 49 50 51 52 54 55 56 57 58 60 61 62 65 67 68 69 70 71 72 73 74 76 77 78 79 80 81 82 83 84 85 88 90 91 92 93 94 96 98 99 100
spiritu 55
severe. 71
slarter 91
spirit. 76
scipios 49 77
snubbed 5 12 30 56 68
story’s 29 54 71
several 1 2 3 4 5 6 7 8 9 10 11 12 13 14 15 16 17 18 19 20 21 22 23 24 25 26 27 28 29 30 31 32 33 34 35 36 37 38 39 40 41 42 43 44 45 46 47 48 49 50 51 52 53 54 55 56 57 58 59 60 61 62 63 64 65 66 67 68 69 70 71 72 73 74 75 76 77 78 79 80 81 82 83 84 85 86 87 88 89 90 91 92 93 94 95 96 97 98 99 100
shcherb 39
surname 4 12 14 37 39 41 42 49 55 62 67 68 71 72 76 77 78 79 83 84
scabius 84
stubbly 34 37 57 71 78
stubble 10 12 13 18 22 39 40 45 46 52 55 57 65 71 76 77 94
sappers 12 48
stencil 39 85
spurina 49
stubbed 27
scheins 63
scheint 63
strozzi 49
suiting 10 11 27 32 34 42 49 65 68 77 92 94
schnetz 79
slacker 49 60
slacken 6 11 14 22 39 40 46 49 57 62 73 77 83
slacked 6 28 30 40 60
spitted 12 22 23 72 77 82
spittel 91
swooned 9 23 41 42 44 46 67 68 69 73 76 77 84
spittle 7 12 26 42 44 45 49 55 77
splotch 84
schnell 46
stanzas 10 11 23 40 49 65 69 77 79 88 91
seeonee 33
schemed 16 22
schemer 21 22 43 55
schemes 2 7 11 13 15 16 19 20 22 27 28 39 41 43 47 51 55 60 65 68 70 71 72 73 74 76 77 78 79 80 81 84 85 86 90
sanguin 53
sanguir 53
sanguis 49 65
skilful 1 2 4 7 10 12 14 16 18 22 26 27 28 32 34 38 40 65 68 71 73 76 77 78 79 80 83 84 85 88 89 98
southey 9
shopped 68 94
steward 9 11 12 14 19 27 34 39 40 41 42 45 49 53 60 65 67 68 71 73 77 78 79 80 81 83 85
stewart 30 32 55 81
senibus 49
simon’s 21 39 79
sueldos 77
swarm’d 65
sapping 77
secours 18 49
stimmen 63
suadent 49
spurned 6 10 11 12 14 19 27 40 42 55 71 74 77 84 90 94
suadere 49
snowing 12 16 38 42 60 69 76 78 93
spurns. 13
sabaoth 55
suiteth 45
superbi 49
superis 49
steeles 19
steeled 10 12 17 34 51 55 92
stockin 5
sceanes 98
spicery 53
smasher 12 21
smashes 41 55
smashed 6 10 12 14 18 21 22 30 33 37 39 41 47 48 56 61 67 70 71 72 77 78 81 94
superat 49
superbe 39
stocked 1 4 21 28 39 53 60 65 67 77 78 80 94 97
superne 49
snipe’s 6
sitiens 49
sequuta 49
steerly 13
skyresh 73
sumbdit 53
steerer 14 40 80
steered 6 9 12 14 28 31 32 40 42 46 49 53 55 60 73 74 77 79 81 83 88 90 94
sichere 63
suaveis 49
sichern 63
seagems 55
suavely 21 31 41 46
sherley 83
sahib’s 33
shopmen 26 37 41 48 96
sirring 55
swarmed 6 12 13 27 28 37 39 40 41 42 48 54 55 66 69 70 71 72 76 81 84 91
suavest 46
shopman 4 14 26 39 41 48 55 94
spurred 1 9 10 12 20 27 30 39 40 49 55 72 74 77 79 90
sommers 18
sobbeth 9
sherman 51
sonia’s 37
steeply 30 33 40 46 57
steeple 1 10 12 14 28 37 40 55 57 67 69 71 73 74 76 78 84 85 90 100
spicily 26
sobbing 1 3 4 5 10 12 13 14 18 21 22 23 24 27 30 34 36 37 39 40 41 42 43 44 46 47 48 50 55 57 68 69 70 71 72 76 77 78 79 82 84 93 94
spicing 26
sidling 6 10 14 18 42 55 56 69 73 78 94
steeper 1 16 76
steepen 6
steeped 6 12 13 14 20 29 30 40 41 49 55 60 68 69 71 72 76 78 79 84 92 93 96
stolidi 49
stent’s 48
snigger 21 37 41 55
solidam 49
stewing 13 27 60 78
solidly 12 19 28 30 42 49 79 84
swooped 12 13 22 39 40 46 55 76 78 82 100
stimuli 49
sangsby 78
sophist 15 49 55 80 84
sophism 12 39
swaring 91
sheriff 12 14 28 32 42 51 55 69 70 71 78
solicit 1 2 3 4 5 6 7 8 9 10 11 12 13 14 15 16 17 18 19 20 21 22 23 24 25 26 27 28 29 30 31 32 33 34 35 36 37 38 39 40 41 42 43 44 45 46 47 48 49 50 51 52 53 54 55 56 57 58 59 60 61 63 64 65 66 67 68 69 70 71 72 73 74 75 76 77 78 79 80 81 82 83 84 85 86 87 88 89 90 91 92 93 94 95 96 97 98 99 100
skelter 13 39 40 55 68 94
saidest 26
sangqui 53
spurted 12 26 44 46
shuffle 31 33 40 41 45 49 55 77 78 80
suitors 10 22 38 39 41 49 52 55 65 66 77 78 79 80 84
sniggle 27
shopful 12
shaamed 72
same.80 65
shyness 5 10 11 12 13 14 19 37 39 40 41 42 44 55 56 57 71 94
seconds 1 5 6 10 12 13 14 16 19 21 23 27 29 31 33 34 37 39 40 41 42 43 44 45 46 47 48 49 54 55 56 58 60 65 68 69 70 71 72 76 79 84
secondo 7 53
spiling 70
second. 38 80 84
stentor 65
subiaco 12
selim’s 79
smear’d 65
segesta 12
sophy’s 71
sybaris 12
saporem 49
sangest 88
smohain 12
sherbet 40 55 79 82
spokest 88
spilled 8 12 18 23 39 40 58 66 67 69 76 94
sequins 6 55 79 82
snail’s 18 55 68 71
suicide 1 10 12 13 14 21 23 25 26 28 34 35 37 40 41 46 47 49 51 54 55 65 67 74 78 79 85 90 92
sherard 23
systems 6 10 12 15 16 19 28 37 41 48 49 51 55 63 73 74 77 78 80 82 84 85 86 89 90 91 92 95 96
systeme 45 63
serpunt 49
sophois 65
soliman 12 49 53
suavity 12 27 46 77 78 79 84 94
spangle 71 73 79
skimm’d 65
segnius 49
susan’s 55
sassone 20
silanus 49
saevius 49
saevior 49
sequels 45
saevire 49
sequell 45
sequent 55
sequens 49
stewpan 12
sifting 13 27 28 45 49 53 60 69 77
sayings 7 12 26 27 28 39 41 42 45 49 55 69 72 77 78 79 80 83 84 88 89 92 94
soulard 65
sanghir 53
swarths 65
swarthy 10 14 17 23 26 27 30 39 40 42 51 55 57 69 76 77 78 85 93 94
sausage 13 14 30 37 38 39 41 55 70 71 76 78 94
schmidt 13 39 41
susanna 45
spanked 84
spanker 79
sibuaia 53
spemque 49
shunted 13 55
stoutly 5 11 12 16 20 21 27 30 37 40 41 42 44 47 49 56 68 69 71 77 78 79 80 86 94 98
sailing 4 6 9 10 12 13 14 18 20 21 22 28 32 34 38 39 40 42 46 48 49 51 53 55 60 65 67 69 70 71 73 74 76 77 78 79 80 81 82 83 85 90 93 94
stouter 14 22 39 44 46 52 55 67 68 94
soulful 18 56
strymon 49
sinai’s 55
slave’s 4 12 27 28 32 40 51
sp’iled 6
spaniel 15 43 45 55 68 71 72 73 79
spanish 6 7 9 10 11 12 14 17 18 23 27 28 34 39 40 43 44 45 46 49 50 51 53 55 60 63 69 70 71 72 73 74 77 78 79 81 82 83 84 85 89 90 92 93 94 98
stefano 7
smirked 14 17 19 55
smirkes 67
surfeit 20 28 49 55 77 94 98
stutter 55
sharpen 13 33 39 40 46 49 62 71 72 88 92
sharper 1 8 14 17 22 26 28 29 37 39 40 44 46 49 51 65 67 68 69 71 77 78 83 88 93
sharply 3 5 6 7 10 12 13 14 17 18 21 22 27 28 29 30 31 34 37 38 39 40 41 42 43 44 46 48 49 51 52 54 55 56 57 58 59 61 63 67 68 69 71 72 76 77 78 79 80 84 86 88 92 94
silas’s 10
sloanes 56
segnaly 53
soaping 41 77
sabring 79
smeared 8 12 13 14 22 23 28 37 39 41 42 46 47 48 49 55 67 68 69 76
stomach 4 5 6 8 12 13 14 16 18 19 22 26 27 28 29 30 33 34 35 37 38 39 40 41 42 44 45 49 53 55 56 57 58 60 62 66 68 69 70 71 72 73 77 79 82 84 88 92 93 99
sailors 4 6 12 13 14 15 17 20 22 23 26 27 28 31 40 42 44 46 48 49 53 55 60 65 66 67 69 71 72 73 74 78 79 80 81 82 85 88 90 100
sailor. 79
snipper 98
snipped 55 57 76
skaddle 70
stinger 14
stove’s 35
sabinus 12 49
solitam 49
sluices 12 14 55 65 68
sabines 12 79
scuffle 5 6 10 14 21 26 31 32 33 34 39 49 68 69 71 76 93
saveloy 68 71
savello 49
shunned 10 12 30 32 39 40 49 50 55 57 68 69 71 72 74 76 89 90 94
sharons 55
surface 1 4 6 10 12 13 14 17 18 20 21 22 23 26 27 28 29 30 31 33 34 35 36 37 38 39 40 41 43 44 46 47 48 49 51 53 55 57 60 61 63 65 67 68 69 71 72 73 74 76 77 78 79 80 81 82 83 84 85 87 88 89 90 91 92 93 95 96
someday 36 39 48 56 61 87
spanned 14 40 43 55 56 78 84
shooter 23 33 46
smuggle 70 71 77
soult’s 12
serious 4 5 6 7 9 10 11 12 13 14 15 16 18 19 21 22 23 25 26 27 28 29 31 33 34 36 37 38 39 40 41 42 43 44 45 46 47 48 49 50 51 54 55 56 57 59 60 61 63 65 66 68 71 72 73 74 75 76 77 78 79 80 82 83 84 85 86 89 90 92 93 94 95 96
saint’s 10 39 40 76
skimmer 12
skimmed 6 12 22 28 52 69 70 77 79 93
spisser 98
suffren 12
shebeen 55
serried 10 12 31 39 40 55
stileth 45
sticks. 77
soporem 49
seducer 10 13 19 35 39 41 44
seduces 49 92
swifter 48 49 53 55 56 65 74 77 80 85 90
sticked 66
swiftly 1 4 5 6 8 9 12 13 14 16 17 18 21 22 27 30 31 33 34 35 38 39 40 41 42 43 44 46 47 48 49 54 55 56 58 61 65 67 68 71 76 77 78 79 85 93 94
stickin 5 6 27 72
seahorn 55
seringa 84
seduced 12 13 16 19 22 26 31 37 39 41 44 45 49 55 65 73 77 79 80 82 84 88
scaling 12 55 65 67 71 74 76 79 90 93
songhot 53
soothly 20 51
scoring 26
sumitur 49
scyphus 28
soothed 1 4 5 10 11 12 14 18 21 23 27 28 31 37 39 40 41 46 55 56 65 68 69 71 72 74 76 77 78 79 80 85 88 90 94
soothes 12 40 46 55 64 65 77 79 88 94
soother 71
sighted 6 7 11 12 13 14 16 17 19 22 23 26 37 39 40 41 45 46 48 49 53 57 70 71 73 75 76 77 79 80 88 92 94
suffuse 12
salient 10 12 30 46 48 55
simpers 11 55
skreeky 70
skreeks 93
saucers 5 14 23 27 40 41 42 54 55 57 71 72 76 78
scorn’d 65
scalded 22 27 28 38 48 49 55 56 68 71 73 94
sporran 75
sicilia 53
spada’s 79
suction 12 40 44 55 76 84
suffolk 42 49 51 71 78
stemm’d 65
suleika 26
solyman 49
shesoul 55
sousing 37 65
slugger 13
sybil’s 23
stroaks 45
synonym 12 66 79
sense’s 49
symbols 12 13 18 28 31 35 40 46 54 55 63 65 71 76 78 79 80 83 92
symbole 63
slaking 13 55
sylph’s 10 55
saphead 70
sumachs 28
stedman 27 66
surmise 11 12 16 21 34 37 39 40 41 43 46 55 67 72 76 78 85
stiller 5 10 26 70
stilled 12 14 17 18 22 46 48 51 69 71 77 85 88 99
stokers 40 48
snagsby 78
slaters 12
savours 11 65 67 77 89 92
savoury 22 26 37 40 49 55 60 65 67 74 76 77 78 81 88 90
scachet 53
serrano 53
succeed 4 7 10 11 12 13 14 15 16 18 19 21 22 26 28 29 30 32 34 35 37 38 39 40 41 42 43 44 45 46 47 48 49 51 53 54 55 56 58 65 68 69 71 72 73 74 76 77 78 79 80 81 83 85 88 89 90 92 94 95 98
sported 4 14 26 28 31 40 65 71 79 81
shirted 23 26 70
sinking 1 4 5 10 11 12 13 14 15 16 17 18 21 23 26 27 28 29 30 31 33 34 37 38 39 40 41 43 44 46 48 49 51 54 55 57 60 61 65 67 68 69 70 71 72 73 74 76 77 78 79 81 82 83 84 85 88 89 90 91 92 94
stemmed 20 23 28 56 84
snapped 5 6 8 12 13 14 17 18 21 22 23 27 28 30 31 33 37 38 39 40 41 43 46 47 48 55 56 58 59 66 67 69 70 72 79 93 94 100
snapper 98
segovia 77
spreads 1 12 24 27 28 35 39 40 47 49 51 53 55 65 66 77 78 79 81 83 88 89
shirt15 22
semetip 49
seriage 66
saphire 45
saphiro 55
sighing 3 12 14 16 17 19 21 22 24 26 27 30 35 37 38 39 41 42 46 55 57 58 59 65 69 71 72 76 77 78 79 84 85 88 94
salices 49
sorores 49
scatter 4 6 12 13 14 17 18 23 30 33 39 40 42 46 49 51 55 61 64 65 66 70 76 77 78 83 85 88 93
saincte 53
stevens 39 77
shaking 1 3 5 6 9 10 11 12 13 14 16 17 18 21 23 26 27 28 30 31 33 34 35 36 37 38 39 40 41 42 43 44 46 47 49 50 53 55 56 58 59 60 61 65 66 67 68 69 70 71 72 73 75 76 77 78 79 80 84 85 91 93 94 97 99 100
shakily 31 47
saxonne 20
standum 49
standup 55
shrubby 47
stands. 71
sniffed 5 26 30 34 37 38 39 41 42 44 47 55 56 58 61 77 94
spikers 71
sutures 84
stoking 13 55
standin 5 13 27
stander 40 45 55 65
sericos 49
sheaved 40
sheaves 5 12 39 40 64 65 69 72 73 99
sicians 22
sizzled 13 18
sunning 28 70
stemque 49
specked 74 90
sigheth 9 26 88
scrunch 55 70
sunnily 50
speckle 14
sinketh 26
smooths 55 65 70 78 79
survive 1 2 3 4 5 6 7 8 9 10 11 12 13 14 15 16 17 18 19 20 21 22 23 24 25 26 27 28 29 30 31 32 33 34 35 36 37 38 39 40 41 42 43 44 45 46 47 48 49 50 51 52 53 54 55 56 57 58 59 60 61 63 64 65 66 67 68 69 70 71 72 73 74 75 76 77 78 79 80 81 82 83 84 85 86 87 88 89 90 91 92 93 94 95 96 97 98 99 100
smoothe 40
sniffin 5
sheathe 22 44 65 77 79
sheaths 40 44
skittle 78
special 1 2 3 4 5 6 7 8 9 10 11 12 13 14 15 16 17 18 19 20 21 22 23 24 25 26 27 28 29 30 31 32 33 34 35 36 37 38 39 40 41 42 43 44 45 46 47 48 49 50 51 52 53 54 55 56 57 58 59 60 61 63 64 65 66 67 68 69 70 71 72 73 74 75 76 77 78 79 80 81 82 83 84 85 86 87 88 89 90 91 92 93 94 95 96 97 98 99 100
specify 54 77 79 89
species 6 10 12 14 15 19 26 27 28 31 37 40 41 44 45 46 47 48 49 53 55 56 60 65 68 72 73 74 76 77 78 79 80 81 82 83 84 85 88 89 90 92 95 97 98
speciem 49
shakest 26 49 65
shaketh 26
shakers 40
shirked 10 30 78 94
spiking 39
stilton 16 50 76
stilted 10 12
shirley 56 83 85
scruple 7 10 11 12 16 17 19 22 27 29 31 39 45 49 54 55 60 68 71 72 73 76 77 79 80 81 82 83 84 85 88 89 99
shnuwnh 73
scupper 6 40 79
sheared 76
sheares 55
shearer 45
success 2 4 6 7 10 11 12 13 14 15 16 17 18 19 20 21 22 23 26 27 28 29 31 32 34 35 36 37 39 40 41 42 43 44 45 46 48 49 50 51 52 54 55 56 57 58 59 60 61 63 65 67 68 69 71 72 73 74 75 76 77 78 79 80 81 82 83 84 85 86 89 90 92 93 94 95 97 99 100
shabill 41 55
speling 91
sopping 55
seegars 70
strong. 16 71
saphant 12
savosty 39
surveys 12 28 39 55 60 65 78 95
sabbath 4 10 27 28 32 40 45 48 51 52 53 55 60 69 71 72 73 78 81 82 83 85 88 92 94 99
smarten 39 71 77
smartes 70
smarter 21 35 49 58 70 71 77 94
smarted 42 44 56 71
susie’s 18
shkin’s 39
stannin 70
smartly 6 10 14 17 31 34 37 39 41 42 44 48 55 56 68 71 72 77 78 79 85 91 94
sivilla 53
stuarts 12 17 55 65
strolls 10 12 18 29 50 78 94
savored 12 51
strow’d 65
styrian 1 65
sunwarm 55
sunward 48
skill’d 65
sunnier 55
strokes 6 8 9 10 12 13 14 18 27 30 31 33 36 38 39 40 41 44 49 55 56 60 65 68 69 71 73 77 79 82 83 84 86 94
stroked 5 10 18 23 26 27 39 41 46 71 72 73 77 94
stroke. 38
succiso 65
stanley 32 51 53 55 89
seaport 12 14 40 53 73 77 85
scheria 22
swiping 55
steel’d 65
samunri 53
silkily 55 56
spected 27 70
spectat 49
spectin 27
specter 1 13 29 94
sulffer 91
stansby 9
spectra 45
spectre 4 10 12 14 40 51 52 55 60 65 71 72 74 76 77 78 79 82 84 85 90 93 96
sejanus 49
swain’s 13
scathed 4 10 20 52
scathes 9
scather 20
south’s 51
sargent 12 55 91
soubise 12
sumatra 40 53
spelled 12 13 51 53 56 75 92
strophe 12
speller 14
succumb 26 39 48 49 69 89 92
spellin 5
seniors 28 33 39 40 65 73
spelman 51
spits26 22
schwarz 55 63
snifter 69
steep’d 65
schwach 37
stubb’s 40
scrubby 78 85
smerdoz 55
samurai 66
sodales 84
succour 9 10 19 37 44 45 49 65 72 74 76 77 88 90
shaster 40
svirbey 37
spitz’s 30
skillet 27 28 69 70
skilled 1 12 13 14 22 27 28 34 39 49 51 53 65 70 71 73 77 79 80 83 85 88
soutane 55
spurn’d 65
stocado 98
stonily 14 31 39 50 55 56
stoning 12 26 27 55 77
stonied 9
spliced 40 69
splices 86
shelby. 27
subsoil 12
styling 49 79
stylish 10 18 19 37 39 41 42 55 56
sorrows 3 4 10 12 13 19 20 22 23 24 26 27 31 32 33 38 39 40 44 45 46 49 51 55 56 59 60 65 67 68 69 70 71 72 73 74 76 77 78 79 80 81 82 84 85 88 90 94 99
sorrow. 80
selle’s 65
sentest 88
shadder 46 69
spindle 38 39 40 52 55 60 65 77 78 80
spindly 59
stowage 40 71
stephen 12 27 49 55 70 79 83 87
spouses 49 55 65
setanta 53
spiegel 63
skinned 10 13 20 21 22 27 28 31 33 35 37 41 44 51 66 69 70 72 77 78 79
spinach 55 78
sentiat 49
sawlogs 70
studfee 55
shame’s 27
strifes 88 97
strife. 56
spouter 40
spouted 6 12 26 30 40 73
student 8 12 13 14 20 22 26 28 34 35 36 37 38 39 40 41 43 46 48 49 50 51 53 54 55 56 57 62 65 71 73 74 76 77 79 80 84 88 89 90 92 94 95 98 100
sitting 1 3 4 5 6 8 9 10 11 12 13 14 15 16 17 18 19 20 21 22 23 24 25 26 27 28 29 30 31 33 34 35 36 37 38 39 40 41 42 43 44 45 46 47 48 49 50 51 54 55 56 57 58 59 60 61 65 66 67 68 69 70 71 72 73 74 75 76 77 78 79 80 82 83 84 85 87 88 90 92 93 94 95 97 98 99 100
sudaria 23
stones. 38
shell’s 5
surging 10 13 20 26 27 30 37 40 41 44 46 48 51 55 65 66 76 77
swathed 10 12 13 23 26 40 42 43 55 57 67 71 77
sinuous 12 26 46 48 55 69
skinker 20
sapiunt 49
sputter 13 49 60 86
snake’s 26 33 40
shortly 1 4 5 6 7 9 10 11 12 13 14 16 17 19 21 22 26 27 28 29 30 31 33 34 36 37 39 40 41 42 43 44 46 48 49 50 51 52 53 55 56 57 63 66 67 68 69 71 74 76 77 78 79 80 81 84 85 88 89 90 91 92 95 98 99
strikes 4 6 10 12 13 14 16 18 19 20 21 22 25 26 27 28 29 31 33 34 36 37 38 39 40 41 43 45 46 48 49 50 53 55 59 65 66 68 70 71 72 73 75 76 77 78 79 80 84 88 92 94 95 98
shorten 9 11 16 19 22 29 39 49 55 56 60 68 69 73 77 78 79 81 86 92 94
shorter 1 3 5 10 11 12 13 14 17 20 21 22 27 28 29 30 37 39 41 43 44 45 46 49 53 55 56 60 65 66 68 69 71 72 73 77 78 79 80 82 83 84 85 88 92 94 97
shorted 9
spinels 23
seymour 55 56
sanjaks 7
spielen 63
skulked 68 72
skulker 72
studium 63
stumble 12 13 14 15 18 22 24 26 27 28 40 41 45 47 48 49 64 67 72 73 77 78 80 88
studios 12
sittest 26 77 88
sitters 13 14 16 20 23
sitteth 26 40 45 48 55 88
studier 11 97
studies 1 7 8 10 11 12 13 14 18 19 21 27 28 29 34 37 39 40 41 43 44 45 46 49 51 54 55 56 57 59 62 67 69 71 72 73 74 77 78 79 80 83 84 85 88 90 94 95 98
studied 6 10 11 12 13 14 16 18 19 21 22 26 27 28 29 37 38 39 40 41 42 44 45 46 48 49 50 51 52 54 55 56 60 67 68 70 71 72 73 74 76 77 78 79 80 83 84 85 88 89 90 92 94 95
slidder 55
shade’s 14
skulled 40
smith’s 14 16 19 22 32 38 48 55 76
sliders 78 83
serapis 49
stripes 4 21 26 27 28 32 34 37 38 39 45 46 48 53 55 61 67 70 71 77 81 85 88
striped 5 10 13 23 27 28 31 33 37 39 41 53 55 56 68 69 70 71 79 81 84
sideway 40 57
sevinty 91
summer. 38
summers 4 18 23 24 27 28 30 40 51 56 66 73 74 79 90
summery 28
stowing 13 17 22 27 32 40 55 68 71 72 77
sanitas 98
surpris 83
stepped 1 4 5 6 8 9 10 11 12 13 14 17 18 19 20 21 22 23 26 27 28 30 31 32 33 34 35 37 38 39 40 41 42 43 44 46 47 48 49 51 53 54 55 56 57 59 60 61 66 67 68 69 70 71 72 73 74 76 77 78 79 82 84 85 87 90 94 96 99
steppes 28 39 41
stepper 20
silva’s 77
seipsos 49
sneaked 31 43 69 70 71 78
sovrano 55
slanted 14 28 30 42 55 57 70 71 84
soignes 12
sicania 22
strip56 22
sguardo 55
strings 3 4 5 9 10 12 13 14 17 20 22 23 27 28 29 30 31 34 39 40 43 45 46 47 49 52 53 55 56 60 61 63 64 65 66 69 70 71 73 76 77 78 79 80 84 85 88 94
stringy 5 10 13 30 40 51
slotted 55
sizar’s 55 72
salanka 55
spinoza 12 40 55 79 92 95
surplus 13 14 39 40 51 54 55 59 71 80 81 92 93 96
satzgef 63
sliding 6 10 12 13 21 27 28 31 39 40 42 44 47 48 49 55 56 58 59 60 66 69 70 71 72 78 79
salamis 45 49 65 77 80
siderum 49
salamed 40
syrians 45
sta’ted 39
summary 12 14 27 40 53 65 68 71 73 78 79 83 84 94
shallop 79
shallow 4 6 12 14 18 22 23 26 28 29 30 31 37 39 40 41 42 47 48 49 50 51 53 55 66 68 69 70 71 72 73 75 76 78 84 85 92
scelera 49
sceleri 49
seranno 53
subsunt 49
stigand 3
sleep’s 49 65
spinner 51
surgunt 49
siopold 55
sizable 27 28
squalid 12 13 21 22 42 49 55 57 68 74 76 78 80 90
seville 28 34 41 53 77
sevilla 53
screech 12 17 27 28 31 46 52 53 54 55 68
screens 11 12 13 17 19 33 39 49 55 56 66 67 78
squalor 13 51 55 68 76 78
squally 14 22 40
squalls 6 12 22 34 40 43 46 53 55 77
squares 7 8 10 12 23 28 29 33 34 35 37 39 40 43 48 49 51 55 60 68 71 72 73 76 77 78 80 82 83
squarer 10
squared 1 13 14 29 38 39 40 42 70 78 80
seignor 12
salaams 5 77
shoring 12
sworded 9
sevigne 49
scaurus 49
squashy 33
syringe 44 49 55
sidente 12
sleet’s 40
soareth 26
soundly 1 5 10 12 13 14 18 20 22 26 27 30 37 38 39 41 44 46 49 52 55 56 60 61 68 69 71 72 73 74 76 77 78 79 81 83 84 88 90 92
sounder 49 56 65 73 77 78 85 88
sounded 1 3 4 5 6 10 12 13 14 16 17 18 21 23 26 27 28 29 30 31 33 34 35 37 38 39 40 41 42 43 45 46 48 49 50 54 55 56 57 58 59 61 66 67 68 69 70 71 72 73 74 76 77 78 79 81 84 85 88 90 92 93 94 100
summons 1 4 6 9 10 11 12 16 18 19 20 21 22 28 32 34 37 38 39 40 41 42 43 46 54 55 64 65 68 71 72 76 77 78 79 80 81 83 84 85 97
screams 1 4 5 10 13 14 19 21 22 27 28 32 34 35 36 37 38 39 40 41 43 44 46 48 54 55 59 77 78 79 84 85 96
slender 1 5 10 12 14 18 20 24 26 27 28 30 31 35 38 39 40 41 42 44 46 47 48 49 51 53 55 56 60 61 65 66 67 69 71 72 73 76 78 79 80 81 83 84 85 92 94 98 100
sensual 4 10 12 13 23 26 28 35 37 39 41 44 46 49 54 76 80 85 92
sinless 10 20 37 41 85
strivin 27
sleeker 14 39
striven 10 22 39 40 41 51 71 76 79 85
strives 12 26 28 40 41 49 51 55 65 77 88 92 95 98
striver 26
strived 84
spagnia 53
sapient 77
sapiens 49
stumped 33 40 70 71 94
snakish 21
stumpin 27
stipend 7 12 65 68 71 72 88
slivers 20 27 33
smiting 9 13 20 23 34 37 40 55 68 71 72 76 77 80 85 88
summing 12 14 31 45 56 67 78 84 88 92
scettro 53
summits 6 10 12 19 22 26 34 39 40 42 48 55 64 65 74 76 78 84 90
squawks 5
slimmer 55
snugger 26
skylark 5 10 24 36 64 71
smellow 55
smellin 5
swishes 55
swished 70
sleep64 22
smelled 9 12 13 18 25 28 30 35 39 41 46 56 60 61 66 94
soaring 12 14 22 26 28 29 39 48 49 55 56 65 71 74 77 78 88 90 92
simpson 13 19
shackly 69 70
shackle 4 35
salable 28 51 70 77
salabos 53
squshed 70
subtile 15 28 40 45 55 85 88
slouchy 55
sleeper 10 13 17 21 26 27 28 38 40 41 43 44 49 54 55 61 68 71 72 74 76 77 78 79 84 86 88 90
society 1 4 7 10 11 12 13 14 15 16 17 18 19 21 23 25 26 27 28 29 30 31 32 34 36 37 39 40 41 42 43 44 45 46 47 49 50 51 53 54 55 56 60 63 65 66 67 68 69 71 72 73 74 75 76 77 78 79 80 81 82 83 84 85 88 89 90 92 94 95 96 97 100
shishak 45
schools 4 10 12 13 14 21 23 27 28 30 38 39 40 41 44 45 48 49 50 51 53 55 56 66 69 73 74 75 77 78 80 81 83 84 85 88 89 90 92 94 95 96 98
schoole 45
school. 38 44 71
straits 6 9 12 20 22 27 39 40 41 42 46 49 53 55 60 65 73 77 79 82
strait. 77
scorner 26
strains 10 12 13 18 19 26 27 28 39 40 41 49 51 55 56 57 65 68 77 78 79 80
strain. 80
scorned 4 7 9 10 11 12 13 16 27 28 33 35 38 41 45 49 51 55 56 66 72 76 77 78 85 88 94
sleepin 55 94
scalped 69 70
siberia 10 12 13 28 37 39 40 41 79 89
swaller 40 69 70
sincere 2 4 7 10 11 12 13 14 16 18 19 27 28 31 32 36 37 39 41 42 43 44 45 47 49 50 51 53 54 55 56 60 65 66 69 71 72 73 74 75 76 77 78 79 81 82 83 84 85 89 90 92 94
shuyten 31
soviunt 49
saucily 34 61
swallow 3 4 5 6 10 12 14 19 20 22 26 28 31 32 37 38 39 40 41 43 44 45 46 49 51 52 54 55 56 59 60 65 66 68 70 71 72 73 74 76 77 78 79 81 85 90 93 94 99 100
stain’d 65
skeeter 27
saucier 72
sidedly 39
socrate 49
slewest 9
scorpio 40 49 83
shekels 55
subtler 26 28 30 40 92
sillier 77
sillies 17 37
skeered 27
skewers 22 40
salinas 22
senates 73
stray’d 65
sainval 12
strange 1 3 4 5 6 7 8 9 10 11 12 13 14 15 16 17 18 19 20 21 22 23 25 26 27 28 29 30 31 32 33 34 35 36 37 38 39 40 41 42 43 44 45 46 47 48 49 51 52 53 54 55 56 57 60 61 65 66 67 68 69 70 71 72 73 74 75 76 77 78 79 80 81 82 83 84 85 87 88 89 90 92 93 94 95 97 98 99 100
strands 8 12 18 28 39 40 55 57 65
senator 4 7 9 12 13 27 39 49 51 67 69 73 78 79 81 82 88
sloughs 28 76
swett’s 67
skyline 34 39 55
scholar 6 8 10 12 13 14 16 20 23 26 28 30 33 35 40 41 42 44 45 46 49 51 55 56 60 64 65 66 71 72 76 77 78 79 82 83 84 85 88 92 94 98 100
smelted 28
scholia 65
slewing 40
saintly 12 34 41 43 51 66 74 76 85 90 94
scallop 33 55
simple. 71
sintram 94
sintran 94
sleeves 5 11 12 13 14 18 21 22 23 27 28 31 32 38 39 40 41 42 43 44 46 47 48 51 52 53 55 56 60 62 66 67 68 69 70 71 72 73 76 77 78 79 94
sleeved 44 56 78
sleeve. 38
scissor 10 38
sainted 12 20 34 41 55 77 78 85
saintet 12
simplex 49 63
simpler 9 17 21 28 35 37 39 41 49 55 63 65 74 77 80 90 92 94 95
simples 28 38 49 55 63 65 79 85
scholos 65
sensing 35
simplon 44
smelter 14
stoop’d 65
smitten 6 9 10 12 13 19 20 23 26 28 29 37 40 49 51 52 55 56 69 72 73 74 77 78 79 84 85 90 94
shatter 18 20 26 39 55 56 64 77 83 88 92
straked 9
subthig 68
schoner 53
senault 12
satyric 92
stoodst 26 77
satyres 45
senatui 97
senatum 97
senatus 45 49
stooder 55
snaring 20 22 28
saddish 70
salting 13 16 77
stagger 6 12 13 21 22 30 32 39 40 41 43 48 49 51 54 68 70 71 79 82 93 94
scrolls 10 22 40 49 55 67 78
savings 12 13 14 19 37 41 51 56 57 68 71 80 94
sciurus 28
scanned 12 18 22 23 29 37 39 40 41 44 47 51 55 57 66 69 77 79 84
soullet 26
skysail 40
simrock 20
seasons 7 10 12 13 14 18 19 20 22 27 28 30 32 33 35 37 40 41 42 43 45 48 49 56 60 64 65 69 71 72 74 76 77 78 79 80 81 83 85 88 90 92 94 97
spawned 40
seeable 94
swashed 33
sacques 10
stinker 13
seizure 1 12 16 19 28 39 40 51 71 73 74 77 78 84 90
spotted 12 13 19 21 22 23 26 27 28 31 33 34 39 40 41 42 43 48 49 53 55 60 61 65 67 69 70 71 77 79 84 85 93
suverin 41
stagers 55
stages. 21
shillin 4 46
silence 1 3 4 5 6 7 8 10 11 12 13 14 15 16 17 18 19 21 22 23 26 27 28 29 30 31 32 33 34 35 36 37 38 39 40 41 42 43 44 45 46 47 48 49 51 52 54 55 56 57 59 60 64 65 66 67 68 69 71 72 73 74 75 76 77 78 79 80 82 83 84 85 86 88 89 90 91 92 93 94 97 100
settees 40 41 55
subitae 49
seldens 45
settere 53
settest 77 88
stryver 76
snarled 12 13 17 21 30 33 38 39 41 46 54 55 58 66 72 77 78 86 94
snarles 40
saville 74 90
silenus 12 23 41 77 80
solaces 12 40 77 78 88
solaced 11 12 60 77 78
subitum 49
sibyl’s 23
samorim 53
somehow 1 3 4 5 8 10 11 13 14 16 17 18 19 21 23 27 29 30 31 32 33 34 35 37 39 40 41 44 46 47 50 51 54 55 56 58 66 67 68 69 70 71 72 76 77 78 79 80 81 83 84 92 93 94 100
saltero 83
spiders 12 14 26 28 37 41 46 49 68 70 73 78 79 94
spidery 67 70
scrooge 93
swopped 41 72
speeeed 55
scott’s 27 42 77
scotici 97
segredo 53
slaveys 55
saddler 14
saddles 4 7 9 12 21 26 27 33 39 46 49 55 72 76 77 82
sulphur 10 12 22 23 25 28 39 40 41 43 47 55 65 76 77 79 82 84
slavery 4 7 9 10 12 13 14 15 16 18 22 23 26 27 28 32 39 40 41 45 46 49 51 54 60 61 70 71 73 74 76 80 81 82 83 88 89 90 92 96 97
secanda 49
sulpice 12 79
soprano 42 55 67 79
saddled 6 9 39 49 68 69 70 72 77 78 79 82
subrius 49
slammed 5 6 12 21 26 30 34 37 39 41 46 48 55 56 57 59 66 67 70 72 78 94
septyni 13
stefnan 20
soapsun 55
saviour 10 12 15 18 21 26 27 37 39 41 45 55 60 65 71 74 76 78 79 80 81 82 88 90 98
saardam 52
saviors 12 41
satan’s 4 27 40 54 85
sprouts 28 40
simious 34
saltire 70
samovar 37 39 41
somnium 49 80
somniis 49
spencer 12 16 26 55 56 71 76 78 89 92
sedendo 53
sirdars 55
subruat 49
satiric 29
sarafan 41
someone 1 3 5 6 7 11 13 17 21 22 29 33 34 35 36 37 38 39 42 43 44 46 47 48 51 55 56 59 61 62 63 66 67 71 74 77 79 83 92 94
satires 12 49 50 65 71 77 83
slavish 10 15 29 37 40 41 49 50 65 72 73 80 88 96 97
stinted 9 10 44 46 49
scaneos 53
slaving 10 14 42 50 55 57 80 81
symmons 81
sonitum 49
sonitus 49
spendor 18
sickles 26 65
somerel 12
subacta 49
serting 91
similar 1 4 7 10 11 12 13 14 15 16 18 19 21 23 26 27 28 30 32 34 35 37 39 40 41 42 43 44 45 46 47 48 49 51 53 54 55 56 59 62 63 65 68 69 71 72 74 75 76 77 78 79 80 81 82 83 84 85 86 87 89 90 92 93 95 96
softens 41 44 48 49 55 65 68 77 94
similis 49
similes 13 26 40 63 65 71 73
stuckup 55
softest 10 16 18 24 33 40 44 52 65 70 71 73 77 79
simille 53
sawmill 56 57 70
sauvons 12
saracen 9 23 55 65
seasick 55 56
seaside 3 5 9 16 38 44 55 60 73 75 79 94
seizing 7 10 11 12 13 14 17 18 20 22 23 26 27 28 29 34 37 38 39 40 41 42 44 46 49 51 54 56 60 65 68 71 72 73 74 76 77 78 79 80 84 89 90 92 94
saddens 28 65 85 94
sixties 51 76
solange 63
saddest 10 20 21 36 40 43 46 51 55 56 66 68 72 74 77 80 85 90
scillas 55
sixtine 12
solamen 98
sawdust 12 13 14 23 28 42 48 53 55 57 61 67 70 78 86
stinxit 49
sickish 34
sevasty 39
s’death 17
staples 21 28 70 73 79 81 84
sixthly 2 12 37 45 55
shaving 6 12 14 21 27 28 39 46 49 55 57 71 77 81 93
somever 9
sidonia 22 53
sowcunt 55
situate 14 49 55 60
stomped 70
swerved 1 12 23 31 39 40 42 48 49 55 57 71 72 73
swerves 55
scancos 53
slicing 69 78
savigny 12
scann’d 65
stoving 6
smatter 81
scandal 12 13 18 21 22 23 31 37 39 41 42 43 44 46 49 54 55 65 66 67 68 71 72 73 75 77 79 81 82 83 85 89
spoleto 55
shelves 3 8 11 12 13 14 21 23 27 28 40 42 46 47 49 52 55 56 57 60 67 68 71 76 78 79 82 84 85 93 94
shelved 26
shampoo 55
satisfi 12 18 83
satisfy 1 4 5 7 10 11 12 13 14 16 18 19 21 26 27 28 29 32 34 35 37 38 39 40 41 42 43 44 46 47 48 49 50 51 53 54 55 57 60 63 64 65 67 68 69 71 72 73 74 75 76 77 78 79 80 81 83 84 85 88 89 90 92 94 95 97 98 99
siestas 77
sledded 28 30 55
soonest 9 14 22 28 40 49 71 78 80 94
seizeth 26
shammed 41
solaque 49
shammie 83
seeress 64
speweth 26
sixteen 4 5 9 10 11 12 13 14 15 16 19 21 22 23 27 28 30 31 32 37 39 40 41 48 49 51 53 55 56 59 60 65 67 70 71 72 73 74 77 78 79 81 82 84 87 90 94
sarah’s 14 71
shelton 55 77
spenlow 71
subject 1 2 3 4 5 6 7 8 9 10 11 12 13 14 15 16 17 18 19 20 21 22 23 24 25 26 27 28 29 30 31 32 33 34 35 36 37 38 39 40 41 42 43 44 45 46 47 48 49 50 51 52 53 54 55 56 57 58 59 60 61 62 63 64 65 66 67 68 69 70 71 72 73 74 75 76 77 78 79 80 81 82 83 84 85 86 87 88 89 90 91 92 93 94 95 96 97 98 99 100
slicked 55 69
shelter 4 6 7 10 12 13 14 16 18 19 20 21 22 26 27 28 29 30 31 32 34 35 36 37 38 39 41 42 43 46 47 48 49 50 51 54 55 57 58 60 64 65 68 69 71 72 73 74 76 77 78 79 80 81 82 83 84 85 88 90 94 99
someway 18 37 42 51 55 79
subjekt 63
sickens 10 18 23 46 51 78
sickest 70
seasand 55
staying 4 5 6 10 11 13 16 17 18 19 20 21 22 23 26 27 28 30 32 34 35 37 38 39 40 41 42 43 44 46 47 48 49 53 55 56 59 60 62 66 67 68 70 71 72 75 76 77 78 79 81 83 94 98 100
slurred 21 35 41
sachiez 39
supper. 38
sopitos 49
solatia 49
shavers 71
sirloin 12 73 77
sledges 41 74 90
suppest 9
suppers 4 6 16 22 27 38 39 41 42 43 49 51 71 76 77 82 94
suppert 39
sucesos 53
son.121 22
stultum 49
suivais 10
shadowy 1 5 10 12 13 14 18 20 22 26 27 28 31 34 40 43 46 47 48 51 52 56 57 65 67 68 71 76 77 78 80 84 85 88 90 93 94
shadows 1 4 8 10 12 13 14 17 18 20 21 22 23 24 26 27 28 30 31 33 39 40 41 42 43 46 47 48 49 51 52 55 56 57 58 64 65 66 67 68 69 70 71 72 74 76 77 78 79 80 82 84 85 86 88 90 92 93 94
shaming 70 76 77
spewing 20 26
sickbed 55 74
sim’lar 71
sentrey 91
sesoeur 18
swabbed 6 69
selleth 45
sellers 19 39 42 45 55 79 80 85 88 89
sakoski 12
sorrers 70
stone’s 19 39 40 60 77
serbian 63
siborne 12
skaguay 30
stagyra 49
selling 4 6 10 12 13 18 22 27 28 37 39 40 41 45 48 49 50 51 53 55 56 61 64 66 67 69 70 73 76 77 78 79 80 81 82 83 88 89 91 94 96 97
stiffly 5 6 10 11 12 13 14 17 19 27 33 37 39 40 41 42 44 49 55 56 57 58 61 67 68 71 75 77 78 88 94
snuffed 10 12 13 20 33 40 45 53 58 68 71 72 76 78 79 93
snuffer 71
stiffer 5 44 84 92
stiffen 29 32 39 40 44 55 61 79 85
sejunct 55
snuffle 27 42 69
surgeon 6 9 10 12 13 14 21 30 34 39 40 41 42 43 46 48 49 53 54 55 60 68 71 73 74 76 77 78 79 81 82 83 85 90
surgere 49
surgery 27 37 43 49 51 53 55 71 78 84
satiate 46 49 65 74 88 90
satiata 49 84
smacked 12 14 17 26 34 38 39 42 44 58 68 72 76 77 79
skuttle 78
stowe’s 27 40
silvius 49
sauvage 12
screwin 48
smackin 40
sansara 35
squirms 55
salazar 77
shelley 42 55 66 74 90 92
shelled 48 49 56
seltzer 23
shellac 12
stifles 39 49
stifled 4 10 12 13 14 23 29 36 37 39 40 49 50 55 57 66 68 71 72 73 76 78 79 83 84 85 92 94
squirts 31
staysed 55
shamest 9
shameth 9
squires 9 14 34 39 40 43 65 77 96
schylus 12 28 51 65
soumise 12
shading 8 14 21 27 39 40 51 65 67 68 71 78
sindged 45
shamble 40
squinty 55
sorrisi 65
squints 55
subside 6 10 14 16 37 39 44 54 56 65 68 71 78 81 84 85 90 94
subjoin 4 11 15 55 71
surpass 10 11 16 19 22 23 26 28 40 44 49 56 65 77 79 84 94
suzette 12
scavoir 49
sorrier 5 17 23 27 77
subsist 6 11 12 19 32 45 48 49 55 71 74 83 88 90 95 97
spenser 28
suppose 1 3 4 5 6 9 10 11 12 13 14 15 16 17 18 19 20 21 22 23 25 26 27 28 29 30 31 32 33 34 36 37 38 39 40 41 42 43 44 45 46 47 48 49 50 51 53 54 55 56 57 58 59 60 61 63 65 66 67 68 69 70 71 72 73 74 75 76 77 78 79 80 81 83 84 85 88 89 90 91 92 93 94 95 97 98 99 100
support 1 2 3 4 5 6 7 8 9 10 11 12 13 14 15 16 17 18 19 20 21 22 23 24 25 26 27 28 29 30 31 32 33 34 35 36 37 38 39 40 41 42 43 44 45 46 47 48 49 50 51 52 53 54 55 56 57 58 59 60 61 63 64 65 66 67 68 69 70 71 72 73 74 75 76 77 78 79 80 81 82 83 84 85 86 87 88 89 90 91 92 93 94 95 96 97 98 99 100
slander 9 10 12 13 23 26 37 39 41 45 49 55 60 67 72 77 78 79 80 82 92 93
sxvitia 49
spine’s 40 55
secrecy 1 4 5 7 10 11 12 14 16 19 21 23 24 26 28 30 31 39 40 41 42 43 44 45 46 49 55 60 66 67 68 69 71 76 77 78 79 84 85 89 92 94
subanin 53
subanim 53
suivant 23
subanon 53
satiety 10 12 26 40 44 49 65 77 80 88 92
silver. 38 77 80
secret. 21 71
sigaeum 65
swearer 32 45 49
stepp’d 65
secrets 4 5 7 8 10 11 12 14 16 18 19 21 23 26 28 31 33 34 35 36 37 39 40 41 42 43 44 45 46 49 54 55 56 58 64 65 67 68 69 70 71 72 73 74 75 76 77 78 79 80 81 83 84 85 88 90 93 94 98 100
studded 5 10 12 14 22 23 27 37 40 46 55 61 65 77 79 84 85
souvent 10
secresy 16
secreto 42 55
secreti 49
secrete 5 10 76 84
secreta 49
swearin 27
skiff’s 69
strides 9 12 13 14 17 18 20 23 28 33 34 35 39 40 41 47 48 49 55 57 59 60 61 65 68 72 73 78 79 84
sustain 4 7 10 12 15 27 28 32 40 44 45 49 65 66 71 72 73 74 76 77 78 79 84 85 90 94 99
silvery 1 6 10 12 13 14 26 27 28 30 31 32 38 39 40 46 47 48 50 51 54 55 56 61 65 66 71 72 78 79 84 94
skyblue 55
scaea’s 65
stricta 28
skinsky 46
stone98 22
striche 63
sentire 49
scamper 27 42 55 68 69 72 78 83 85
smaller 3 5 6 7 8 10 12 13 14 15 16 17 19 21 22 26 27 28 29 33 34 37 38 39 40 41 42 43 44 45 46 47 48 49 50 51 52 53 54 55 56 57 58 59 60 65 67 68 69 71 73 76 77 78 79 80 81 83 84 85 88 89 93 97 99
supping 12 39 48 55 76 77 79 82 83
sweater 17 30 62
sweated 23 31 39 42 46 49 53 55 69 70 77 82
spolute 9
swirled 33 46
semper. 49
screwed 4 6 12 14 16 33 37 38 39 40 41 42 44 46 48 54 55 56 68 70 71 72 73 76 78 79 84 94
sindbad 71
seek’st 65
shades. 80
shaderd 91
sagging 55 57
stoer’s 55
schivar 49
slaying 9 12 20 26 30 33 39 45 65 77 80 82 88
sottish 21 34 41 42 49 66
sottise 84
slapped 5 6 10 12 14 21 27 31 33 34 37 39 40 41 42 46 55 56 61 66 67 68 71 72 94
stabb’d 65
sprains 40
sotting 83
slappin 40
skunked 55
sadness 4 8 10 12 14 19 20 23 26 28 29 32 35 37 38 39 40 41 42 43 46 49 54 55 57 64 65 66 67 68 69 71 72 74 76 77 79 85 88 90 92 94
sign’st 65
seem’th 26
seem’st 40 65
sternen 10
sterner 1 10 21 37 41 46 67 68 72 76 80 84 92
soldier 3 4 6 7 10 12 13 14 15 18 19 20 21 22 28 30 33 37 38 39 41 42 43 46 48 49 51 53 55 61 62 65 66 67 68 69 70 71 72 73 74 76 77 78 79 80 81 82 83 84 85 88 89 90 91 94 97
sternly 1 3 5 6 10 13 14 17 21 22 23 26 27 34 37 39 40 41 43 44 46 50 54 55 56 57 58 65 68 71 72 75 76 77 78 79 80 84 85 93 94 100
staates 26
siameni 53
sterned 40
siamese 40 53 55 71 82
sallows 60
section 1 2 3 4 5 6 7 8 9 10 11 12 13 14 15 16 17 18 19 20 21 22 23 24 25 26 27 28 29 30 31 32 33 34 35 36 37 38 39 40 41 42 43 44 45 46 47 48 49 50 51 52 53 54 55 56 57 58 59 60 61 62 63 64 65 66 67 68 69 70 71 72 73 74 75 76 77 78 79 80 81 82 83 84 85 86 87 88 89 90 91 92 93 94 95 96 97 98 99 100
sorcery 9 33 37 40 41 77 84
sprague 55 69
seattle 30
seminis 49 55
scoured 10 18 27 40 49 51 52 68 69 70 72 77 79
scourge 4 10 12 13 14 26 27 28 39 41 49 55 64 65 73 74 77 79 82 84 85 88 90 99
spain’s 55 77
seminal 40 44 55 73
sancho. 77
sterlet 39 79
scourie 17
savathi 35
sanchos 77
shimmer 10 18 56 85
soirees 39 50
stertit 49
swosser 78
schiraz 84
sventsy 39
sondang 53
shivers 1 9 12 14 17 28 35 37 39 40 41 65 70 72 77 78 85
shivery 27 55
suburbs 12 18 34 40 42 45 48 49 55 68 78 92 93
sallust 49 55
shocked 1 6 10 11 12 13 16 17 18 19 21 22 27 29 31 32 35 37 38 39 40 41 43 44 46 50 54 55 56 57 59 60 61 65 66 67 68 70 71 72 75 76 78 79 81 82 85 94
seats.3 22
skippin 5
scented 5 6 12 14 18 23 26 27 28 30 31 37 39 40 41 42 49 55 56 66 70 71 72 77 78 79 84 94
skipper 6 31 40 46 55 60 67 68 73 78 82
skipped 5 6 10 12 13 14 17 33 37 38 39 41 42 51 52 55 56 66 69 70 71 77 81 85 94 99
sunsets 12 27 40 55 56 92 94
schisme 45
schisms 49 73
setlist 63
sextile 83
sospite 84
sospiri 84
sextius 49
sagrada 55
setling 45
siculus 49
stopped 1 3 4 5 6 7 8 10 11 12 13 14 16 17 18 19 21 22 23 25 26 27 28 29 30 31 32 33 34 35 37 38 39 40 41 42 43 44 46 47 48 49 50 51 53 54 55 56 57 58 59 60 61 64 66 67 68 69 70 71 72 73 74 75 76 77 78 79 80 81 82 83 84 88 90 92 93 94 99 100
stopper 55 69 70 71 79
selects 10 12 13 23 55 84
scougin 40
siculae 49
sallins 55
scutari 82
sondern 63
solvere 49
sallied 1 4 6 11 13 22 27 40 44 49 51 52 55 59 60 68 69 72 77 93 94
solvent 55 78 79
savants 13 53
sallies 12 21 40 41 49 55 68 71 74 77 78 90
smolder 13
sendoff 55
swandam 21
soaking 6 10 14 28 37 44 71 79 86
sloegin 55
smocked 23
schrift 63
schione 53
sheep’s 12 26 38 40 55 68 77
sparely 12 14 71 72
sultans 79
sultana 12 27 71
samples 27 39 55 59 71 72 76 79 80 94 95
sparest 56
spareth 26
sanchez 53
sartain 40
sally’s 27 68
sympson 73
soupcon 94
shrouds 6 12 40 46 49 53 65 68 76 79 81
sampson 56 99
sparkle 4 5 8 12 18 26 27 28 39 44 49 56 61 65 68 71 72 78 79 84 94
sekrett 91
symptom 1 4 11 12 19 21 29 34 37 40 41 43 44 46 49 52 55 59 63 65 71 85 92
sprawly 14 17
sprawls 55 78 92
swedish 20 39 40 43 48 55 63
solving 13 26 27 34 39 66 76 79 84 85 88 95
stabbed 10 12 13 14 16 17 18 21 23 31 34 37 38 39 40 41 48 49 53 66 71 77 78 79 82 94 99
shawled 23 55
seating 5 10 12 13 18 19 27 34 37 39 40 41 42 44 49 51 68 71 74 77 78 79 90 94
subdita 28
spooney 14 71
spooned 14
subdu’d 49
sabered 39
sparing 7 9 12 13 18 26 27 29 37 39 40 45 48 49 60 65 71 72 76 77 78 97
shock’d 65
savages 2 4 6 12 13 15 17 22 23 26 27 28 30 31 40 41 43 45 47 49 50 53 55 60 65 69 71 72 73 76 79 81 82 83 89
scenery 1 5 10 12 19 21 23 27 28 39 40 42 43 44 48 55 66 70 71 72 74 78 84 85 90 94
sarssin 4
scolded 3 4 6 10 11 12 13 16 18 19 22 27 33 37 38 39 41 42 44 46 49 50 55 56 58 66 67 70 71 72 78 94
swanked 50
stirr’d 65
schiffe 55
surance 9
sepulta 49
smollet 46
steamer 14 18 21 23 27 30 31 33 36 37 40 48 66 69 79 94
steamed 10 13 21 31 39 76 78
stealth 4 14 16 27 39 43 45 49 65 71 73 74 76 77 80 81 88 90
subdued 3 4 10 12 14 15 16 19 21 25 26 27 30 31 34 35 36 37 39 40 41 42 43 44 45 46 49 51 53 55 56 57 59 60 65 67 68 69 71 72 74 76 77 78 79 80 84 85 88 90 94 97 99
subdues 80
sebonde 49
sinnlos 63
shannon 42 55
sockets 12 13 37 39 40 44 48 55 74 77 79 84 90
state’s 4 13 28 33 34 35 44 49 50 52 56 71 77 80
stealer 12 32 38 70 77
sockery 56
seated. 71
slumber 1 4 6 10 12 14 19 20 21 22 24 26 27 28 31 34 35 39 40 41 44 46 49 54 55 59 65 66 68 69 71 72 76 77 78 79 84 85 88 89 92 94 100
sutable 45
soupirs 12
seaking 53
sending 1 2 3 4 5 6 7 8 9 10 11 12 13 14 15 16 17 18 19 20 21 22 23 24 25 26 27 28 29 30 31 32 33 34 35 36 37 38 39 40 41 42 43 44 45 46 47 48 49 50 51 52 53 54 55 56 57 58 59 60 61 63 64 65 66 67 68 69 70 71 72 73 74 75 76 77 78 79 80 81 82 83 84 85 86 87 88 89 90 91 92 93 94 95 96 97 98 99 100
sacred. 80
sprayed 30 53
slowest 47 71
syncope 10 79 84
stabled 9 78
stabler 28
stables 10 11 12 14 16 18 21 22 23 27 28 30 33 38 39 42 44 55 57 67 68 71 72 73 76 77 78 79 82 93
sulkies 40
sodomie 45
submiss 65
submits 12 15 26 39 40 45 49 65 73 78 97
sinning 26 27 28 39 40 41 55 60 63 77 80
sulkily 3 14 23 27 38 50 54 61 66 67 71 72 77 78 79
spartan 7 12 28 32 43 49 55 65 73 79 80 83 94
staketh 26
scolari 7
sulking 12 21 41 51 72
schiane 53
seldome 45
seldom. 71
schiauo 53
schiavi 74 90
skyward 30
santons 12
sunbeam 10 21 26 27 40 49 55 56 65 77 79 85 100
senders 21 55
sendest 41
sendeth 9 45 77
siccity 49
subvert 15 49 92 97
sacring 9 55
sparrer 14
sparred 6
sanktus 55
seearch 72
scencum 20
saunter 1 12 27 44 68 71 72 76 94
sparrow 10 12 17 24 27 28 37 38 39 46 48 49 55 66 73 74 77 79 81 88 90
slowing 47 86
swansea 55
souppot 55
sarawak 53
stupefy 41 49 77 79
stupent 49 50
scrouge 40 70
shotgun 33 34 55 70
staking 39 44 55 77
skeptic 92
sinneth 28 45
sinners 4 10 23 26 27 32 39 40 41 42 45 54 55 71 72 77 78 80 81 85 88 94 99
sthenis 49
selvage 28 53
settled 3 4 5 6 7 10 11 12 13 14 15 16 17 18 19 21 22 23 26 27 28 29 32 33 34 35 36 37 38 39 40 41 42 43 44 45 46 47 48 49 51 52 53 54 55 56 57 58 60 65 66 67 68 69 70 71 72 73 74 75 76 77 78 79 80 81 82 83 84 85 88 90 92 94 97
settles 14 21 23 27 28 30 33 39 41 43 55 57 65 70 71 72 76 77 78 79 81 94
settler 27 28 67 71 85
sperm’s 40
statics 12
soleise 9
santien 18
swushed 70
sthetic 27 37
silesia 1 13 94
satanic 12 31 40 41 50 55 66
setteth 9 45 98
suyvent 49
smolyan 39
setting 1 3 4 5 6 7 10 11 12 13 14 15 16 17 18 19 21 22 27 28 29 30 31 32 33 34 35 37 38 39 40 41 42 43 44 45 46 47 48 49 51 52 53 54 55 56 57 60 61 63 65 66 67 68 69 70 71 72 73 74 76 77 78 79 80 81 82 83 84 85 86 88 89 90 93 94 95 96 97 99 100
stirrup 6 9 12 27 39 49 55 77 78
sgombra 49
stirrop 45
stirred 1 4 5 6 9 10 12 13 14 15 16 17 18 19 20 21 22 23 26 30 31 32 34 35 37 38 39 40 41 43 44 45 46 47 48 49 51 52 54 55 56 58 60 66 67 68 69 70 71 72 74 75 76 77 78 79 80 82 83 84 85 88 89 90 93 94 99
sacrait 12
stirrin 5
scantly 85
states. 80
sperare 49
slumped 70
stately 1 6 7 10 11 12 13 14 18 20 21 22 23 26 27 28 30 31 34 38 39 40 41 46 49 51 52 55 61 65 68 69 71 74 76 77 78 80 84 85 89 90 93 94 98
sowpigs 55
sandola 53
siempre 12
selfish 1 4 5 10 11 12 13 15 16 17 18 19 20 21 23 24 26 27 28 29 36 37 39 43 44 46 48 50 51 55 56 58 59 65 67 68 71 72 74 76 78 79 81 83 85 89 90 94 96 100
starr’d 65 77
stooled 55
shapely 10 18 39 42 55 56 66 69
satchel 4 13 27 41 55 56 79
shapers 55
skerrys 55
singing 1 3 4 5 6 8 9 10 11 12 13 14 16 17 18 19 22 23 26 27 28 29 30 32 33 35 36 37 38 39 40 41 42 43 45 46 48 49 50 51 52 53 54 55 56 57 61 64 65 66 67 68 69 70 71 72 76 77 78 79 80 81 82 83 84 85 88 92 93 94 96 99 100
stareek 33
susurro 49
shovels 6 12 13 22 40 52 53 69 70 77 81
starers 76
silpnas 13
sandman 55
secular 12 15 31 39 41 42 45 48 51 53 55 75 77 88 89
sling’s 65
socinus 82
solches 63
solcher 63
solchen 63
starchy 70
sudbury 28 99
starkey 17 55 81
singest 77
singeth 20 26 88
singers 1 3 10 12 26 37 39 42 48 51 52 64 66 68 72 77 79 80 94
starkly 55
spondam 49
shagged 52
stooped 4 5 6 9 10 12 13 14 17 18 20 21 22 27 30 33 34 37 38 39 40 41 42 43 44 46 47 48 49 51 55 57 60 68 69 70 71 72 73 76 77 78 79 80 85 93 94
sackful 38 39 70 77
sunrays 8
strauss 26 65
sibique 49
stunn’d 65
sandras 20
sievers 20
setdown 55
strauch 39
staring 3 5 6 12 13 14 17 21 22 23 28 29 31 33 34 37 38 39 40 41 42 43 46 47 48 49 50 51 54 55 56 58 59 60 61 66 67 68 69 71 72 76 77 78 79 85 87 93 94
shinnen 66
shinned 70
sculped 55
stratum 28 96
sirocco 53
stratie 65
sissing 46
stained 6 8 10 12 13 14 17 18 20 21 23 24 25 27 28 32 33 34 37 38 39 40 41 43 46 47 48 49 51 54 55 56 57 65 67 68 71 72 76 77 78 79 80 84 85 94
staines 48
strasse 46
sandpit 31
smiled. 56
sowerby 5
strasba 46
spricht 63
sublata 49
seorsum 49
skasely 70
shinier 87
shining 1 3 4 5 6 8 10 12 13 14 17 18 20 21 22 25 26 27 28 29 30 31 32 33 34 35 37 38 39 40 41 42 43 44 45 46 47 48 49 51 52 55 56 57 58 60 61 65 67 68 69 70 71 72 73 74 76 77 78 79 80 82 84 85 88 90 93 94 95 98
shinily 55
sorbier 39
shuttle 5 22 40 53 65 73
soluble 34 55
starner 20
salvers 79
salvete 98
sanders 27
swaddle 26 80
sandelo 98
strayed 10 12 14 17 18 21 23 26 31 33 37 39 41 49 55 56 57 66 68 71 72 76 77 78 82 84 85 88 92 94
sibills 45
shagart 55
sculled 6
shingly 34 65
shingle 3 4 18 22 28 32 52 55 56 69 70
splashy 10
soberer 70 76 85
sobered 10 19 21 28 41 42 46 48 72 83 94
soberly 9 12 13 26 27 32 37 40 46 49 51 52 54 55 56 61 65 85 88 94 97
shoo’ll 72
sponges 12 22 48 49 55 71
sponger 55
spongey 78
sponged 10 21 44 69
shutter 4 10 12 14 19 21 27 28 31 40 41 51 55 68 70 78 79 84 93
scullys 67
spongia 49
starlit 23 43 48
smiling 1 3 4 5 6 8 9 10 11 12 13 14 16 17 18 19 21 22 23 26 27 28 29 30 31 33 34 35 36 37 38 39 40 41 42 43 44 46 47 49 51 52 53 54 55 56 57 58 60 61 64 65 66 67 68 70 71 72 73 74 75 76 77 78 79 80 82 84 85 88 90 92 93 94 98 100
sibilat 34
serviam 55
servian 46
sortant 12
service 1 2 3 4 5 6 7 8 9 10 11 12 13 14 15 16 17 18 19 20 21 22 23 24 25 26 27 28 29 30 31 32 33 34 35 36 37 38 39 40 41 42 43 44 45 46 47 48 49 50 51 52 53 54 55 56 57 58 59 60 61 63 64 65 66 67 68 69 70 71 72 73 74 75 76 77 78 79 80 81 82 83 84 85 86 87 88 89 90 91 92 93 94 95 96 97 98 99 100
sermone 49
seisure 45
servies 10
sermons 4 10 11 12 27 28 34 41 45 49 51 56 69 72 75 77 82 83 85 88 92 94
servile 5 12 14 26 27 28 31 32 37 39 40 41 45 46 49 51 55 65 71 73 77 78 80 83 89 92 97 98
splayed 55
sunrise 1 4 5 7 8 10 12 13 22 26 27 28 32 35 37 38 39 40 41 46 47 48 49 55 56 57 64 71 72 73 74 76 77 78 79 84 85 90 95
scharge 13
swell’d 65
semaine 12
smokers 12 13 39 40 79
sheffer 63
shields 7 9 20 22 24 31 40 45 48 53 55 65 77 78 81
starred 12 22 23 26 31 40 52 55 71 77 78 94
shiners 12 28 55 68
spring. 38
shineth 15 20 26 39 88
shinest 26 38 88
starres 45
snorers 6
sands’s 4
smoketh 26
socacio 53
scaping 20
scythia 12 39 46 49
serving 4 6 7 10 11 12 13 14 18 20 21 22 26 27 28 33 37 39 40 41 42 45 48 49 53 55 66 68 71 72 74 76 77 78 79 80 81 82 83 85 88 90 91 94 96 97
scythed 55
stunned 1 6 9 10 12 13 14 18 22 26 27 28 30 32 34 37 41 46 47 48 49 53 55 60 66 67 68 69 70 71 72 73 76 77 78 79 81
stunner 10
servius 49 65 84
scythe. 38
spumeus 49
servire 45
scythes 40 44 73 84
sumever 14
shouted 3 4 5 6 7 9 10 12 13 14 17 18 20 21 22 23 24 26 27 28 29 30 31 32 33 34 35 37 39 40 41 42 46 47 48 51 55 57 58 59 60 61 66 67 68 69 70 71 72 73 76 77 79 82 84 85 88 92 93 94 99 100
swelled 1 5 10 11 12 14 16 17 18 21 26 27 28 30 33 34 39 40 42 43 44 46 49 51 52 53 54 55 56 57 60 61 65 68 69 70 71 72 73 74 76 78 79 82 84 85 88 90
shoutin 5
swellin 5
sapling 28 40 71
smoking 3 6 10 12 13 14 17 18 21 23 26 27 28 31 37 38 39 40 41 42 43 44 47 48 50 51 52 54 55 56 57 59 62 65 66 67 68 69 70 71 72 75 76 77 78 79 85 89 93 94
slinked 55
starvin 78
som’ers 69
starved 4 6 10 13 14 19 22 24 26 27 28 30 32 33 37 39 40 43 49 51 55 56 57 58 60 61 68 69 70 71 72 73 76 78 89 94 97
starves 30 32 55
snoring 6 10 12 13 21 28 37 38 39 40 41 55 68 69 70 71 77 78 84
springs 5 6 7 8 11 12 13 15 21 22 26 27 28 30 34 36 37 38 39 40 41 45 46 49 51 53 54 55 56 60 65 66 67 68 70 71 72 73 74 77 78 79 80 81 84 85 88 90 92
springy 18 28 40 57 84
starve. 38 80
saluzzo 49
sarcasm 4 10 12 13 17 34 37 39 41 51 56 66 68 71 76 78 79 89 94
sollten 63
sylla’s 49
schapka 12
sexless 39
ship’ll 6
slovaks 13 46
starter 13 69 70
started 1 3 4 5 6 7 8 9 10 11 12 13 14 16 17 18 19 21 22 23 25 26 27 28 29 30 31 32 33 34 35 36 37 38 39 40 41 42 43 44 46 47 48 49 50 51 52 54 55 56 57 58 59 60 61 63 65 66 67 68 69 70 71 72 73 74 76 77 78 79 80 82 83 84 85 86 90 93 94 95 100
startop 14
scapeth 20
serveth 20 26 45
startle 1 5 14 26 39 41 54 65 78 84 85 94
sinfull 45
servers 71 89
startin 27 70
servest 26 55
seismic 55
senegal 60 81
sagaces 49
sortita 55
supream 45
semrryn 53
sholtos 21
sandbar 69 70
sorting 6 10 27 39 46 49 50 78 94
suprema 80 97
supreme 4 7 8 12 13 14 17 20 22 23 26 27 28 29 30 31 39 40 41 43 44 45 49 51 53 55 60 65 66 68 71 74 76 77 78 79 80 83 84 88 89 90 92 96 97
sinonem 73
spumosi 49
stuff’s 14 41
stunted 12 13 42 43 48 51 55 57 71 72 78 79
safety. 21
sandals 10 18 22 47 55 64 65 77 78 79
salvage 31 46 55 71 86
swithin 55 83
stogged 55
safetie 45
seacows 55
sealike 26
seacook 55
sealing 4 10 12 13 31 39 41 46 55 70 71 78 81 85 93 94
sealine 40
shouldn 46 57 58 78 93 94
smother 6 10 13 26 29 39 41 49 54 55 65 80 84 94
sponsor 27 39 49
servare 45 49
servant 1 4 5 6 7 8 9 10 11 12 13 14 16 17 18 19 20 21 22 23 26 27 28 29 32 33 34 35 36 37 38 39 41 42 43 44 45 46 47 48 49 50 51 53 54 55 56 57 60 65 66 67 68 70 71 72 73 74 76 77 78 79 80 81 82 83 84 85 88 89 90 92 93 94 97 98 99
seethed 22 26 39 40 56
spritly 94
sublime 10 12 13 14 16 17 26 27 28 32 39 40 41 44 46 49 55 56 65 70 73 74 76 77 78 79 80 82 84 88 90 92 94 95
shafted 47 65
seacold 55
servait 12
sprites 20 26 76
servage 9
stopgap 55
swamped 6 10 40 55 76 96
sanctus 49
sanctum 10 40 44 45 53 55 72 78 79 84
schafft 63
stuffin 30
stuffed 5 7 9 12 13 14 15 18 19 21 26 27 32 33 37 38 39 40 41 46 47 49 50 53 55 56 57 60 61 70 71 76 77 78 79 81 82 94
seising 45
sanctos 49
sanctam 55
sisacai 53
saluted 6 7 9 12 14 17 20 21 22 27 28 33 39 40 42 43 45 46 48 49 53 55 68 72 74 76 77 78 79 80 81 82 90 97
surreys 55
solutis 49
salutes 12 15 20 22 28 40 49 55 78 79 80
salutem 49
seeking 1 4 6 7 8 9 10 11 12 13 14 16 17 18 19 20 21 23 24 26 27 28 29 30 31 32 34 35 37 38 39 40 41 43 44 45 46 47 48 49 51 55 57 60 64 65 66 67 68 69 71 72 73 74 76 77 78 79 80 81 84 85 88 89 90 92 94 97 98
salutis 49
semites 92
stoper. 21
stopp’d 65
semitic 55 92
science 1 4 8 10 11 12 13 15 17 21 22 23 26 27 28 31 33 34 37 39 40 41 42 43 45 46 47 48 49 50 51 53 54 55 56 57 62 63 64 65 67 68 70 71 73 74 75 77 78 79 80 81 83 84 85 87 88 89 90 91 92 94 95 96
sealers 28 33
surinam 6 82
scefing 20
siuilla 53
shewing 9 16 45 49 81 97
scienti 49
scuttle 14 28 39 40 42 50 55 60 69 83 93
skookum 30
scienza 26 65
sagredo 53
stercus 49
scutter 55 72
sheeses 55
snorter 26
snorted 26 33 38 39 55 65 67
slayers 26
seekers 12 32 39 55 57 79 84 92
slayest 77
slayeth 26 84
sattest 26
sapless 77 80
sexton. 71
sextons 76
sheeted 6 27 40 52 55 77
smyrna. 79
scouted 1 13 16 27 39 46 51 71
sterile 12 13 23 26 28 39 49 55 77 85
sterics 4
sprache 63
stophim 55
sheered 31 40 46 69
sheweth 45 81
sirenen 55
sheerly 48
swede’s 31
seekest 9 26 40 44 77 88
seeketh 20 24 26 45 88
suggest 1 4 5 7 10 11 13 14 16 19 20 21 22 23 26 27 28 29 32 36 37 39 40 41 42 43 44 45 46 49 54 55 56 58 59 60 63 65 66 67 68 69 71 75 76 77 78 79 80 84 85 88 89 92 94 95 97
