spring’s 55
spitfire 55
sinner’s 10 27 55 85
seaman’s 6 40 55 60 71 80
sideling 9 73
shelter. 38
suabians 49
subatque 49
solitude 1 6 8 10 11 12 14 15 16 18 19 21 22 23 26 27 28 29 31 37 38 39 40 41 43 44 45 48 49 54 55 56 60 64 66 68 71 72 73 74 75 76 77 78 79 80 84 85 88 90 92 93 94 100
solitudo 49
sheddeth 97
skinning 13 33 53 69 70 78
socalled 55
shelby’s 27
sealevel 55
scenical 88
seraglio 10 12 49 77 79 82 84
sorbonne 12 39
summoned 1 4 9 10 11 12 13 14 16 18 19 21 22 23 26 27 32 34 35 37 38 39 40 41 46 49 52 53 54 55 56 61 65 66 68 71 72 73 74 76 77 78 79 81 84 85 90 97
sphinxes 12 23 39 51
s’yollin 50
slavered 30 72
seashore 12 18 28 38 49 53 55 65 74 77 79 81 94
sedentem 49
shameful 4 6 8 9 10 11 12 14 16 22 23 27 35 37 39 40 41 42 44 49 65 68 71 72 75 76 77 78 79 80 81 88 94
soothing 1 3 5 10 12 14 16 17 18 19 21 26 27 28 29 31 32 33 37 39 40 41 45 46 49 51 55 67 68 69 71 72 74 76 78 80 84 85 90 92 94
swabians 92
sunphone 55
stomping 70
scorpius 49
scorpion 12 26 27 40 55 78
silliest 11 17 37 49 56
semblant 9
snackled 34
sunlight 4 5 6 8 12 13 14 18 21 22 23 25 31 34 37 39 40 41 42 43 46 47 48 49 51 55 56 57 64 66 67 68 69 71 74 76 77 78 79 84 85 90 93
shrugged 12 13 14 16 18 21 23 26 27 30 37 39 41 42 43 46 55 59 66 67 68 71 72 77 79 94
solicits 42 65 78 88 89
solicite 45
striketh 26
strikest 26 79
seigneur 12 17 18 39 49
strikers 13
shafters 67
striv’st 65
shirking 6 12 22 28 33 37 42 51 78 94
sequence 12 14 21 23 25 34 35 39 41 43 46 48 49 53 55 63 71 77 78 79 80 82 84 92
springer 27 72
springes 73
smollett 6 83
springin 27
smallage 53
samson’s 10 40 77
sinister 1 7 10 12 13 17 18 21 26 27 29 31 34 37 39 40 41 43 47 49 51 54 55 57 65 67 68 70 71 72 73 74 76 77 78 79 83 84 85 90 96
surnamed 7 12 20 26 45 49 55 77
surnames 10 12 39 49 65 77 83
souvenir 12 21 43 55 66 67 79
stiletto 27 40 55 79
stedfast 45 65
sancha’s 77
sidelong 12 21 26 37 39 40 46 55 68 71 84 94
shearers 71
seignior 53 60 97 98
sinclare 27
sagacius 49
sinclair 13 27 55
sagacity 10 11 12 16 19 26 28 32 40 65 69 71 72 73 74 76 77 78 79 80 84 85 90 92
succades 60
straddle 44
summoque 49
signiory 98
scrofula 49 85
shedding 3 9 10 12 14 16 19 20 37 39 41 49 55 56 60 61 65 68 69 71 72 73 76 77 78 79 80 81 82
slain.52 65
seraphic 12 71 79
seraphim 12 41 78 84 88
sunniest 5 40 85 93
sachem’s 40
sorgabon 12
shelters 39 42 47 55 58 65 77 78
seconded 10 11 12 16 19 27 30 32 37 44 49 51 55 60 68 71 78 79 81
sprouted 6 38 39 66 94 96
striking 1 4 6 8 9 10 11 12 13 14 15 16 17 18 19 20 21 22 23 27 28 29 30 31 32 33 34 36 37 38 39 40 41 42 43 44 45 46 47 48 49 51 53 55 57 58 59 61 65 68 69 70 71 72 73 76 77 78 79 80 81 83 84 85 88 89 91 94 95 96 97 99
secondly 2 3 4 7 10 11 12 14 15 16 26 28 32 37 38 39 40 41 45 46 49 51 55 56 60 63 71 73 76 77 78 79 80 84 89 92 95 97 98
summorum 49
sybarite 71
shirting 18
salesmen 13 59 67 80
spurting 33 39 44 46 48
sakurano 66
surviv’d 49
solecism 10 40 88
salesman 21 27 39 55 59 68
sticketh 9 25 99
stiffens 12 44 49 65 72
stiffest 5 6 14 40 44 71 77
sowberry 70
stickers 12
stickest 49
seducing 26 40 41 44 45 49 88 96
swimming 3 8 10 12 13 14 17 18 20 21 22 26 27 28 30 32 33 38 39 40 48 49 52 53 55 57 58 60 62 65 67 69 70 71 73 74 77 79 80 81 82 83 84 87 90 100
stitcher 12
stitches 6 14 22 28 29 36 38 45 55 76 77 78 94
stitched 1 17 23 27 31 38 55 71 73 77 78 85 94
smaragdi 49
stubbing 40 55
squilgee 40
sprucely 27
seminium 49
stolbuns 78
solitary 1 10 11 12 13 14 16 17 18 19 22 23 26 27 28 30 33 34 37 39 40 41 42 43 44 45 47 48 49 51 54 55 56 57 60 65 67 68 69 70 71 72 73 74 76 77 78 79 80 81 84 85 89 90 92 93 94 98
silkette 55
scimetar 40
stubbs’s 55
shilling 3 5 10 14 16 21 34 36 40 42 43 47 48 50 55 68 71 72 73 76 78 81 83 85 93 99
shillins 68
surmount 7 10 11 15 26 49 60 63 68 74 79 88 90 92 94
steal’th 26
sausaged 55
sausages 13 27 38 39 49 52 55 67 68 71 73 79 93
silkwebs 55
suborned 14 49 71
suborner 73
settling 3 4 5 6 9 10 11 13 14 16 17 18 19 21 23 27 28 36 37 39 40 41 42 43 44 45 46 49 50 51 55 56 57 60 65 71 73 76 77 78 79 80 83 84 88 94
stubborn 4 5 7 10 12 18 19 27 28 35 37 39 40 41 44 45 49 51 55 56 59 65 69 71 72 73 77 78 85 94 96
seducers 80 88
stickado 81
seducest 26
seduceth 26
seamanly 6
skivvies 55
sehond’s 49
schweigh 65
springly 28
sergents 12
sprinkle 28 38 45 49 55 65 77 78 86 93
scarfing 40
scalping 40 69 72 78
skurried 3 17
spatting 55
sagoin’s 49
steerage 6 55 60 83
speedier 6 51 73
sinkaway 56
stirling 65 98
speeding 13 18 21 22 27 28 40 41 55 69 76 84 86
swimmers 12 67 69 81 83
speedily 4 6 8 11 12 14 16 19 20 21 26 29 30 31 34 44 47 48 49 53 55 56 60 68 69 72 74 77 78 79 80 83 84 85 88 89 90 93 94
scotfree 39
stubbles 77
snipping 78 94
signally 49 76 78
sloppily 86
slopping 13 38
scooting 70
syllabax 55
stansque 49
signaler 39
signaled 13 18 56
seminude 39
showcart 55
syllabus 55
syllabic 10
sauterne 67
syllable 1 10 11 12 14 16 18 19 20 26 27 28 35 37 39 40 41 42 44 49 66 68 71 72 73 76 78 79 81 84 88 92 93 98
sawyer’s 69 76
scarfpin 55
sections 1 2 3 4 5 6 7 8 9 10 11 12 13 14 15 16 17 18 19 20 21 22 23 24 25 26 27 28 29 30 31 32 33 34 35 36 37 38 39 40 41 42 43 44 45 46 47 48 49 50 51 52 53 54 55 56 57 58 59 60 61 62 63 64 65 66 67 68 69 70 71 72 73 74 75 76 77 78 79 80 81 82 83 84 85 86 87 88 89 90 91 92 93 94 95 96 97 98 99 100
skiffins 14
silkworm 12
spatters 12 72
skivvy’s 55
shouldst 7 9 12 20 26 33 49 65 77 84 85 94 98
stoddard 67
shoulder 1 3 4 5 6 8 9 10 12 13 14 16 17 18 19 20 21 22 23 24 25 26 27 28 29 30 31 33 34 35 37 38 39 40 41 42 43 44 46 47 48 49 50 51 52 53 54 55 56 57 58 59 60 61 65 66 67 68 69 70 71 72 73 74 76 77 78 79 80 84 85 88 90 93 94 98 100
stamford 34 57
sophia’s 14 19
statione 49
stations 5 10 12 14 27 31 33 34 39 45 48 49 51 53 54 55 65 67 68 75 77 78 79 81 83 86 93 97
stellung 63
scheinen 63
skeering 4
seraph’s 23
station. 21 31 71
sobbings 40
stickler 55 79 97
saleshop 55
squander 7 12 18 21 23 26 41 42 55 66 83
soderini 7
sighting 12 40 53
sidedoor 55
subsided 1 4 6 10 11 12 13 14 16 20 21 26 27 28 31 32 39 40 41 44 48 52 54 56 66 68 69 71 72 76 77 78 79 84 85 89 93 94
subsides 15 39 50 65 78
sicken’d 65
scaevola 39 49
skeweyed 55
scavezza 49
stalking 9 12 13 14 17 36 40 48 71 77 78
sticking 4 5 12 14 17 18 21 27 29 34 37 38 39 40 41 44 46 48 49 52 55 56 58 59 60 61 65 68 69 70 71 72 73 76 77 78 79 80 83 88 93 94
subjoins 88
scarftie 55
sisyphus 12 22 27 55 65 77
searvice 91
soutenir 39
steering 6 12 14 28 31 40 46 48 51 53 55 57 60 70 72 73 76 77 78 79 80 81 97
subsidia 49
subsidit 49
sadduces 45
saddling 9 76 77
stand’st 65
shenship 9
snubnose 55
skeleton 6 12 13 14 17 26 34 35 39 40 43 46 47 48 49 52 55 68 69 71 73 74 77 78 79 84 85 90 94 95
severe’s 32
sarcasms 12 41 69 79
skeeting 55
spiteful 5 10 11 14 26 27 37 38 39 41 43 72 77 81 92
shinbone 40
starborn 55
smelleth 26 88
smellest 9 26 33 77
sinecure 27 28 29 40 50 68
sharpnss 49
seruvaru 39
stanchly 56
socavila 53
scuffing 27
sagamore 99
stanched 77
schooles 45
schooled 49 51 77 78 79 80 85 92
swarming 4 6 12 13 26 30 31 37 38 39 40 48 53 57 65 66 69 71 72 76 84 85 94
subervic 12
sabotage 86
serious. 40
stroking 5 10 18 23 27 39 41 42 44 55 57 71 72 73 78 79 94
stranded 6 10 12 14 17 22 28 37 40 41 55 60 71 77 78
smelling 5 10 12 13 14 18 21 22 23 24 26 27 28 30 37 39 40 45 46 50 51 53 55 59 61 66 68 71 72 73 76 77 78 79 82 88 92 94 95 99
skylarks 5 36
sickness 4 6 7 9 10 12 13 16 19 20 21 22 23 24 26 27 28 29 32 34 35 38 39 40 41 46 47 49 53 54 55 56 57 60 66 68 69 70 71 72 73 74 76 77 78 79 80 81 83 84 85 88 90 92 94 98 99
settedst 55
starbuck 40
skinfood 55
suctions 44
spectres 4 12 52 60 65 71 72 73 77 79 84 90
spectre. 76
spectral 12 14 23 31 40 42 43 47 52 57 76 78 84 85 93
sedulous 45 54 74 85 90
strap.16 22
solidago 28
smiffeld 78
spectrum 48 84
sunwards 40
swarving 45
stranger 1 4 5 6 7 9 10 11 12 13 14 15 16 17 19 20 21 22 23 26 27 28 29 30 32 33 34 35 36 37 38 39 40 41 43 44 45 46 47 49 50 51 52 54 55 56 57 59 60 64 65 66 67 68 69 70 71 72 73 74 76 77 78 79 80 81 82 83 84 85 88 90 91 92 93 94 95 97 98 100
strangle 10 12 23 26 30 37 38 39 41 49 55 68 72 78 79 84 92
spondaic 49
sharpish 10
seductis 49
saboteur 86
scuffled 33 76
scuffles 49 77
stewpans 12
sensuall 45
saddened 4 10 12 14 23 27 32 39 55 59 69 76 79 82 85 94
spanning 14
shabbily 21 23 36 40 42 48 78
sheepish 13 26 37 39 41 44 55 57 69 70 71
shabbier 59 69 94
startles 1 5 72 76 80 84 88
startled 1 3 4 5 6 10 11 12 13 14 16 17 18 19 21 23 26 27 28 29 31 34 35 37 39 40 41 42 44 46 47 48 49 50 51 52 54 55 56 57 59 60 61 65 66 67 68 69 71 72 73 74 76 77 78 79 84 85 88 90 93 94
savoyard 12 49
scombris 49
siuiglia 53
scylfing 20
shamming 41 55 68
suzerain 20
syringes 12 55
sznapsas 13
supplyed 45
sickened 4 10 14 23 27 31 32 46 54 68 74 78 81 85 90
squadwon 39
secundum 49 55 84 97
stewpots 77
secundus 49 84
scipio’s 49
stunsail 40
severall 45
sinico’s 55
skilfull 45
starting 1 5 6 9 10 11 12 13 14 16 18 19 21 22 23 27 28 29 30 32 33 34 35 36 37 39 40 41 43 44 46 47 48 49 51 52 54 55 56 57 58 59 60 63 65 66 67 68 69 70 71 73 74 75 76 77 78 79 80 81 82 83 84 85 86 88 90 92 93 94 95 100
szekelys 46
smirched 12 22 37 39
snodhead 40
singling 11 13 14 27 78
sommario 7
sightsee 62
solidify 12
schooner 6 13 27 28 32 40 46 55 71 79 81 84 85 94
strictly 1 4 10 11 12 13 14 16 18 19 22 26 27 28 29 32 33 34 35 36 37 39 40 41 44 47 49 50 51 53 55 56 63 68 69 71 72 73 75 77 78 79 80 81 83 84 85 89 92 93 94 95
sheriffs 14 68 69
solidity 11 12 16 17 39 49 55 78 79 84 85 88
spanners 31
specchia 79
setteled 91
sadden’d 65
squadron 12 33 39 46 48 49 52 65 77 81 83
stricter 39 45 49 51 56 77 80 89 92
suchlike 20 49 77
sprawlin 70
sprawled 12 17 23 39 42 55 67 70 94
sheepdip 55
sciagura 82
sandusky 27
sheridan 1 32 42 55 71
sharpset 55
shouteth 26
slovenly 12 14 21 27 30 43 45 49 50 51 66 72 76 78 83
selden’s 43
snuffing 12 14 27 33 36 39 40 48 49 68 72 77 78
sister’s 3 4 9 10 11 12 14 16 18 19 21 23 29 30 37 39 42 43 44 55 59 65 66 67 68 69 71 72 76 79
scouring 13 17 46 56 72 76 77 78
spreeish 55
seignors 12
sterlets 39 41 79
semiopen 39
surprise 1 3 4 5 6 7 10 11 12 13 14 16 17 18 19 21 22 23 24 25 26 27 28 29 30 31 32 33 34 36 37 39 40 41 42 43 44 46 47 48 49 50 51 53 55 56 57 58 59 60 61 64 65 67 68 69 70 71 72 73 74 75 76 77 78 79 80 81 82 83 84 85 90 93 94
sarasate 21
stooping 1 4 5 6 10 12 13 14 16 21 23 25 27 31 32 33 34 37 39 40 43 44 46 47 48 51 54 55 56 57 60 65 66 68 69 70 71 72 76 77 78 79 80 84 85 88 94
stampede 28 33 39 48 55 94
surprize 16 83
symphony 12 18 40 56 63 80
smearing 21 37 78
scilicet 49 97
sterlink 55
sterling 2 10 14 15 19 54 55 60 62 78 81 82 83 85 89
subjecit 49
stendhal 92
somebody 3 4 5 6 10 11 12 13 14 16 17 19 22 23 24 27 28 29 31 34 37 38 39 40 41 42 43 48 49 50 51 54 55 56 57 58 59 60 62 66 67 68 69 70 71 72 73 76 77 78 79 80 81 82 83 84 85 89 92 93 94 95 99 100
singular 1 5 10 11 12 13 14 15 16 21 22 23 26 27 28 29 32 35 37 40 41 43 44 45 47 49 51 53 54 55 60 65 68 70 71 72 73 74 76 77 78 79 80 81 82 83 84 85 88 89 90 92 93 95 98
snuffled 33 42 55 69 77
sphinges 46
singulis 45
singulos 49
seagulls 22 66
sunstone 23
stricken 1 4 5 8 9 12 13 14 16 17 20 21 22 23 26 27 28 29 30 31 32 36 37 39 40 41 45 46 48 50 51 55 56 57 60 68 69 71 72 76 77 78 79 80 84 85 88 90 92 94
stoiques 45
snuffers 14 40 72 78
sanchico 77
sanchica 77
shouting 3 4 5 6 10 12 13 14 17 18 20 21 22 23 26 27 30 31 33 37 38 39 40 41 42 43 44 46 47 48 50 51 55 56 59 64 65 67 68 69 70 71 72 73 76 77 80 84 93 94
subject. 71 72 79
secluded 1 4 11 12 14 16 21 27 28 37 39 40 41 42 44 55 68 71 72 73 74 77 78 79 90 94
subjects 1 3 4 7 9 10 11 12 13 14 15 16 17 19 20 22 23 27 28 29 31 34 37 39 40 41 42 44 45 46 49 50 51 52 53 55 56 60 61 65 67 68 69 71 72 73 74 75 76 77 78 79 80 82 83 84 88 89 90 92 93 94 95 97
stamping 3 5 6 10 13 14 21 22 23 27 28 31 33 34 37 39 40 41 42 46 50 51 52 54 56 57 59 68 72 73 76 78 85 93 94
stanch’d 65
swashing 40 70
sunday’s 28 42 44
sthemnus 49
sistency 27
spinozas 92
systemes 45
strichen 63
spotless 10 12 13 18 27 37 39 40 41 56 65 71 78 79 81 94
sciscere 49
soapings 77
sideways 5 6 9 10 12 14 21 22 25 33 37 39 40 41 42 44 47 48 49 55 56 57 59 60 67 68 71 72 76 77 78 81
solemniz 98
solemnly 1 3 4 5 6 7 9 10 12 14 15 16 17 19 20 21 22 23 26 27 28 31 32 33 37 39 40 41 45 46 47 49 50 51 54 55 56 57 60 61 65 66 67 68 71 72 73 76 77 78 79 80 84 85 92 94 96 97 98
sideward 49
squitchy 40
shotover 55
seawrack 55
skirmish 4 12 39 41 49 65 71 77 79 83
s’ensuit 39
scornest 40 77
sanchean 90
siguenza 12 77
sketched 6 10 12 14 21 26 34 39 41 51 55 66 71 72 79 85 94 96
sketches 4 10 12 16 18 27 39 40 41 46 55 69 78 79 83 85 94
snuffbox 21 39 55 68 70 94
sloane’s 56
speeches 1 6 8 10 11 12 13 14 16 20 22 23 27 31 32 35 36 37 39 41 45 49 50 51 55 56 65 70 71 72 73 77 78 79 80 83 86 88 89 94 98
scornful 4 8 14 16 17 26 27 28 37 39 40 41 49 55 56 65 67 68 70 71 72 75 77 78 85 88 92 94
shinshin 39
sidewalk 13 28 51 66 67 69 85
sidewall 1
sancho’s 77
school’s 17 49 69
steatite 47
summon’d 65
seas.102 65
shipahoy 55
sharpers 10 37 73 77
sp’iling 6
swinging 1 5 6 12 13 14 21 22 23 27 29 30 33 36 37 39 40 42 44 47 48 49 51 55 57 58 59 65 67 68 69 70 72 76 78 84 93 94 100
sharpest 1 12 14 26 29 37 40 49 56 58 65 68 71 79 92 93 94
sharpens 34 71 78
sluttish 99
stabella 55
sheuuing 91
scorning 14 17 19 39 40 72 77 84 93
stallfed 55
sawdusty 14
somethin 5 27 34 46 51
shifless 27
sixpenny 41 42 55 60 71 78
salacity 44
sexton’s 38 55
samsonov 41
shutdown 86
sometime 4 5 9 19 27 28 37 41 44 45 46 49 51 55 56 58 61 62 67 69 71 80 81 83 88 92 94 98 99
someting 13
sixpence 3 4 11 14 16 19 34 36 40 42 50 55 68 69 71 76 78 81 83 93 94 98
subtlety 7 14 22 23 26 29 40 41 42 48 49 60 63 65 71 77 78 79 85 92
subtlest 25 26 40 41 55 92
sanrremo 53
speculum 49
subtlely 26
sailboat 79 83
sleep’st 65
succinct 21 28 49 65 72
soldiers 3 4 5 7 10 11 12 13 14 15 20 21 22 26 28 31 33 37 38 39 40 41 42 46 48 49 51 53 55 65 66 67 70 71 73 76 77 78 79 80 81 82 83 85 92 94 96 97 98
soldiery 7 12 15 49 76 79 85
spissons 49
stupider 11 12 37 39 41 56 92
stupidly 3 12 33 37 39 40 41 42 44 46 48 49 56 57 61 68 71 76 79 84 86
sophists 12 49 55 80 84
scuttles 12 72
scuttled 6 33 55 77 79 94
solvency 14 55
slater’s 32
sophisms 12 74 80 90
santiago 53 55 77
scourged 1 4 49 65 80 81 85 88
scourger 55
scourges 12 41 49 55 65 77 79 80 81 88 89
solvents 80
stallion 20 22 39 44 55
shrunken 13 31 40 46 54 55 57 68 78 84
solander 40
scoresby 40
servitus 49
sweeping 4 6 7 8 10 12 13 14 16 17 18 21 22 27 28 30 31 33 37 38 39 40 42 46 47 48 51 52 55 56 60 65 66 68 69 71 72 77 78 79 83 84 94 99
sabbaths 92 99
shalln’t 72
servitor 5 12 28 56
streets. 38
strutbox 63
strewing 14 28 41 55 66 73 77 79
statue’s 14 41
sleights 40
stinging 1 4 10 18 30 39 41 42 44 47 48 55 57 61 69 71 72 77 92
soapsuds 14 44
swabbing 13 70
sidewise 18 56 69 78
shortest 7 12 26 28 32 33 37 40 41 42 49 55 57 68 71 73 76 78 79 82 93 94 98
strolled 1 6 12 13 14 18 21 23 28 29 31 32 34 37 39 40 42 43 44 46 48 52 55 60 66 67 71 72 76 78 79 85 93 94
seller’s 12
seedbags 55
sangreal 9
stroller 12
spiegelt 63
shortens 12 78 83
surplice 10 12 19 41 42 55 68
saevitia 49 97
saevitix 49
stingeth 26 27
surfeits 98
scythian 39 49 77 80
streeted 51
stigmata 55
shelving 22 28 46 55 65 68 76 78
slowlier 55
senior’s 26
strollin 34
sweepers 8 13 24 40 71
surgings 47
smacking 26 39 40 42 68 71 78
sauget’s 12
stingers 80
slathers 69
shielded 4 9 18 55 65 77 79
solution 1 10 12 13 14 18 21 26 29 37 39 41 42 46 47 49 50 51 54 55 56 63 68 69 70 71 73 77 79 80 84 85 86 87 92 93 95
seward’s 46
sponging 6 12 14 42
sorlouse 9
siberian 40
shortish 17
stormeth 26
smashall 55
salemite 85
suddenly 1 3 4 5 6 8 9 10 11 12 13 14 16 17 18 19 20 21 22 23 25 26 27 28 29 30 31 32 33 34 35 36 37 38 39 40 41 42 43 44 45 46 47 48 49 50 51 52 53 54 55 56 57 58 59 60 61 62 63 65 66 67 68 69 71 72 73 74 75 76 77 78 79 80 81 82 83 84 85 86 87 88 90 92 93 94 95 96 97 98 99 100
stairway 12 13 18 27 46 59 69 79
swinking 55
servisse 12
sardonic 10 21 66 79
saratoga 4 40
stunting 51 92
serrated 43
simulata 49
simulate 10 44 79
standoff 94
sacredam 30
sayonara 66
seaports 21 77 79
steameth 26
steamers 12 13 14 18 27 33 41 46 55
strivest 40
striveth 9 26
seedsman 14 57
scuppers 6 40 46 94
sacredly 56 78
stocking 5 10 12 13 14 17 27 28 39 41 44 49 55 56 57 61 66 71 73 78 79 94
scenting 12 13 30 39 41
stanmore 48
shinning 70
stockier 57
stacking 28 40
subverts 49 97
southend 48
sisters. 12
sisteron 12 79
statuary 28 49 78 80 84 94
sombrero 34 55 69
sisterly 10 11 18 19 40 55 71 78 79 94
szirdele 13
satchels 13 39 41 55
stockman 22
sunbeams 6 12 23 27 32 38 39 49 51 52 66 72 73 77 84
shield’s 65
svidriga 37
sternere 49
stockley 56
sternest 10 41 46 68 71 84 85 89
slothful 10 12 28 49 65 74 77 88 90 96
stultius 49
stroling 2
seabrine 79
songster 40 52 77
striving 4 7 10 11 12 13 15 16 18 19 21 22 24 26 27 30 31 35 37 39 40 41 42 46 49 51 55 56 65 66 68 71 72 73 74 76 77 78 79 80 85 88 90 92 95
shetland 40 81
sustineo 45 49
sustinet 49
sitalces 49
southing 55 83
scenteth 45
sixteens 55
sinanras 49
sherlock 21 34 43 55
shortcut 67
shortall 55
southern 4 6 10 12 13 18 21 23 24 26 27 28 32 33 39 40 41 44 46 48 51 53 55 60 65 66 67 70 72 73 74 76 77 78 79 83 84 87 89 90 92 94
steadier 16 19 28 46 56 68 71 78
steadied 5 10 13 18 29 40 42 55 57 94
smashing 13 14 27 30 33 35 37 39 48 70 72 77
steadily 1 5 6 7 8 10 11 12 14 15 16 17 18 19 21 22 26 27 28 30 31 32 33 36 37 39 40 41 42 43 44 46 47 48 49 50 51 53 54 56 57 59 60 61 65 67 68 69 71 72 74 76 77 78 79 80 83 84 85 89 90 94 97
strength 1 2 3 4 5 6 7 8 9 10 11 12 13 14 15 16 17 18 19 20 21 22 23 24 25 26 27 28 29 30 31 32 33 34 35 36 37 38 39 40 41 42 43 44 45 46 47 48 49 50 51 52 53 54 55 56 57 58 59 60 62 65 66 67 68 69 70 71 72 73 74 76 77 78 79 80 81 82 83 84 85 88 89 90 91 92 93 94 96 97 98 99 100
strengue 53
strengum 20
steeling 76
scruples 4 11 12 15 16 19 21 29 40 41 49 55 72 73 77 79 81 84 97
scrupled 11 19 41 56 60 90
seabirds 55 79
sideface 55
smolensk 13 41
searocks 55
sorrento 77 79
sheathes 65
sheathed 20 22 39 40 44 65 69 73 77 84
spirit’s 26 35 85
sustains 12 28 32 40 49 65 77 79 80 85 100
studdery 91
sprained 10 11 12 19 39 40 55 56 94
succubae 45
sensuous 12 18 23 28 67 85 92
service. 38 41
services 4 7 10 11 12 13 14 16 18 19 21 22 26 27 28 34 37 38 39 41 42 44 45 46 49 50 51 52 53 54 55 57 60 65 68 71 72 73 74 76 77 78 79 80 82 83 84 85 86 88 89 90 92 93 94
sanson’s 73
striding 6 12 13 17 20 21 27 34 37 38 39 40 41 44 48 52 55 72 76 78
swastika 67
solstice 12 47 49 55 60
stockade 6 7 13 17 33 51 83
stealing 1 2 4 5 10 12 13 14 17 18 19 22 23 25 26 27 28 29 30 32 37 39 40 41 42 44 45 46 49 50 51 54 55 57 58 66 68 69 70 71 72 73 76 77 78 79 80 85 88 94
sculptor 12 26 39 49 55 78 79 80 92
sperhawk 9
shopboys 49
simmered 14 94
secheron 74 90
severino 7
severing 12 88 92
severity 3 7 10 11 12 14 16 18 19 26 27 32 37 39 41 44 45 49 51 52 53 54 56 68 71 72 73 74 76 77 78 79 80 83 84 85 88 89 90 92 93 97
sorrel’s 56
seemedst 49
sennight 9
servieux 79
sylvanus 49
siviglia 53
sylvanie 12
satighan 53
stultify 13
slitting 21 69 72 77
schlepps 55
subditos 97
standard 4 5 7 9 10 12 13 16 18 19 20 21 23 27 28 32 34 37 39 40 44 46 49 50 51 53 55 60 63 65 66 67 71 73 74 76 77 78 80 83 85 89 90 92 94 96 97 98
sphynx’s 40
studding 79 83
stealest 26 77
sadgrove 55
stealeth 26 55
stealers 32 33 41 80
sexology 55
scathers 20
snowbank 94
snowball 12 13 41 55 58 71 84 93 94
sobieski 23
schorach 55
sincerum 49
sodality 55
sallower 41 72
shavings 12 14 28 39 40 41 55
severely 3 4 6 10 12 14 17 19 21 26 28 30 31 32 37 39 41 42 43 44 46 49 50 55 56 60 61 65 68 71 72 73 75 77 78 79 81 82 83 85 88 94 100
severest 11 14 26 32 40 44 45 49 52 56 60 71 79 80 85
showered 4 12 18 23 26 28 37 39 44 55 56 66 68 71 77 79 94
scathing 26 31 32 39 51 55
standeth 9 20 26 45 51 88
starless 4 12 26 39 47 57
servilia 49
servilii 49
scapin’s 12
starlets 26
sigerson 55
standest 40 88
standers 16 40 49 99
secheghi 53
samatian 65
squinted 17 31 67 71 77
sheldons 51
simoniac 42
shower’d 65
sashless 40
sheath’d 65
showedst 88
substanz 63
spirited 3 4 6 7 10 11 14 16 19 22 23 26 27 28 32 34 37 38 39 44 46 49 50 52 55 65 68 70 71 72 76 77 78 79 80 83 84 92 94
spirits. 71
shanties 13 27 28 37 39 51 55 77
singer’s 6 42 71
screamin 5 27
silvanus 49
spiritus 28 45 49 55 98
screamed 3 4 5 8 10 12 13 14 17 18 19 21 22 23 26 27 30 31 32 33 34 35 37 38 39 40 41 43 44 46 47 48 54 58 59 61 68 70 71 72 73 74 79 82 84 85 90 94 100
succumbs 55
sacksful 38
snappish 10 14 68 72 78
stealthy 6 12 13 17 18 23 26 28 31 34 43 49 64 69 70 71 72 77 78 79 84 85 94
snapping 12 14 17 21 27 28 30 31 33 37 38 39 40 41 50 55 56 59 60 68 71 72 76
souliers 10
starched 10 12 13 18 27 31 37 39 49 56 71 78 85 94
shopbell 55
suonagli 53
strident 12 17 43 55 67 79
stridens 49
standing 1 3 4 5 6 7 8 9 10 11 12 13 14 15 16 17 18 19 20 21 22 23 24 25 26 27 28 29 30 31 32 33 34 35 36 37 38 39 40 41 42 43 44 45 46 47 48 49 50 51 53 54 55 56 57 58 59 60 61 64 65 66 67 68 69 70 71 72 73 74 75 76 77 78 79 80 81 83 84 85 87 88 89 90 91 92 93 94 95 96 97 98 99 100
starlike 47
standish 94
starling 78
seldomer 26 45
schwa’tz 39
sermonum 49
seamless 28 40 55
smokings 78
sparedst 88
suresnes 12
spiracle 40
symmetry 11 12 24 25 39 40 49 55 65 74 80 84 90 92
secabest 55
summique 49
snowshoe 30
snappers 42
scowling 6 10 13 14 22 27 33 37 39 41 48 55 68 71 72 76 93
smoaking 45
sandfrog 55
spargere 49
shipmate 6 34 40 81
sandow’s 55
salutant 31 55
salutary 10 12 28 32 39 41 49 68 71 77 79 80 89
satzform 63
stanning 71
stardust 48
starving 6 10 12 13 21 22 27 28 30 34 36 37 38 39 41 43 47 48 49 51 55 56 57 58 60 68 71 72 73 76 79 80 82 83 84 99 100
skulking 1 6 25 26 30 31 40 48 54 55 68 78 80
squeezed 3 5 13 14 21 27 29 37 38 39 40 41 42 44 46 49 50 55 56 66 67 68 69 70 71 72 73 76 77 78 79 80 81 94
squeezes 27 41 55 69 73 78
squeezer 13
snobbery 50 67
sangatsu 66
shoehorn 55
sentiunt 49
suchet’s 12
savories 41
sullenly 10 18 21 23 26 27 30 33 34 37 39 40 41 51 68 69 71 72 76 78 84 93
strapped 10 30 39 44 55 68 78
strapper 10
shipment 35 46
skulkers 26
slipshod 30 55 68 78 93 94
socinian 82
shelling 27 31 56
scaliger 49 65
satietas 49
sewerage 78
seedcake 55
straying 10 12 14 23 28 39 46 56 66 68 71 76 85 88
seascape 55
skimming 3 6 40 56 65 67 70 71 77 78 79
sitter’s 54
smokiest 94
socinius 12
simchath 55
slavonic 41
seacoast 55 76 77
supremum 49
slobbers 12 55 70
saucebox 55
spraying 13 66
smarting 14 21 26 27 41 44 49 52 56 65 78 88 89
scrabble 40 70 94
satnio’s 65
sinewing 40
sarpejou 12
samaveda 35
singeing 22 23 68 78
shesouls 55
schlegel 65
sherburn 70
sunburnt 12 21 23 24 28 41 55 71 73 76 77 78 79 80 85
sewermen 12
sewerman 12
slapping 5 6 13 14 27 30 34 37 39 40 44 55 67 68 70 71 72 76 78 94
sunburst 46 55
societas 49
seleucus 49
schuyler 66
swayings 40
suffield 46
society. 26 41 72
sunrises 12 56
straggle 14 33 69 78
straggly 39
sacancos 53
sacancas 53
students 8 10 12 14 20 22 26 28 34 35 37 39 40 41 42 43 44 48 49 51 54 55 56 62 71 73 74 76 77 78 79 80 84 88 90 94 95 98
survived 4 7 8 11 12 18 19 20 21 23 28 30 31 39 40 46 47 49 65 66 68 71 78 79 81 83 84 85 89 94 96
survives 12 40 49 63 65 71 85
survival 23 26 40 47 48 51 55 63 80
sluicing 14 70
survivor 11 15 17 21 22 27 28 49 71 79 85
sufficit 40 49
saylices 53
suffices 12 31 49 64 65 77 79 85 89 92 95 96
sufficed 1 10 12 16 21 26 28 29 39 44 45 49 55 65 68 71 72 77 79 84 85 88 92 95 96
smuggled 40 54 55 56 69 72 79 85 94
sidepath 55
smuggler 12 76 78 79
spiker’s 71
schlecht 63
suburban 12 21 28 34 40 46 48 55 100
subsists 12 40 65 83 88 95 97
selected 4 10 11 12 13 14 15 18 20 22 23 27 28 29 30 32 39 40 41 42 44 46 49 55 65 67 68 69 71 72 74 78 79 80 83 84 85 88 89 90 91
splashes 5 6 14 17 30 31 34 48 55 68 72 78
shylands 77
seals.46 22
splashed 3 6 9 10 12 13 14 18 21 23 27 33 38 39 40 48 51 55 56 59 67 69 71 72 76 78 94
sarpedon 65 80
sheering 33 40 70 77
seizings 40
sangar’s 65
stanwood 27
s’envola 12
sorrow’d 65
sorrow’s 24 40
sizeable 55
steevens 55
smugging 55
seething 12 13 17 20 23 27 28 39 40 41 48 51 57 85 93
suffrage 10 12 51 55 65 80
shipload 55 60
suitably 12 18 37 49 56 76 79 88 92 97
suitable 4 6 10 11 12 14 16 17 18 19 22 23 27 28 32 34 35 37 38 39 40 41 42 44 45 46 49 51 52 53 55 56 59 60 65 70 71 72 73 76 77 78 79 80 81 83 84 85 86 87 88 89 92 93 95 97 99
sitteson 91
speceria 53
servando 77
slamming 13 17 18 39 40 48 50 51 59 94
sobriety 10 27 40 49 72 76 78 80 81 85 88 94
stringed 55 66 80 84 100
songbook 42
spoiling 10 12 13 17 18 19 22 27 39 40 41 49 55 56 60 71 73 76 78 80 83 86 94 97
sleepily 13 21 27 42 55 58 68 71 78
slighter 14 19 21 27 40 49 54 57 72 85
slighted 11 16 19 21 29 37 39 41 46 49 65 71 77 78 81 83 94 97 99
slicings 40
sleeping 1 4 6 8 9 10 11 12 13 14 16 17 18 20 21 22 23 24 25 26 27 29 30 31 32 33 35 37 38 39 40 41 42 44 45 46 47 48 49 51 52 53 54 55 56 58 59 60 61 65 66 68 69 70 71 72 73 74 76 77 78 79 80 81 83 84 85 88 90 93 94 95 98 99 100
slightly 1 5 6 7 10 11 12 13 14 16 17 19 21 22 23 27 28 29 30 31 34 35 36 37 39 40 41 42 44 45 46 48 49 50 53 54 55 56 57 59 60 65 66 67 68 69 71 72 73 76 77 78 79 80 81 84 85 86 88 94 95
smallish 39
servant. 79
saplings 33 40 70
servants 1 4 5 6 7 9 10 11 12 13 14 15 16 17 18 19 21 22 23 25 26 27 28 29 30 32 33 34 35 37 38 39 40 41 43 44 45 46 47 49 50 51 53 54 55 60 65 66 67 68 69 70 71 72 73 74 75 76 77 78 79 80 81 82 83 84 85 88 90 92 94 97
shildren 91
switzers 7 45 55
spangled 10 38 39 40 43 46 57 65 78 80
spangles 8 12 27 41 55 69 77 79 94
sentient 10 12 49 57 71 84
subeunte 49
salusque 49 84
saucepan 3 10 12 14 29 39 50 55 66 68 71 78 79 93 94
steaming 6 12 13 14 18 21 22 23 26 27 31 39 41 42 46 48 51 55 57 59 65 68 71 76 78 79
sidonian 65
sidonius 49
swiftest 22 28 40 60 65 68 78 80 81
spoilest 26
spoileth 26
seguitav 53
sca’cwow 39
siripada 53
smallest 3 7 10 11 12 14 16 17 18 19 21 23 26 27 28 29 31 32 34 37 39 40 41 42 44 45 46 49 55 58 64 65 66 68 71 73 75 77 78 79 80 81 83 84 88 89 91 92 95
shershel 77
slouched 14 40 54 71
strutted 12 17 23 27 31 44 52 55 93
shearing 40 49 94
snowcake 55
snowcaps 48
sordidly 26 68
spyglass 6 39 55 70
songbird 36
stalwart 10 22 34 40 46 48 51 55 69 72 76 77 78 79 85 94
shaftmon 9
sterning 40
supposin 14 27
sapiente 49
sapienti 12 49 84
supposes 12 14 15 16 20 39 40 45 48 49 55 56 65 68 71 77 78 79 80 85 97
supposer 92
supposed 1 4 5 6 9 10 11 12 13 14 15 16 17 18 19 20 21 23 26 27 28 29 31 32 35 36 37 38 39 40 41 42 43 44 45 46 47 48 49 50 53 54 55 56 57 60 61 63 65 66 67 68 69 71 72 73 74 75 76 77 78 79 80 81 82 83 84 85 88 89 90 91 92 93 94 95 97 98
suppose. 21 71
slinking 14 23 43 55 71 76 78 80
soulange 12
sapience 12 45 55
sentinel 4 6 11 12 21 29 32 34 37 39 41 44 48 49 55 60 65 72 76 77 79 85 89 94
sokrates 63
statutes 9 32 39 45 46 49 89
staccato 21 23 39 48 56 92
subtends 55
suspirat 49
supports 12 13 19 22 23 27 28 39 41 48 49 51 53 55 77 78 80 84 97
scabbard 9 12 14 22 39 41 49 53 60 73 77 79 93
seedling 12
sentried 55
sentries 6 42 55 79
suspired 55
spithead 81
statures 12
sentreys 91
stimulus 10 13 25 26 37 42 44 49 55 71 74 79 80 88 89 90 92
storming 4 14 39 50 51 77
stormily 10 55 56 67 94
sentimus 49
sympathy 1 4 5 6 10 12 13 14 16 17 18 19 20 21 22 23 26 27 28 29 31 32 35 37 39 40 41 42 44 45 46 47 49 51 52 55 56 57 59 65 67 68 69 70 71 72 74 75 76 77 78 79 80 81 82 84 85 88 89 90 92 93 94 96 97 100
sawbones 12 54 55 69
stormier 26 56
smartest 10 21 22 27 32 34 35 50 55 56 58
stomacho 49
stomachs 5 12 13 18 26 33 40 48 49 51 55 58 76 77 79 82 83 88 92 94
smallpox 1 41 49 55 56
skipping 5 6 12 14 17 27 28 34 37 38 41 55 56 69 70 77 78 85 93 94
solomons 45 55
sallying 20 49 68 77
sapphire 10 23 41 46 55 56 66 79 100
sonnerie 12
stippled 48
scouting 33 39 68
simpsons 55
seedless 39 47
sentry’s 71
starvers 89
stimulis 49
stumping 6 54 55
slumbers 1 4 12 15 18 20 28 31 34 40 43 44 49 55 65 68 69 71 72 74 77 78 84 85 88 90
starved. 71
struktur 63
saracens 9 49
sleepeth 20 26 45
sleepest 33 77 88
sleepers 4 6 10 12 21 23 26 27 28 33 34 38 40 44 68 72 78 84 85
sadler’s 68
skullcap 39 55
suicidal 51 72 76 78 80 89
sandwich 9 10 13 14 21 27 28 40 55 62 67 71 75 78 94
suicide. 21
suicides 12 26 37 40 41
sonorous 10 12 18 23 28 34 39 40 41 56 65 71 76 77 78 79 94
sentirem 98
surgical 12 13 27 43 46 54 55 57 65
shaggily 26
skippers 40
seafarer 20 26 55 64
spilling 5 17 30 37 40 42 55 72 77 86
swerting 20
scholast 49
scholars 4 8 9 10 12 13 14 20 22 26 27 28 32 40 44 45 47 49 52 53 55 56 65 69 71 73 77 80 83 84 85 88 92 94 98
swishing 13 39 42 59
soulless 10 12 20 40 46 77 84
seagoose 55
scorch’d 65
succedit 49
suckling 16 22 39 40 55 71 80
shamrock 55
spunging 19 22 84
shrinked 40
schwartz 67
schwarze 63
soapdish 55
sunshade 18 27 42 55 77 94
safere’s 9
subsumed 95
savage’s 28 40
sailor’s 4 6 9 12 23 40 71 79
savoured 66 77 78 88
soul.sty 63
spaniard 7 10 12 40 49 53 60 69 77 79 81 82 92
suggests 7 10 12 13 20 21 22 26 28 37 41 43 49 51 53 65 71 77 78 80 88 89 92 95
slanting 5 10 12 18 23 25 27 28 37 39 40 41 43 47 48 52 60 69 70 71
succeeds 5 7 11 12 20 26 28 39 40 44 45 49 63 65 73 77 78 79 80 82 89 92 94
spider’s 6 8 12 14 27 28 47 55 61
scolding 4 10 11 12 13 18 22 23 27 33 35 37 38 39 40 41 49 50 55 56 58 67 68 69 71 72 77 78 79 80 94
shoelace 55
swedemen 20
stopover 30
symbolic 26 31 41 46 57 63 65 79 92
symbolik 63
symbolen 63
stepping 5 8 11 12 13 14 18 19 21 23 27 28 31 33 34 37 39 40 41 42 46 47 48 49 54 55 56 58 60 62 64 65 66 68 69 70 71 72 73 79 83 84 85
secrecie 45
suretyes 45
strumpet 49 55 77 79
salomoni 39
scottish 39 49 55
sequins. 79
situated 4 7 9 10 11 12 14 15 16 18 19 21 27 28 32 38 39 40 44 46 47 49 52 53 54 55 56 65 66 68 71 73 74 77 78 79 80 81 82 83 84 89 90 92 94 95
shamisen 66
splitter 44
scallops 33 37
stamboul 10
s’excuse 39
scurried 59 67
soberest 56
sextants 73
sluggard 3 26 49 64
suaviter 49
sunshine 4 5 6 10 12 13 14 16 19 21 22 25 26 27 28 29 30 31 33 35 37 38 39 40 41 46 47 49 51 52 54 55 56 58 59 61 65 66 67 68 69 70 71 72 73 74 76 77 78 79 80 81 83 84 85 87 90 92 94
sunshiny 6 56 68 70 78 94
sessoine 9
slopbowl 94
sapristi 12 18
spoonfed 55
sequaces 49
shrieked 1 3 5 8 10 12 13 14 17 18 21 26 27 29 30 33 34 37 39 40 41 43 44 46 48 51 55 56 61 68 71 72 74 76 79 82 84 85 90
slapbang 55
shippers 13 46 55
savingly 60
sanctum. 71
softlier 55
snowless 66
sobering 10 16 35 37 51 54
spirting 14 68
sequitur 9 27 49 53
schubert 39 94
schaffen 63
suppings 9
savagely 13 14 17 21 30 32 33 38 39 41 46 48 50 55 67 68 71 72 92 94
scholers 45
scylla’s 22
slowness 12 39 40 41 44 46 47 48 49 65 66 76 78 80 83 97 99
sherwood 9 69 94
shipyard 32 55
swelling 4 5 7 10 11 12 13 16 19 26 28 30 31 38 39 40 41 43 44 46 49 51 52 55 56 60 65 67 68 69 70 71 74 76 78 79 80 84 85 88 90 92
staveley 23
suppress 1 3 4 7 10 11 12 13 15 16 20 29 30 32 39 40 41 44 46 49 59 65 68 71 72 74 77 78 80 88 89 90 97
stuffing 13 14 27 37 41 42 55 58 61 65 66 68 72 78 93
sceattas 20
swansong 55
scarting 91
switches 13 27 32 37 39 44 50 55 63 67 69 86
switched 39 67 71
smoothly 4 10 11 14 15 18 19 25 27 28 31 32 33 35 37 39 42 43 44 51 55 56 60 68 71 76 77 78 83 86 89 94
seamen’s 49 60
shipping 6 9 13 14 21 28 30 32 35 40 43 46 48 49 55 60 68 70 73 74 78 81 83 90 94
savagery 12 30 31 40 51 69
savagest 71
smoothed 10 12 13 14 16 17 18 21 22 27 28 37 39 40 41 42 44 54 55 56 57 65 66 67 68 69 70 71 74 76 77 78 88 90 94
smoother 14 27 28 37 55 73 76 77 78 81 84 94
smoothes 92
sulphate 55
shingled 28 40
shingles 4 13 28 56 69 84
selitsky 56
soreness 1 10 44 77 94 99
squarely 12 13 26 30 33 39 51 55 56 59 67 78 92
saliente 49
shook.71 65
schedule 9 25 55 67
successu 49
successe 45
stood’st 65
scalcath 73
speranza 53
swindled 13 31 39 41 55 70
swindler 12 22 26 37 41 67 77
swindles 13 77
shrewish 11 56
secretly 4 5 7 9 11 12 14 16 17 19 21 22 25 26 27 29 30 31 32 35 36 37 38 39 40 41 42 43 44 45 49 53 54 55 56 57 66 67 68 69 71 72 74 76 77 78 79 80 81 84 88 90 92 94 97
staithes 46
soughing 31 59
sextilia 49
stoicism 10 34 57 92
sneezeth 26
swirling 37 46 54 55
securing 4 7 10 14 15 16 18 19 21 22 32 34 39 40 41 44 45 48 49 55 60 72 74 77 78 79 83 84 89 90 92 94 97
securius 49
security 4 6 7 10 11 12 14 15 16 17 18 19 21 22 23 26 27 29 32 34 36 37 39 40 41 42 44 45 47 48 49 50 51 55 57 60 65 67 68 69 70 71 72 73 74 76 77 78 79 83 84 85 86 89 90 92 93 97 98
serjeant 78 81 97
spitteth 26
securest 71 92
secureth 26
strongly 1 4 5 6 7 9 10 11 12 13 14 16 17 19 20 21 23 26 27 28 29 30 31 32 35 37 39 40 41 42 43 44 45 46 47 49 50 51 52 53 54 55 56 59 60 65 68 69 71 72 73 74 75 76 77 78 79 80 81 82 83 84 85 88 89 90 92 94 95 97
shunting 48
spoonful 6 10 12 37 38 41 55 67 68 70 71 72 73 79 94 99
stronger 4 5 6 7 9 10 11 12 13 14 15 16 17 18 19 21 22 23 26 27 28 30 32 33 34 35 37 38 39 40 41 42 43 44 45 46 48 49 50 51 53 55 56 57 60 65 67 68 69 70 71 72 73 74 76 77 78 79 80 81 83 84 85 89 90 92 93 94 95 96 97
scooping 13 55 72 78
satirist 10 39 82 83
satirise 66
shoebury 48
shakings 78
shoaling 40
specials 42 55
speciall 45
smithies 14 40 77
special. 37
smooth’d 65
s’long’s 13
seabloom 55
secreted 10 20 21 28 40 44 55 57 71 76 78 79 81
shoneens 42 55
scantily 1 39 42 46 49 55 71 76 89
sealskin 41
spoonies 10
spooning 42 55 73
semester 62
sublapsa 49
scantier 10
smithers 78
sedative 10 14 67 71 92
somewhar 27
somewhat 2 4 5 6 7 9 10 11 12 13 14 15 16 17 18 19 20 21 22 23 25 26 27 28 30 32 34 35 37 39 40 41 42 43 44 45 46 47 49 51 53 54 55 56 59 60 61 63 65 66 67 68 69 71 72 73 74 75 76 77 78 79 80 81 82 83 84 85 88 89 90 92 94 95 98 99
sandgate 71
spearing 77
sidmouth 71
suffused 10 18 29 39 40 41 42 46 55 57 68 72 78 79
spoyling 45
selfhelp 55
securely 6 7 10 12 15 17 18 22 25 28 30 40 42 44 46 48 49 54 58 60 65 67 68 69 71 72 74 76 77 79 80 83 84 85 88 90
stewards 12 13 22 39 42 45 53 79
soissons 49
shrouded 10 12 14 24 26 27 29 30 32 39 40 41 46 47 48 53 55 68 79 80 84 92 93 94
ssigkeit 63
sublatis 49
selvedge 55
specific 6 7 8 9 12 13 14 22 24 27 28 29 30 33 34 35 39 40 46 48 49 51 52 53 56 57 58 63 64 66 67 70 71 73 77 78 79 81 82 83 84 86 87 88 89 90 91 92 94 95 96 97 98 99
sorrowin 46
shiverin 46
shivered 9 10 12 13 14 20 23 27 28 30 31 33 35 37 40 41 42 43 44 46 47 48 49 51 56 57 58 67 68 69 71 72 76 77 78 79 84 93
sorrowed 9 38 85 88
sorcerer 12 26 31 33 38 77 96
spearmen 20
sedately 17 37 39 55 60 71 78 79
sanctius 49
sandoval 77
sanctity 9 10 12 27 35 39 40 41 45 49 55 73 77 79 85 88 92
sanction 4 7 8 10 11 12 13 16 20 22 27 28 32 37 39 41 46 49 65 68 71 76 77 78 79 80 82 84 89 97
swooning 10 12 22 37 55 67 78 82 84
suprises 68
shadowes 98
shadowed 18 23 27 40 43 48 49 51 55 65 67 68 71 78 79 81 84 85 88 94
spitting 6 12 14 26 27 28 37 39 42 44 46 49 55 70 72 77 82
sanctify 12 15 26 28 46 64 65 84
sneezing 3 37 40 49 51 55 71 73
shrivels 55
squaring 14 22 27 40 50 55 60 76 78 80
sooffolk 71
starwise 39
spittoon 55 66 76 78
sauciest 94
salubres 49
sillette 12
saunters 55 78
shackles 13 26 27 69 71 77
shackled 8 13 14 31 33 34 51 55
spittles 92
strong’s 71
spurgeon 55 56
samana’s 35
saluting 6 12 22 39 42 49 55 68 77 78 79
shrewdly 5 10 14 27 30 42 44 51 55 71 80 82 85 93
sintians 22
symptoms 1 11 12 14 16 18 19 21 27 34 39 40 41 44 46 49 52 54 55 57 65 68 69 70 72 74 76 78 79 81 84 85 90 92 94
shrewder 26 51
soutabel 91
spouting 21 26 40 48 55 65 69 79 92
shocketh 26
stifleth 26
savannas 12 40
savannah 4 6 21 51 60 81
shiver’d 65
senateur 92
sickroom 39 42 94
sphynxes 84
spinster 10 12 21 50 78 94
sanildes 53
simplest 5 9 12 14 19 21 26 28 36 37 39 40 41 42 44 46 47 49 51 55 57 63 65 67 69 73 74 77 79 80 84 90 92 94
sodomite 55
slumming 55
schemata 63
spurnest 26
stichius 65
samphire 40 94
selenite 23 48
surmises 10 11 12 13 16 34 37 39 40 41 43 46 53 68 78 92
surmised 10 12 16 34 39 40 55 72 75
serpents 3 9 12 13 18 20 23 26 40 45 49 55 57 65 71 73 77 78 79 81 82 84 88 91 92 98
syrupped 55
seneskal 70
swearing 4 6 10 12 13 14 17 27 30 32 34 37 39 40 41 45 49 50 55 56 60 66 70 72 73 76 77 78 79 81 82 83
snowdrop 38
shocking 1 4 6 10 11 16 19 20 27 29 31 32 33 36 37 40 41 43 49 54 55 59 65 66 71 72 73 74 78 79 81 82 83 90 91 92
spouters 40
sibilant 55 56
shudder. 38
sheeting 55 83
sceptres 65 77
sceptred 65 77
stwaight 39
soundest 9 28 40 49 71
soundeth 26 45 88 98
sounders 76
seceding 26
stoutest 12 13 17 20 22 30 34 40 49 55 77 81 97 99
sanguine 4 10 11 14 15 16 19 23 27 32 39 46 49 55 65 66 68 71 72 76 77 78 79 80 81
sanglote 12
shudders 13 39 44 46 65 72 78
sumner’s 51
scramble 5 6 12 16 18 23 33 40 47 48 52 55 56 61 70 71 76 77 94
swearers 73 76 81
sweareth 45
svyetlov 41
swathing 12 42 49 77
stopples 28
sanglier 12
scribere 12 49
senators 7 9 12 39 40 45 49 73 79 81 88
schiller 10 12 37 41 51 92 94
sizzling 5 13 48 55
studying 10 11 12 13 14 21 23 25 26 27 28 30 31 34 37 39 40 41 42 44 45 46 49 51 55 56 58 66 68 69 70 71 72 74 76 77 78 79 80 83 87 88 89 90 94
suitcase 62
socrates 12 45 49 51 55 63 65 66 73 79 80 83 84 89 92 94 95
socratem 49
selina’s 16
socratic 40 49 55 80 83 89 92 94
socratis 65
spirally 40
sepultus 84
stuccoed 18
signor’s 77
syphilis 55
senesque 49
shougers 91
sepultae 49
scheming 10 11 14 21 22 40 43 68 71 92
swelters 84
sepultos 49
snugness 10 40 71 85
syriacum 98
strained 1 9 10 12 14 17 18 22 23 26 27 28 30 31 33 34 36 37 39 40 41 42 43 45 46 48 49 50 53 54 55 56 57 59 67 68 71 72 73 74 76 78 79 80 88 90 92 94 98
strainer 12 28
syriacke 45
scimitar 49 53 73 77 78 79 80 82 84
schedius 65
straiten 60
solvatur 49
stifling 4 5 6 10 12 13 14 18 23 26 31 37 39 40 41 48 49 55 56 67 69 71 78 79 84 85 89 94
supinely 84
simplice 12
stirrups 12 23 39 49 52 70 77
simplify 10 21 28 34 46 79 92 95 96
speriamo 55
straitly 51 85 88
sullying 68
souldier 45
spurning 27 49 55 68 76 77
snelling 46
schemers 77
sundered 4 10 20 22 28 32 39 42 55
subiects 98
sidereal 12 48 55 84
segniale 53
straight 3 4 5 6 7 8 9 10 12 13 14 17 18 19 20 21 22 23 25 26 27 28 29 30 31 32 33 34 35 36 37 38 39 40 41 42 43 44 45 46 47 48 49 50 51 52 53 54 55 56 57 58 59 60 61 62 63 65 66 67 68 69 70 71 72 73 74 75 76 77 78 79 80 81 82 83 84 87 90 92 93 94 95 98 100
spanishy 55
shipworm 55
sismondi 39 49 96
scarring 30
somthing 45
scepters 45
stunning 4 6 14 18 27 32 37 40 65 68 69 71 79 94
sixtieth 12 49 79 94
snapshot 55
stephens 27 55
s’adorer 12
stebbins 27
sniffled 18 26
sniffles 12 55
saurians 47
stemming 71
sonantia 49
starfish 71
seaweedy 55
seaweeds 25
stopped. 21 38
sladdery 78
shagreen 12 79
stoppers 14 42 76
scribble 12 21 37 41 49 55 66 69 83 94
sharkish 40
sharking 78
sameness 11 12 27 56 65 77 80 83
shallops 79
shallows 10 14 28 40 46 55 56 67
shallots 12
sneering 4 6 10 11 16 17 27 30 37 40 41 46 50 51 54 66 67 71 72 77 78
scumming 73
stephano 55
sniffing 5 6 26 30 31 39 41 43 55 56 69 71 77 94
sureties 34 45 77
seehears 55
senate’s 49
stunners 71
sommer’s 9
sardines 17 28 53 55 67 77 94
sorhaute 9
sardinia 12 22 49 79
stowaway 55
stripped 4 7 9 10 12 13 14 21 22 24 25 27 28 30 31 32 36 38 39 40 41 42 44 46 49 51 54 55 60 66 69 71 73 76 77 78 79 80 81 82 83 85 88 96 97 99
swilling 55 71
schreibe 63
stripper 55
stopping 1 3 4 5 6 7 10 11 12 13 14 16 18 19 21 23 27 28 29 30 33 34 35 37 38 39 40 41 43 44 46 47 48 49 50 51 52 55 56 57 58 61 65 67 68 69 70 71 72 73 74 76 77 78 79 81 85 86 89 90 93 94
stirring 1 3 5 6 10 11 12 13 14 15 16 17 18 19 20 21 22 23 27 28 29 30 31 32 34 35 37 38 39 40 41 42 44 45 46 47 48 49 51 53 55 56 57 60 65 67 68 69 70 71 72 73 76 77 78 79 80 84 85 88 93 94
sailorly 6
sunspots 55
sitinems 55
stopgaps 55
stripp’d 65
sepulcri 49
shieling 55
settings 39 41
shatters 39 79
stobaeus 49
sperrits 6
setting. 79
sequatur 49
sigillum 63
snubbing 5 30 41
sublimes 49
sublimer 40 76 88 92
sweepnet 53
suckless 72
strain’d 65
sing’lar 27
stirrest 26 49 88
sceptics 37 95
swillale 55
semitism 92
sciatica 55
sequamur 49
sturdier 51 85
seafloor 55
sturdily 20 28 39 43 51 69 71 77 84 85 93 94
signoras 10
striping 49
subscrib 83
signoria 7
scarabei 94
shottery 55
shapland 55
seamorse 55
sholders 91
sanitary 12 47 48 55 80 89
sanitate 49
shriller 13 73
solvable 39
stoppage 12 15 30 39 44 65 76 78 86
schumann 92
sufferer 1 4 10 11 12 14 15 19 21 26 27 39 41 42 44 45 46 49 50 54 69 73 74 76 77 78 79 80 84 85 90 92
suffered 1 4 6 7 8 9 10 11 12 13 14 15 16 17 18 19 20 21 22 23 26 27 28 29 30 31 32 33 34 35 36 37 38 39 40 41 42 43 44 45 46 47 48 49 51 53 54 55 56 57 59 60 61 65 66 67 68 69 71 72 73 74 75 76 77 78 79 80 81 82 83 84 85 88 89 90 92 94 97 98 99 100
santonic 49
santones 49
schione. 53
superbly 12 17 20 23 44 55 78 79 91
scrapers 13
salvador 60
smirking 26 34 55 71 77
serveiah 45
sufferin 27 70
soggarth 55
spanking 42 48 55 56 67
somehows 14
superant 49
slippers 1 10 12 13 18 21 23 27 29 31 37 38 39 41 42 44 46 47 48 50 55 56 66 67 70 71 72 76 77 78 79 84 87 93 94
slippery 3 10 12 13 14 16 17 21 26 27 30 33 37 38 39 40 44 48 49 55 56 57 65 71 77 78 79 80 83 84 88 92 94
spinnage 68 71
stuporis 49
scoperta 53
squalent 49
superbia 49
superbis 49
siquijor 53
slashing 12 18 27 30 32 40 49 71 77 86
schoenos 65
skirties 55
superadd 40 49 71 89
slipper. 38
skirting 12 18 26 34 40 41 48 55 57 68 74 76 90
sugarbin 55
smurov’s 41
sonaglio 53
scanning 12 13 22 23 27 29 37 39 40 41 48 55 66
shadiest 10 22 28 40
shepherd 3 4 10 12 14 20 22 24 26 27 28 30 38 41 43 45 48 49 53 55 64 65 71 74 77 78 79 80 88 90 92 94 97
shirring 56
steepish 29
seekress 26
scraping 1 12 18 21 27 34 39 40 41 42 46 48 49 55 56 57 59 69 70 71 73 78 79 83 93 94
sparsely 6 12 43 53 84
spontoon 82
susteine 45
servedst 26
streamer 28 47 48 55 57 71 79 94
streamed 5 10 12 13 19 21 23 27 30 31 37 38 39 40 41 46 47 48 55 56 68 71 72 74 77 79 84 85 90 93 94
softness 5 10 11 12 14 16 18 27 31 33 35 37 39 40 41 44 46 47 48 49 55 56 60 65 68 69 71 72 73 74 77 80 84 85 90 94
spinning 6 12 14 21 22 26 27 28 30 38 39 40 41 47 48 49 52 55 57 61 70 71 76 77 78 81 94
swanmeat 55
shunning 22 26 40 72 77 88
spinners 92
septimus 79
squall’s 40
samnites 49
spavined 40 55
spinnest 26
spinneys 48
shopping 11 13 16 18 21 27 28 43 44 46 55 62 94
shadrach 40
sachlage 63
swanmews 55
schriebe 63
seadeath 55
sureness 12 18 47 49 66
stinting 32
steeples 13 49 55 61 74 78 90 93
streaked 5 8 10 12 13 17 21 27 37 40 41 44 48 49 55 70 85
skylight 12 14 21 28 41 47 70 71 72 77 78
semidark 39
staining 21 23 39 44 60 76
schnapps 39
speaketh 9 20 26 45 77 88
speakers 6 7 13 27 33 39 41 45 55 65 71 79 80 88 93
speakest 9 26 40 49 77 88
skimpole 78
streak’d 65
spendeth 45
spenders 97
squalled 73 94
shiftily 39
superman 26 55
sedition 12 45 49 65 80 97
shifting 3 6 7 10 11 12 13 26 27 30 33 37 39 40 41 45 46 48 49 51 52 54 55 56 60 63 65 67 71 72 74 77 85 88 90 92
sigemund 20
sidearms 55
subjugat 49
sweetned 45
slacking 27 40 49
swerving 39 55 88
skillful 4 39 41 49 77 86 94
stoniest 43
scientes 49
sideseat 55
sundial. 21
swatting 55
softened 1 4 5 10 11 12 14 16 18 19 21 22 23 27 28 29 30 37 38 39 41 43 44 46 48 49 51 53 54 55 56 59 65 68 70 71 72 74 76 77 78 79 80 83 84 85 88 90 93 94
softener 19 40
sundials 21 67
speaking 1 3 4 5 6 7 8 10 11 12 13 14 16 17 18 19 20 21 22 23 26 27 28 29 31 32 33 34 35 36 37 38 39 40 41 42 44 45 46 47 48 49 50 51 52 53 54 55 56 57 58 59 60 61 62 63 64 65 66 67 68 69 70 71 72 73 74 75 76 77 78 79 80 81 82 83 84 85 88 89 90 91 92 93 94 95 97 99 100
sneaking 10 12 14 26 27 28 40 48 55 56 58 68 69 70 71 72 76 79 94
sensibus 49
stilling 79
superior 4 7 8 10 11 12 13 14 15 16 18 19 21 22 26 27 28 29 30 32 34 35 36 37 38 39 40 41 42 44 46 48 49 50 51 52 53 55 59 60 63 65 66 67 68 69 71 72 73 74 75 76 77 78 79 80 81 82 83 84 85 88 89 90 92 94 96 97
software 62
sydney’s 76
sensibly 4 11 14 19 27 28 37 38 39 40 41 42 44 46 48 49 51 55 60 63 69 71 73 74 76 77 78 83 88 90
sensible 5 10 11 12 14 15 16 18 19 21 22 23 26 27 28 29 31 32 33 36 37 38 39 40 41 42 44 45 47 48 49 50 51 55 56 58 59 60 65 66 70 71 72 73 75 76 77 78 79 80 81 82 83 84 85 88 92 93 94 95 97 100
sensibns 49
spending 4 6 10 11 12 13 14 16 17 18 19 22 27 28 32 34 37 38 39 40 41 44 47 49 50 51 56 60 66 68 70 71 72 73 76 77 78 79 80 82 83 85 89 94 97
sweetish 12 28 55
seventey 91
slinging 34 50 68 72
shadings 40 56 70
sevenths 39
shopgirl 55
smothers 69 78
smothery 69 70
sweeties 55 56
sebond’s 49
sacristy 12
scragged 68
surtouts 12 79
sapheads 70
staphyla 12
surfaces 12 19 23 28 31 55 65 75 76 80 84 86
saunders 16 51 83
stream’d 65
stream’s 84
superest 49 97
skerries 42 55
salaries 12 13 45 51 79
silver’s 6 69
salaried 78
splutter 33 37 47 54 69
stillest 17 18 26 78
slashers 12
syracuse 7 12 22 40 41 49 79 82 97
skitting 55
sneakers 62 67
skittish 4 27 39 55 72
supplant 45 49 50
shooting 6 9 10 11 12 14 17 19 21 22 23 27 32 33 37 38 39 40 41 43 44 48 49 50 52 53 55 56 57 58 60 61 65 66 68 70 71 72 73 74 77 78 79 80 81 83 84 90 94
sweetens 10 55
sbufando 53
scullion 12 28 38 55 82
stumbled 4 6 9 10 12 13 18 20 21 23 27 30 31 33 34 37 39 40 41 43 44 46 48 49 51 56 57 61 67 68 69 72 76 77 78 79 80 84 85 88
stumbles 38 50 55 65 78
stanhill 19
silanion 12
scaffold 9 10 12 14 37 41 43 49 51 54 55 68 73 74 76 77 79 85 90 95
s’accuse 39
somtimes 45
sweetest 5 10 11 12 13 16 19 26 27 28 29 32 35 39 40 41 44 49 51 52 55 56 61 65 66 68 70 72 74 75 76 77 78 79 84 90 94 100
sewell’s 55
stagnant 5 6 12 13 14 21 28 37 40 46 47 49 55 67 68 78 89 93
sultan’s 40 71
skittles 12 39 71 78
syphax’s 49
subsolar 55
silverly 56
silvered 10 12 21 27 43 53 55 78 79
search’d 65
sycamore 9 18 55 65 69 79 84
stagnate 10 23 28
saturano 53
sinnlich 63
solertem 49
solertia 45
sminthos 65
strophes 12
selfsame 20 26 55 64 85
saturate 7 86
soufflet 12
suitor’s 22 76
splinter 12 28 37 39 40 48 49 55 59 70 72 76 77 93
samovars 37 41
scully’s 13
subsolid 55
saturn’s 40 49 65
smouched 70
saturday 4 5 9 11 12 13 14 16 17 18 19 21 32 37 39 40 41 42 43 44 46 48 49 51 53 55 56 57 62 66 67 68 69 70 71 75 76 77 78 79 82 83 84 94 99
swooping 22 39 40 55 76
spectare 49
squirted 48 55
smokeing 67
spectant 49
seagreen 55
sparrows 12 14 23 38 39 41 46 47 49 53 55 66 71 73 76 78 88 94 100
spectavi 49
sporting 12 13 14 18 19 26 27 28 40 42 44 49 50 55 65 66 67 72 78 98
soldered 12 46 72
supermen 26 55
specking 10
signpost 55
snuggery 18 39
seemings 45
smoulder 8 47 68 89
snuggest 17 69 71
sportive 11 14 49 65 66 71 77 78 85 94
surgeons 9 34 40 42 43 49 51 55 65 71 72 73 77 78 82
stoker’s 55
supernal 28 40 55
slyboots 39 55 78
shovels. 38
streight 45
stinteth 9
shoveled 13 39 70 94
shoveler 13
squatter 13 28
squatted 6 17 18 21 26 27 28 30 31 39 40 42 44 55 81
stammers 12 37 55 78
summer’s 4 12 18 23 24 32 38 49 51 52 55 65 66 79 80 84 85
supplies 1 7 12 13 15 20 22 23 39 40 43 45 49 51 52 53 55 56 60 63 65 67 68 71 75 76 77 78 79 80 81 82 83 86 88 89 95 96 97 99
supplice 23
supplied 1 2 4 5 6 7 9 10 11 12 13 14 15 16 17 18 19 20 21 22 27 28 29 39 40 43 46 49 50 51 53 54 55 56 57 60 65 66 67 68 72 73 74 76 77 78 79 80 81 83 84 85 88 89 90 94 95 97
steepest 19 76
snowfall 30 46
specters 13 56
sam.11.6 45
stoutish 6 41 71 78
spectent 49
speckled 12 14 21 26 33 34 40 55 65 68 69 70 71 76 78 83 84 85 93 94
sounding 1 5 6 10 12 13 15 18 20 21 22 26 27 28 29 30 31 38 39 40 46 49 52 53 55 56 57 59 64 65 66 68 71 72 73 74 76 77 78 79 80 81 84 88 90 94 97
spotting 84
smoker’s 40
speckles 21 66
spurious 14 26 42 49 55 65 77 80 84 92
spectful 27
sumthing 91
sciences 12 28 39 40 41 45 49 55 63 71 73 74 77 79 80 81 82 83 88 90 92 95
stanhope 55 65 81
steeping 44 76 88
sutler’s 12 39
spurring 9 27 39 41 76 77
saturity 49
salvieux 79
shuffle. 77
shuffled 14 21 28 31 33 34 41 43 49 55 56 59 67 68 71 72 78 84 93
shuffles 51 55 78
sorriest 26
snortest 26
sundries 68 78
sparring 55
supplest 26
scullers 14
scullery 5 39 43 48 50 55 68
scrutiny 10 11 12 14 27 28 29 34 37 39 40 41 42 44 46 48 54 66 67 68 71 77 79 84 85 95
skinkers 20
senorita 55
stabbing 14 18 23 29 37 39 40 41 46 55 94 98
sinnlose 63
susurros 49
stinking 9 13 26 37 41 45 49 55 76 77 78 99
soften’d 65
shooteth 26
stoodest 26
sheeny’s 13
seneca’s 49
segments 80
synopsis 14 53 55
stinkest 9
stinketh 26 37
stinkers 55
sacrific 98
sellings 71
swancomb 55
snorting 3 13 14 26 33 39 40 42 52 71 72 76 79
slipping 5 6 8 12 13 14 17 21 27 30 33 37 39 40 41 42 44 47 48 49 51 52 53 55 56 57 58 67 68 69 70 71 73 77 78 79 81 83 84 94
spotters 13
shabille 13
stolidly 13 34 37 40 41 43 46 50 78
seasonal 62
seasoned 2 12 18 22 28 40 42 45 46 49 50 55 66 68 72 77 84 88
saturnia 65
sittings 12 49 72 84
simpered 11 17 19 71
squealed 33 37 39 41 44
slattery 55
scission 55
slattern 10 72
sessions 14 55 68 76 98
specimen 4 10 12 16 17 18 19 21 23 27 29 31 32 34 37 39 40 41 46 47 48 55 66 67 68 70 71 72 74 77 78 79 81 83 85 90 91 94
skeptics 32 39 49 92
silence. 71
silenced 6 7 10 11 13 16 19 25 26 31 38 39 40 41 42 45 51 55 56 65 71 72 79 80 88 89 92 94
silences 12 17 20 28 40 46 51 64 69 76
sicilies 49 53
screened 4 10 12 14 19 34 39 41 42 55 68 77 78 79 93
solisque 49
sergeant 12 13 14 28 33 34 39 42 46 55 71 78 79 82
sicilian 7 22 23 40 49 79 80
sporadic 18 21 55 67
sheppard 46
stabling 6 39
sloughed 50
scapular 55
skewered 40 55 71
steuerli 55
specious 12 15 16 29 32 43 45 78 79 80 84 97
staylace 14
serenity 1 10 11 12 16 26 28 29 31 37 39 40 41 47 48 49 64 68 71 74 77 79 81 85 88 90 92 94
sanscrit 50 90
sivilize 70
shiniest 70
sociable 10 13 14 19 27 28 29 31 40 45 49 55 56 57 60 66 70 72 78 82 83 94 97
sociably 18 27 40 45 56 60 68 71 77
suadency 55
sprachen 63
sandbank 47
squabble 12 23 42 50 51 55
saavedra 77
sandbags 55 77
swallows 12 17 23 28 40 49 52 53 67 77 78 79 80 84 94 100
subdueth 45
spindled 40
spindles 38 39 40
suadente 77
skywards 46
sweating 12 17 21 22 27 30 39 40 48 51 55 57 65 77 81
screwing 12 14 17 37 39 40 46 55 68 71 76 78
sullivan 4 55
subduing 10 16 21 34 45 46 49 71 72 74 77 80 84 88 90 97
scrolled 40
searchin 5
searches 35 39 40 49 55 68 78 79 84 88 95 98
searcher 12 26 35 38 81 83 88
searched 1 4 5 9 10 12 13 14 19 20 21 22 23 27 28 29 30 32 35 37 38 39 41 42 43 46 47 48 49 52 55 56 60 64 65 66 67 68 69 70 72 73 77 78 79 81 83 84 85 88 94
sparkles 10 12 14 21 27 28 51 55 58 65 67 78 85
sparkled 10 11 12 14 18 20 21 26 33 34 38 39 42 44 46 52 55 56 60 61 65 72 74 76 78 79 82 84 85 90 93 94
sentence 1 2 3 4 5 6 7 8 9 10 11 12 13 14 15 16 17 18 19 20 21 22 23 24 25 26 27 28 29 30 31 32 33 34 35 36 37 38 39 40 41 42 43 44 45 46 47 48 49 50 51 52 53 54 55 56 57 58 59 60 61 62 63 64 65 66 67 68 69 70 71 72 73 74 75 76 77 78 79 80 81 82 83 84 85 86 87 88 89 90 91 92 93 94 95 96 97 98 99 100
sighings 12
squeaked 3 12 13 17 33 39 56 67 70
squeaker 14
squirely 77
subtract 2 12 28 40 79 86
serenely 10 12 21 28 39 40 41 48 65 69 78 94
serenest 40 71
striated 55
strachey 9
scylding 20
sawtooth 86
sparking 52
scoffers 37 41 77 92
saltblue 55
stellata 65
scudding 39 42 46 55 60 68
settled. 71
skindeep 55
sturgeon 40 55
spelling 4 9 14 15 26 27 28 32 37 39 40 45 46 49 51 53 54 55 56 63 66 69 70 71 72 78 83 85 87 94 98
segowlee 33
seaspawn 55
sustulit 49
scrubbed 12 13 22 27 28 37 39 40 51 56 68 69 72 76
swamping 6 40 55
subtilis 82
scissors 4 6 10 12 16 18 19 21 27 38 41 43 52 53 55 56 57 60 66 71 72 75 77 78 79 94
saleable 2 81
stipulis 49
subtilty 9 15 40 45 49 88
sailings 40
seminary 10 12 16 27 39 51 55 73 77 94
stresses 20 55
staggers 13 32 40 55 64 70 77 78 79
shambled 23 27 30 33 52
shambles 2 10 22 23 26 27 55 78
settlers 28 31 34 40 51 52 78 83 85 89
selfless 26 92
squirrel 5 18 27 28 36 38 39 52 55 58 66 69 73 81 85 94
spartans 7 12 49 55 65 80 89
scoffing 12 41 49 55 65 74 88 90
somerset 12 19 27 28 40 81
surcease 65
scalebox 62
squakeag 99
sourness 19 49 71
socially 12 17 39 40 50 51 56 83 89
snuggled 13 18 46 70
sight283 65
stratton 28 55
sicklied 70 80
starrier 56
starring 39
satisfie 45
senility 12 21 39 55
survey’d 65
stylites 40 55
squirmed 13 30 56 58
satiated 1 12 31 44 49 74 82 88 90
statiate 49
seaboard 28 55 67 85
sthetics 37 40 63
slurring 21 39
satiatur 49
siftings 51
shutting 3 5 10 12 13 14 18 19 21 23 27 28 29 30 32 33 36 38 41 44 45 46 52 55 56 67 68 70 71 72 73 74 76 77 78 79 84 90 92 93 94
sirloins 42 71
slingers 49 65
squashes 94
squashed 28 50 55 73
succored 12 20
sejested 70
surround 1 7 10 12 26 27 28 29 32 39 40 41 43 46 55 60 65 71 73 74 77 78 79 80 82 85 89 90
suspends 12 20 40 65 79 89
shoreman 75
suspendu 12 84
sunamite 55
scelerum 49
spiffing 55
sextuple 55
sceleris 49 97
suspense 1 4 7 10 11 12 13 14 16 17 18 19 20 23 29 34 37 39 40 41 46 48 49 53 54 56 65 68 69 71 72 74 75 76 77 78 79 81 84 88 90 94
snarling 8 10 13 14 30 41 61 68 69 77 78 79
strategy 12 17 39 55 79
scelesta 49
shuttled 55
shuttles 22
scrawled 12 17 18 21 23 27 31 34 39 41 43 55 67 69 70 72 76 78 79
sidney’s 55
splendid 1 5 7 10 11 12 14 17 18 20 21 22 23 26 27 28 29 30 31 32 33 34 35 36 37 38 39 41 42 43 44 46 47 49 50 51 52 55 56 57 58 61 65 66 67 68 69 70 71 72 73 77 78 79 80 82 85 89 91 93 94
seashell 84
separate 4 5 6 7 10 11 12 13 14 15 16 18 19 20 21 22 23 25 26 27 28 29 30 32 34 37 38 39 40 41 44 45 46 48 49 51 53 54 55 57 60 63 64 65 67 68 69 70 71 72 75 76 77 78 79 80 81 82 83 84 85 86 88 89 92 93 94 95 96 97
splendet 49
skeezing 55
sluggish 12 13 14 16 18 20 23 28 31 40 43 44 48 49 55 57 66 68 71 77 79 84 85 88 92 100
splendor 1 12 15 18 20 27 28 29 50 51 52 56 69 79 84 85 91 94
spacious 1 4 10 11 12 14 16 19 20 22 26 27 28 30 37 38 39 40 41 42 49 52 54 60 65 69 77 78 79 84 85 88 93 94
seatless 12
sparta’s 65
spileing 78
snatch’d 65
sasenaye 12
seruants 98
shutters 10 12 13 14 18 19 21 23 27 29 37 39 40 41 42 44 46 48 52 54 68 70 71 72 74 76 78 79 84 85 90 93
scotland 5 9 10 11 12 16 19 21 23 28 34 40 42 44 45 46 49 51 54 56 65 71 74 75 78 81 83 84 90
salaamut 33
succours 49 65 77
saviours 12 26 45 55 80
scalding 4 10 18 40 55 65
saugiers 12
salaamed 5
slackens 39
sediment 28 49 55 68 69 76 79 92
subserve 1 40 49 85
salvator 12 79
scatters 27 32 39 49 65
scotched 77
snilpall 73
specalat 70
shopworn 13 66
screechy 70
stratius 22
screen’d 65
sinkings 85
swinefat 55
sireland 55
stepsons 39
swaddled 12
swaddles 55
swaddler 55
suspects 4 7 11 12 17 19 32 34 36 37 39 40 43 54 65 67 78 79 92
snoozing 40 68
second’s 13 33 71
scarcest 6
scandals 13 21 23 37 39 41 51 55 77
scandall 45
spritely 94
shoeless 40 68 78
surveyed 10 12 14 18 21 23 27 28 29 30 39 42 43 47 49 55 56 68 69 71 72 73 76 77 78 79 84 88 94
surveyor 14 28 55 79 83 85 92
scumfish 33
smooches 25
senectam 49
senectae 49
suffer’d 65
scorched 4 10 12 13 14 18 20 26 28 30 35 39 40 41 47 48 49 60 68 69 70 71 76 78 85 94
scorches 10 12 37 38 40
singsong 33 35 39 55 88
solacing 12 27
submovet 49
scarcely 1 4 5 6 7 9 10 11 12 13 14 15 16 17 18 19 23 24 26 27 28 29 32 34 36 37 38 39 40 41 42 44 46 47 48 49 51 52 53 54 55 56 57 60 61 65 66 67 68 69 71 72 73 74 76 77 78 79 80 81 82 83 84 85 88 89 90 92 93 94 95 97 100
semiviri 55
sanskrit 53 74 94
signifie 45
spenlows 71
spazzums 71
sensisse 49
somberly 13 39
schincho 53
senectus 49
serenade 28 94
sprechen 63
solisdan 77
struggle 4 5 6 10 11 12 13 14 15 16 17 18 19 20 21 23 26 27 28 29 30 32 33 34 35 36 37 39 40 41 42 44 46 47 48 49 50 51 54 55 57 60 61 65 67 68 69 71 72 73 74 75 76 77 78 79 80 83 84 85 88 89 90 92 93 94 96
squire’s 6 38 55 72 77
slanders 12 41 72
strato’s 49
studious 2 6 10 11 12 13 14 27 28 34 40 42 49 54 55 56 65 66 71 73 76 77 78 85 88 89 92 94 98
satetoya 66
salaryes 45
silently 1 5 6 9 10 11 12 13 14 15 16 17 18 19 21 22 23 26 27 28 31 33 34 35 37 38 39 40 41 45 46 47 48 49 50 51 54 55 57 58 60 61 66 67 71 72 76 77 78 79 80 81 83 84 85 88 92 93 94
scopulis 49
snoozled 72
scarcity 7 11 13 28 40 49 60 68 70 76 77 79 81
safety’s 40
snatches 6 12 17 21 31 39 40 41 49 50 55 65 66 68 69 70 71 74 76 77 78 79 80 82 84 90 98
snatcher 46
snatched 4 6 10 12 17 18 20 21 22 23 26 29 31 32 34 37 38 39 40 41 42 43 44 45 46 47 48 49 53 55 56 57 61 65 66 67 68 69 70 71 72 73 74 76 77 78 79 81 85 90 94 98 99
