t’en 12
t’ob 12
t.’s 12
t.c. 71
tabs 12
taan 72
tack 6 10 13 21 28 39 40 49 50 53 55 66 68 73 77 78 79
tact 10 12 14 18 20 27 29 39 41 42 44 51 55 65 76 78 79 92 94
tace 55
tafa 39
taen 65 72
tael 53
taes 65
tags 13 17 21 22 40 77 78
taga 53
tagi 49
tais 12
tain 49 70 78
tail 3 5 6 9 10 12 13 14 17 21 22 23 26 27 28 30 31 33 37 38 39 40 41 42 44 46 47 48 49 52 53 55 56 58 60 61 65 66 68 69 70 71 72 73 76 77 78 79 81 83 84 85 92 93 94 99 100
taim 55
tait 10 12 39 55
talo 53
tale 1 3 6 9 10 12 13 15 17 18 19 20 21 22 23 26 27 28 29 30 31 32 33 34 35 37 38 39 40 41 42 43 44 46 47 48 49 51 52 53 54 55 56 57 61 62 65 67 68 69 70 71 72 74 76 77 78 79 80 81 82 84 85 88 90 92 94 96
talc 13 55
tala 12
talk 1 2 3 4 5 6 9 10 11 12 13 14 15 16 17 18 19 20 21 22 23 25 26 27 28 29 30 31 32 33 34 35 36 37 38 39 40 41 42 43 44 45 46 47 48 49 50 51 52 53 54 55 56 57 58 59 60 61 62 63 64 65 66 67 68 69 70 71 72 73 74 75 76 77 78 79 80 81 82 83 84 85 86 88 90 91 92 93 94 96 97 98 99 100
tall 1 4 5 6 8 10 11 12 13 14 16 17 18 19 21 22 23 26 27 28 29 30 31 33 34 35 37 38 39 40 41 42 43 44 46 47 48 49 50 51 52 53 54 55 56 57 58 59 60 61 65 66 67 68 69 70 71 72 73 74 75 76 77 78 79 80 81 82 84 85 90 91 93 94 98 100
taks 91
take 1 2 3 4 5 6 7 8 9 10 11 12 13 14 15 16 17 18 19 20 21 22 23 24 25 26 27 28 29 30 31 32 33 34 35 36 37 38 39 40 41 42 43 44 45 46 47 48 49 50 51 52 53 54 55 56 57 58 59 60 61 62 63 64 65 66 67 68 69 70 71 72 73 74 75 76 77 78 79 80 81 82 83 84 85 86 87 88 89 90 91 92 93 94 95 96 97 98 99 100
takh 39
tant 10 41 49 65
tang 33 48 55 56
tano 53
tank 4 12 13 30 33 55 62 67 79 86 93 94
tame 5 9 10 12 14 19 26 27 28 32 33 40 46 48 49 53 55 60 61 65 69 70 72 73 76 77 78 79 80 81 85 88 92 94
tamb 39
taps 12 13 14 33 41 42 55 56 71 72 78
tapi 53
tape 10 12 17 27 34 37 40 41 51 55 68 70 71 78 85 94
tapn 78
tat. 71
tare 28 53 55
tars 17 40 55 79 94
tart 3 10 16 42 49 53 55 56 71 78 83 94
taro 7
tarn 28 49 84
tard 39
tara 55
taua 53
tati 53
tats 39 63
tato 53
tate 46 53
tata 53
task 1 4 6 7 9 10 12 13 14 15 18 19 21 22 26 27 28 30 32 34 35 36 37 38 39 40 41 42 43 44 45 46 47 48 49 50 51 55 56 57 59 61 63 65 66 68 71 72 74 75 76 77 78 79 80 83 84 85 88 89 90 92 93 94 95 96 97
tash 40
tast 45 91
tavi 33
tauo 53
taut 6 8 18 30 55 79 92
taxi 50 67 86
taxe 45
tawn 40
taza 53
tm’s 4 33 34 35 44 49 50 52 56 71 77
tchk 33
to’t 14 17 49
tea. 71
teat 44 53 55 97
teau 12 79
tear 4 5 8 10 11 12 13 14 16 17 20 21 22 23 24 25 26 27 31 32 33 34 36 37 38 39 40 41 43 44 45 46 49 51 54 55 56 57 58 61 64 65 66 68 69 70 71 72 73 74 76 77 78 79 80 81 82 84 85 86 88 90 91 94 98 99
teas 4 55
team 1 12 20 28 30 32 34 41 42 46 53 55 56 57 63 65 66 70 71 76 77 81 82 83 85 87 89 90 91 92
teak 33 40 78
tedo 10
tech 40
teco 55
teek 30
teen 9
teel 14 68 78
teem 28 55 71
teil 63
teip 13
tell 1 3 4 5 6 7 8 9 10 11 12 13 14 15 16 17 18 19 20 21 22 23 24 25 26 27 28 29 30 31 32 33 34 35 36 37 38 39 40 41 42 43 44 45 46 47 48 49 50 51 52 53 54 55 56 57 58 59 60 61 64 65 66 67 68 69 70 71 72 73 74 75 76 77 78 79 80 81 82 83 84 85 86 87 88 89 90 91 92 93 94 95 97 98 99 100
tely 39
tela 49 53 65
teli 53
tens 11 12 13 15 16 33 35 39 40 41 51 55 65 78 79 81
tent 6 8 9 10 11 12 17 18 24 28 30 33 39 40 45 49 60 65 66 67 69 70 71 72 77 78 79 81 85 94
teno 53
teny 53
tenu 66
tend 4 5 10 11 12 13 16 19 21 24 26 27 30 33 39 40 44 45 46 49 51 55 57 60 64 65 68 69 70 71 72 74 76 77 78 79 80 81 83 88 89 90 91 92 94 95 96 97
tena 20
teni 53
tene 9 53
temo 49
terr 12 49
tere 53
tera 12 49 53
tero 53
term 1 4 7 9 10 11 12 13 14 16 18 21 26 27 28 29 32 34 37 39 40 41 42 45 46 49 51 53 54 55 56 62 63 65 68 70 71 72 73 74 76 77 78 79 80 81 83 84 85 89 90 92 93 95 97 98
teri 53
tete 49 53 69 94
test 7 10 11 12 13 17 18 19 21 22 23 26 27 28 29 30 31 34 35 37 38 39 40 41 43 44 46 49 51 54 55 56 59 65 66 68 70 71 76 77 78 79 80 84 85 89 92 94 95
teta 13
texm 63
text 4 7 9 12 13 14 15 17 20 21 22 26 27 28 31 34 35 37 38 39 40 41 42 45 48 49 50 53 55 56 63 64 65 66 69 70 71 72 73 76 77 78 80 81 82 83 85 88 89 90 91 92 94 97 98
teza 53
tfff 63
tfft 63
tfoo 37 41
tftt 63
tftf 63
that 1 2 3 4 5 6 7 8 9 10 11 12 13 14 15 16 17 18 19 20 21 22 23 24 25 26 27 28 29 30 31 32 33 34 35 36 37 38 39 40 41 42 43 44 45 46 47 48 49 50 51 52 53 54 55 56 57 58 59 60 61 62 63 64 65 66 67 68 69 70 71 72 73 74 75 76 77 78 79 80 81 82 83 84 85 86 87 88 89 90 91 92 93 94 95 96 97 98 99 100
thar 4 27 40 70
than 1 2 3 4 5 6 7 8 9 10 11 12 13 14 15 16 17 18 19 20 21 22 23 24 25 26 27 28 29 30 31 32 33 34 35 36 37 38 39 40 41 42 43 44 45 46 47 48 49 50 51 52 53 54 55 56 57 58 59 60 61 63 64 65 66 67 68 69 70 71 72 73 74 75 76 77 78 79 80 81 82 83 84 85 86 87 88 89 90 91 92 93 94 95 96 97 98 99 100
thay 14 49 91
thaw 10 12 13 16 26 28 39 41 57 72 78 93
the. 43
theu 53
ther 27 49 68 70 72 91
they 1 2 3 4 5 6 7 8 9 10 11 12 13 14 15 16 17 18 19 20 21 22 23 24 25 26 27 28 29 30 31 32 33 34 35 36 37 38 39 40 41 42 43 44 45 46 47 48 49 50 51 52 53 54 55 56 57 58 59 60 61 63 64 65 66 67 68 69 70 71 72 73 74 75 76 77 78 79 80 81 82 83 84 85 86 87 88 89 90 91 92 93 94 95 96 97 98 99 100
thee 4 5 7 9 10 12 15 17 20 22 23 24 26 27 28 33 37 38 39 40 41 45 49 51 53 55 56 60 64 65 66 69 70 71 72 73 74 76 77 78 79 80 82 83 84 85 88 90 91 92 94 97 98 99 100
theb 49
them 1 2 3 4 5 6 7 8 9 10 11 12 13 14 15 16 17 18 19 20 21 22 23 24 25 26 27 28 29 30 31 32 33 34 35 36 37 38 39 40 41 42 43 44 45 46 47 48 49 50 51 52 53 54 55 56 57 58 59 60 61 62 63 64 65 66 67 68 69 70 71 72 73 74 75 76 77 78 79 80 81 82 83 84 85 86 87 88 89 90 91 92 93 94 95 96 97 98 99 100
then 1 2 3 4 5 6 7 8 9 10 11 12 13 14 15 16 17 18 19 20 21 22 23 24 25 26 27 28 29 30 31 32 33 34 35 36 37 38 39 40 41 42 43 44 45 46 47 48 49 50 51 52 53 54 55 56 57 58 59 60 61 62 63 64 65 66 67 68 69 70 71 72 73 74 75 76 77 78 79 80 81 82 83 84 85 86 87 88 89 90 91 92 93 94 95 96 97 98 99 100
thel 53
thik 91
thil 12
this 1 2 3 4 5 6 7 8 9 10 11 12 13 14 15 16 17 18 19 20 21 22 23 24 25 26 27 28 29 30 31 32 33 34 35 36 37 38 39 40 41 42 43 44 45 46 47 48 49 50 51 52 53 54 55 56 57 58 59 60 61 62 63 64 65 66 67 68 69 70 71 72 73 74 75 76 77 78 79 80 81 82 83 84 85 86 87 88 89 90 91 92 93 94 95 96 97 98 99 100
thin 1 3 4 5 6 8 10 11 12 13 14 16 18 19 21 22 23 26 27 28 29 30 31 33 34 35 37 38 39 40 41 42 43 44 45 46 47 48 49 51 52 53 54 55 56 57 58 59 60 61 65 66 67 68 69 70 71 72 73 74 76 77 78 79 80 81 82 83 84 85 86 88 90 92 93 94 100
tho. 40
thor 28 46 55
thoo 70
thon 22 49 55 65
thol 53
thou 4 7 9 10 12 13 14 15 16 17 20 22 23 24 26 27 28 33 37 38 39 40 41 44 45 49 51 53 55 56 60 63 64 65 66 69 70 71 72 74 76 77 78 79 80 81 82 83 84 85 88 89 90 91 92 93 94 97 98 99 100
thos 55 91
thot 55
thoa 65
thro 4 15 40 69 83 97
thra 65
thus 1 2 3 4 5 6 7 8 9 10 11 12 13 14 15 16 17 18 19 20 21 22 23 24 25 26 27 28 29 30 31 32 33 34 35 36 37 38 39 40 41 42 43 44 45 46 47 48 49 50 51 52 53 54 55 56 57 58 59 60 61 63 64 65 66 67 68 69 70 71 72 73 74 75 76 77 78 79 80 81 82 83 84 85 86 87 88 89 90 91 92 93 94 95 96 97 98 99 100
thur 72
thuc 80
thud 13 17 21 37 39 41 43 46 47 48 55 72
thym 12
tibi 45 49 88
tian 53
tiao 53
tial 78
tiam 53
tiau 53
tide 3 4 6 10 11 12 13 14 17 21 22 26 27 28 30 31 33 39 40 42 43 46 48 49 51 52 53 54 55 57 60 64 65 67 68 71 73 74 76 78 79 80 81 84 85 88 90 91 94
tidd 71
tida 79
tico 53
tice 94
tica 53
tick 10 17 26 27 40 55 56 57 66 69 70 71
tich 30
tici 53
tiff 6 94
tier 21 23 27 40 55 79 84
ties 4 10 14 16 27 32 36 38 39 40 41 44 45 49 50 51 55 56 63 65 67 71 72 74 76 77 78 79 80 85 89 90 96 97
tiez 12
tied 1 3 4 5 6 7 8 9 10 12 13 14 16 17 18 19 21 22 23 26 27 28 29 31 32 33 34 35 37 38 39 40 41 42 43 44 46 47 48 49 50 52 53 54 55 56 57 58 60 61 65 66 67 68 69 70 71 72 73 75 76 77 78 79 81 82 83 84 85 93 94 97 100
tids 91
tidy 3 5 10 12 16 17 19 21 22 28 37 39 40 41 42 46 51 55 57 59 68 71 72 78 83 94 100
tigt 63
tige 63 70
till 1 2 3 4 5 6 7 8 9 10 11 12 13 14 15 16 17 18 19 20 21 22 23 24 25 26 27 28 29 30 31 32 33 34 37 38 39 40 41 42 44 45 46 47 48 49 50 51 52 54 55 56 57 58 59 60 61 64 65 66 67 68 69 70 71 72 73 74 75 76 77 78 79 80 81 82 83 84 85 88 89 90 91 92 93 94 97 98 99 100
tili 53
tilt 13 14 17 23 27 32 38 40 41 55 67 70 71 77
tile 49 60 71 73 76 93 94
tikk 33
tike 48
tino 39 53
tink 4 13 17 27 40 55 94
tins 6 13 27 31 43 48 55 56 86
tint 5 6 10 12 18 21 25 27 28 34 39 40 41 42 47 48 52 61 67 84 85
ting 4 46 55 63 66 69
tine 12
tina 94
time 1 2 3 4 5 6 7 8 9 10 11 12 13 14 15 16 17 18 19 20 21 22 23 24 25 26 27 28 29 30 31 32 33 34 35 36 37 38 39 40 41 42 43 44 45 46 47 48 49 50 51 52 53 54 55 56 57 58 59 60 61 62 63 64 65 66 67 68 69 70 71 72 73 74 75 76 77 78 79 80 81 82 83 84 85 86 87 88 89 90 91 92 93 94 95 96 97 98 99 100
tipp 71
tips 12 13 14 18 21 27 30 33 39 40 41 43 44 55 56 57 58 59 66 71 76 78 79 84 91 94
tipt 52
tipe 91
tion 37 63 78
tiny 1 3 5 6 10 12 13 17 18 21 23 31 33 35 36 37 38 39 40 41 42 43 44 46 47 50 51 55 56 57 58 61 66 67 71 72 76 78 79 84 85 86 93 94 100
tiro 49 53 98
tira 53
tire 5 10 12 13 14 18 21 22 23 26 30 33 34 39 41 43 44 45 47 48 49 56 60 65 66 68 70 71 77 78 79 80 83 86 88 92 94 98 100
tito 50 53
tite 53 91
tita 53
titi 12 39 49
tisn 20 94
tish 40
tivy 55
tive 63
tius 28 49
tiza 53
tlee 55
tloo 55
tlwo 55
tnoe 39
tnya 39
tobe 49
toba 53
toad 10 12 23 26 27 28 40 49 52 55 70 73 78 79 82
tode 63
todd 55
toda 12
tock 33
toby 55 68 77
toff 42 43 50 55
toes 3 6 10 12 13 14 18 26 27 28 30 32 34 35 37 38 39 40 41 42 43 44 46 49 55 56 58 60 61 68 69 70 71 76 78 79 92 94 100
toed 27 34 40 69 70 77 94
todi 55
tods 55 70
togs 40 50 68 70
toga 7 12 31 49 51 55 84 94
tois 65
toil 4 8 10 12 13 14 17 20 22 27 28 30 31 32 33 39 40 41 42 46 47 49 51 55 60 65 68 69 71 72 73 74 76 77 78 79 80 81 84 85 88 90 92 93 94 96 97
tole 4 13 53 69 70 91
told 1 2 3 4 5 6 7 8 9 10 11 12 13 14 15 16 17 18 19 20 21 22 23 24 25 26 27 28 29 30 31 32 33 34 35 36 37 38 39 40 41 42 43 44 45 46 47 48 49 50 51 52 53 54 55 56 57 58 59 60 61 64 65 66 67 68 69 70 71 72 73 74 75 76 77 78 79 80 81 82 83 84 85 86 87 88 89 90 91 92 93 94 95 97 98 99 100
tolo 53
toll 12 22 26 30 31 39 42 46 48 55 69 71 77 78
ton. 77
toks 63
toni 53
tone 1 3 4 5 6 10 11 12 13 14 16 17 18 19 20 21 23 26 27 28 29 30 31 32 34 35 36 37 38 39 40 41 42 43 44 46 48 49 50 51 52 53 55 56 57 58 59 60 61 63 65 66 67 68 69 71 72 73 74 75 76 77 78 79 80 81 82 83 84 85 88 89 90 91 94 98 100
toms 51 94
tome 72 85
tomb 1 9 10 12 13 14 22 23 26 27 28 29 32 37 39 40 41 42 46 49 55 65 66 68 70 71 74 76 77 78 79 80 81 84 85 90 91 94 98 100
too. 4 31 37 38 71
tops 3 5 6 10 12 13 17 18 21 22 27 28 30 31 33 34 37 38 39 40 41 42 46 48 49 52 53 55 56 59 61 64 65 68 70 71 72 73 76 78 80 84 85 86 92 93 94 98
topp 83
toow 66
toot 13 33 49
took 1 3 4 5 6 7 8 9 10 11 12 13 14 16 17 18 19 20 21 22 23 24 25 26 27 28 29 30 31 32 33 34 35 36 37 38 39 40 41 42 43 44 45 46 47 48 49 50 51 52 53 54 55 56 57 58 59 60 61 65 66 67 68 69 70 71 72 73 74 76 77 78 79 80 81 82 83 84 85 88 89 90 91 92 93 94 95 96 97 98 99 100
toor 68
toon 6
tool 8 10 12 13 14 17 18 21 28 37 39 40 43 44 46 49 55 56 57 60 71 72 79 84 86 89 92 94 96
toom 46
tony 32 55 78
tons 6 10 13 14 17 21 28 39 40 42 48 53 55 60 73 79 81 84 91
torm 39
torn 4 5 6 7 8 9 10 12 13 14 17 18 19 20 21 22 23 25 26 27 28 30 31 32 33 35 36 37 38 39 40 41 43 44 46 49 51 55 56 57 60 65 66 67 68 70 71 72 73 74 76 77 78 79 81 82 84 85 86 88 90 92 93 94 96 97 99
tori 49 53
tors 28 43
tort 23
toro 22 53 55 66
tore 4 6 8 9 10 12 13 14 17 18 19 20 21 22 23 27 30 31 32 33 34 37 38 39 40 41 42 43 44 46 47 48 49 50 51 53 55 57 58 61 65 66 67 68 69 70 71 72 73 74 76 77 79 81 83 84 85 88 90 94
tora 53
toto 49 51 55 61 77
tots 18 46 55
tott 81
tote 27 30 69 70
tota 49
toso 66
tosh 50
tosi 53
tost 40 49 53 85
toss 3 4 6 10 12 13 14 17 22 26 27 28 31 33 38 39 40 41 42 44 49 54 55 56 58 60 64 65 66 68 69 71 77 78 81 88 93 94
tory 15 23 49 55 56 73
tosa 7
tovs 39
toul 12
tow. 41
tout 12 13 21 23 37 39 41 49 55 84
tour 1 10 11 12 13 14 16 22 27 28 29 39 41 42 44 46 49 55 56 60 66 68 71 74 78 79 82 84 90 92 94
tous 12 55 65 79 84
toue 91
tows 40
town 1 2 4 6 7 9 10 11 12 13 14 15 16 18 19 21 22 23 24 25 26 27 28 29 30 31 32 33 34 35 36 37 38 39 40 41 42 43 44 45 46 48 49 50 51 52 53 54 55 56 57 59 60 62 65 66 67 68 69 70 71 72 73 74 75 76 77 78 79 80 81 82 83 84 85 88 90 91 92 93 94 96 97 98 99 100
toys 3 5 10 13 17 22 27 28 39 49 55 60 65 69 71 72 73 83 84 88 93 94
ts01 63
tque 45
tray 3 5 9 10 13 14 16 18 21 23 32 37 39 40 41 42 53 55 56 59 62 67 68 71 72 73 75 76 78 79 94
trav 20
trat 10
trag 49
trar 53
trap 4 6 10 12 13 14 21 22 23 27 28 29 30 33 34 37 38 39 40 41 42 43 44 46 47 48 49 55 56 58 60 61 64 68 69 70 71 72 73 76 77 78 79 84 91 96
tram 42 55 59
tran 53
trew 71
tres 9 12 39 45 49 94
tret 28
trep 39
tree 1 3 4 5 6 8 9 10 12 13 14 15 16 17 18 19 21 22 23 24 26 27 28 30 31 32 33 34 35 36 37 38 39 40 41 42 44 45 46 47 48 49 51 52 53 55 56 57 58 60 61 62 64 65 66 67 68 69 70 71 72 73 74 75 76 77 78 79 80 81 82 84 85 88 89 90 92 93 94 95 96 99 100
trea 53
trio 6 10 13 20 27 40 54 55 72 78 94
trip 4 6 10 12 13 14 18 21 22 25 26 27 30 31 33 35 36 38 39 40 41 42 44 46 49 51 55 56 58 59 66 67 68 69 70 71 73 76 77 78 79 81 83 84 85 94
trim 6 9 10 11 12 13 18 19 21 26 27 28 30 34 38 39 40 41 46 48 49 51 55 57 68 70 71 72 76 77 78 79 94
trin 49 53 83
trik 55
tris 49
tria 12
trig 28 63
trie 45 98
trow 4 9 77 85
trou 53 55
trov 39
tros 41 65
trot 3 6 10 12 13 14 17 18 26 28 30 33 34 39 49 55 57 58 60 68 69 70 71 72 73 75 76 77 78 79 83 94
troy 4 9 12 22 28 41 49 51 55 65 69 77 80 82 88 98
trod 6 10 12 14 17 20 23 26 27 28 31 38 39 40 41 46 48 49 50 52 54 55 56 60 65 66 68 70 71 73 74 76 77 79 85 88 90 94
troa 53
troo 13 41
trop 23 39 49 55 65 94
troj 49
trun 39
true 1 2 3 4 5 6 7 8 9 10 11 12 13 14 15 16 17 18 19 20 21 22 23 26 27 28 29 30 31 32 33 34 35 36 37 38 39 40 41 42 43 44 45 46 47 48 49 50 51 52 53 54 55 56 57 58 59 60 61 62 63 64 65 66 67 68 69 70 71 72 73 74 75 76 77 78 79 80 81 82 83 84 85 86 88 89 90 91 92 93 94 95 96 97 98 99 100
try. 38 41 71
trys 91
tsar 37 39 41 55
tsel 63
tseu 28
tsin 39
tski 39
tsyn 39
ttff 63
ttft 63
ttob 55
tttf 63
tttt 63
tuas 12 46
tuan 53
tuam 42 49 55
tuck 10 12 13 14 17 27 28 31 39 44 49 55 57 62 69 70 91
tubs 18 22 27 28 33 39 40 42 46 49 71 81
tube 12 21 28 34 40 42 48 49 50 53 55 72 73 77 79 81 83 84 86
tuba 53
tubo 53
tude 45
tugs 41 55 65
tufe 91
tuft 10 12 14 26 33 39 41 43 44 55 57 66 71 72 77 85
tuis 55 83
tula 41
tulb 12
tunc 49 97
tunk 33
tune 5 8 10 12 13 14 16 17 18 21 22 27 28 32 33 36 37 38 39 40 41 42 45 46 49 51 52 55 57 65 66 67 68 70 71 72 73 75 76 77 78 79 88 92 93 94
tume 53
tupi 53
tuos 49
tuns 40 73 91
ture 23
turf 6 10 12 18 19 21 27 28 39 42 43 47 48 49 55 60 65 68 69 71 72 78 79 84 94
turn 1 2 3 4 5 6 7 8 9 10 11 12 13 14 15 16 17 18 19 20 21 22 23 24 25 26 27 28 29 30 31 32 33 34 35 36 37 38 39 40 41 42 43 44 45 46 47 48 49 50 51 52 53 54 55 56 57 58 59 60 61 62 63 64 65 66 67 68 69 70 71 72 73 74 75 76 77 78 79 80 81 82 83 84 85 86 87 88 89 90 92 93 94 95 96 97 98 99
turk 7 10 12 24 37 39 40 41 46 55 56 66 68 71 74 77 78 82 90
tuti 53
tute 49 53
tuto 53 77
tuta 49 53
tush 33 68 71 72 79 98
tusc 49
tusk 22 31 33 40 55 77
tuus 49
tuum 27 45 49
tutu 12 55
tver 39
twas 4 12 14 17 20 24 26 38 39 40 42 49 55 60 65 69 70 71 77 78 79 92 97 98
tway 55
twen 71
twig 5 12 14 21 26 28 31 38 40 42 55 56 62 69 70 77 84 85 94
twit 20 22 56 71
twin 4 12 14 17 22 27 28 40 43 48 51 54 55 67 71 76 78 80 94
two. 21 38 71 79
twos 12 28 33 39 40 42 46 48 53 55 76 78 79 94 95
twon 20
twoo 53
twot 39
twod 20
twue 39
tych 39
tyed 45
tyke 46 55
tyne 10 89
tyme 53
tyll 53
type 7 10 12 13 18 20 21 22 23 26 27 28 29 30 34 37 39 40 41 42 43 45 46 47 48 49 50 51 53 55 56 63 65 66 72 74 77 78 79 80 83 84 85 86 89 90 91 92 94 95
tyoa 49
tyre 12 40 49 55 67 79
typo 85
tyth 45
tyrt 49
tyro 22 40 44 55
tzar 12
tzen 63
tzki 39
