timid 3 5 7 10 12 14 16 20 21 22 26 27 28 30 32 35 36 37 39 40 41 42 44 49 55 56 61 68 69 70 71 72 74 76 77 78 79 80 82 84 89 90 92 94 100
time. 14 21 31 38 71 79 84
timed 10 11 15 16 19 27 39 65 68 70 71 76 77 78
timer 49
times 1 2 3 4 5 6 7 8 9 10 11 12 13 14 15 16 17 18 19 20 21 22 23 24 25 26 27 28 29 30 31 32 33 34 35 36 37 38 39 40 41 42 43 44 45 46 47 48 49 50 51 52 53 54 55 56 57 58 59 60 61 62 63 65 66 67 68 69 70 71 72 73 74 75 76 77 78 79 80 81 82 83 84 85 86 88 89 90 91 92 93 94 95 96 97 98 99 100
tills 13 68 84 97
tilla 53
tilly 12 55
tilts 34 78
trewe 53
trews 55
trete 53
treta 53
trest 83
tress 27 55 91
treto 53
tiler 12
tiles 12 14 18 28 40 48 49 60 68 71 78 93 94
tiled 12 14 19 23 38 39 40 41 47 55 71 76 84
tildy 51
trees 1 3 4 5 6 7 8 9 10 11 12 13 14 16 17 18 19 21 22 23 24 25 26 27 28 29 30 31 32 33 34 35 37 38 39 40 41 42 43 44 46 47 48 49 51 52 53 54 55 56 57 58 60 61 64 65 66 67 68 69 70 71 72 73 74 76 77 78 79 80 81 82 83 84 85 88 89 90 91 94 97 98 99 100
treed 27 28 70
treat 1 3 4 6 9 10 11 12 13 14 15 16 17 18 19 21 22 23 26 27 28 29 31 32 34 35 36 37 38 39 40 41 42 43 44 46 47 49 50 53 55 56 60 61 63 65 66 67 68 69 70 71 72 73 75 77 78 79 80 81 82 83 85 86 88 89 92 94 97 100
tread 4 7 10 12 13 14 15 18 20 21 23 26 27 28 33 34 37 38 39 40 41 43 44 45 46 49 54 55 60 65 66 67 68 69 71 72 73 74 76 77 78 79 81 85 88 90 92 93 94
tree. 38
tikki 33
trend 6 28 39 43 51 55
trent 9 49 55 83
trema 55
trier 26 98
tries 4 5 11 12 19 22 25 26 27 28 31 35 36 37 39 40 41 46 49 50 51 53 55 58 65 66 67 69 70 71 75 76 77 78 79 80 92 94 95
triel 12
tried 3 4 5 6 7 8 10 11 12 13 14 16 17 18 19 20 21 22 23 25 26 27 28 29 30 31 32 33 34 35 36 37 38 39 40 41 42 43 44 45 46 47 48 49 50 51 53 54 55 56 57 58 59 60 61 63 65 66 67 68 69 70 71 72 73 74 76 77 78 79 80 81 82 83 84 85 88 89 90 91 92 93 94 100
tions 12 63
trial 3 4 6 7 10 11 12 13 14 16 18 19 22 27 28 32 34 37 38 39 40 41 42 43 44 46 48 49 50 51 52 54 55 56 60 65 68 69 70 71 72 73 74 76 77 78 79 80 81 84 85 88 89 90 93 94 96 98 99
tribu 7
tribe 4 7 10 12 14 17 27 28 31 33 40 41 45 46 47 49 51 52 53 55 66 69 70 73 76 77 78 80 81 82 84 85 89 91
trich 39
trick 1 4 6 10 12 13 16 17 19 21 22 26 27 29 30 31 33 34 35 36 37 38 39 40 41 42 43 46 47 48 49 50 53 55 56 57 58 60 61 65 67 68 69 70 71 72 73 77 78 79 80 81 82 83 86 92 94 98 99
trice 6 10 13 30 44 55 56 60 77 78
tints 1 5 10 18 28 40 46 56 68 71 77 84 85 93
tinti 53
tinny 55 67
tinov 39
tinct 49 55
tinge 4 5 10 12 14 21 27 28 34 37 39 40 41 43 46 51 55 57 68 71 78 79 84 85 96
tings 4
timon 14 49 84
timor 40 49
timof 39
tipsy 6 12 37 39 41 62 67 68 71 79 94
tipup 55
tipay 53
tippy 78
trims 3 27
trimm 83 91
trime 12
trink 51
trine 83 88
trios 12
trips 12 13 14 27 33 38 46 49 55 56 57 59 66 77 79 81 94
tripe 13 55 66
trill 5 22 28 42
trite 7 10 21 49
trist 49 84
tritt 63
trito 22
tises 39
tirer 12
tires 5 11 12 16 17 18 22 27 49 51 65 71 77 86 94
tique 49
tirau 53
tired 3 4 5 6 7 8 9 10 11 12 13 14 15 16 17 18 19 21 22 23 24 25 26 27 28 29 30 31 33 34 35 36 37 38 39 41 42 43 44 46 47 48 49 50 51 55 56 57 58 59 60 61 62 64 65 66 67 68 69 70 71 72 73 76 77 78 79 81 82 83 88 91 92 94 99 100
trois 12 84
troja 49
troli 53
trot. 71
troua 53
trots 18 28 55
troth 4 9 55 77
tromb 53
troop 1 4 6 7 11 12 18 19 20 23 27 28 29 33 38 41 42 49 52 55 60 65 69 73 77 78 79 84 88 98
tropo 53
trope 28 40
troad 22 65
trobe 81
troas 65
trode 10 85
title 1 2 3 4 5 6 7 8 9 10 11 12 13 14 15 16 17 18 19 20 21 22 23 24 25 26 27 28 29 30 31 32 33 34 35 36 37 38 39 40 41 42 43 44 45 46 47 48 49 50 51 52 53 54 55 56 57 58 59 60 61 62 63 64 65 66 67 68 69 70 71 72 73 74 75 76 77 78 79 80 81 82 83 84 85 86 87 88 89 90 91 92 93 94 95 96 97 98 99 100
titur 53
titus 7 12 39 45 49 79 81
tithe 14 23 32 40 83
titia 53 75
titan 12 23 48 49 65 72 83
trout 5 11 12 21 28 44 56 77 78 79 84
trouo 53
troup 66
troue 91
troui 53
trove 12 21 55 77
troya 53
tan’t 27 71
taces 49
trust 1 4 5 6 7 8 9 10 11 12 13 14 15 16 18 19 20 21 22 23 25 26 27 28 29 30 31 32 33 34 35 36 37 38 39 40 41 42 43 44 45 46 48 49 50 51 53 54 55 56 57 58 60 61 64 65 66 67 68 69 70 71 72 73 74 75 76 77 78 79 80 81 82 83 84 85 88 89 90 92 93 94 95 97 98 99
truss 10 12 49 55 65 77
truth 1 3 4 5 6 7 8 9 10 11 12 13 14 15 16 17 18 19 20 21 22 23 24 26 27 28 29 31 32 33 34 35 36 37 38 39 40 41 42 43 44 45 46 47 48 49 50 51 52 53 54 55 56 57 58 60 61 63 64 65 66 67 68 69 70 71 72 73 74 75 76 77 78 79 80 81 82 83 84 85 88 89 90 91 92 93 94 95 96 97 98 99
tacle 53
tache 39 55
truzi 53
tacit 11 12 13 14 18 29 39 40 46 49 65 68 72 77 79 89 97
tacks 40 73 78 79
truer 4 7 12 14 16 28 37 39 40 41 51 55 58 70 71 72 77 78 80 88 94
taboo 71 92
tabor 77
truce 6 7 12 13 20 27 28 30 39 40 49 55 60 65 69 74 77 90
truck 4 6 12 13 27 30 31 40 46 48 50 61 67 69 70 86 94 97
true. 38 71 79 80
trump 6 12 15 28 32 40 41 44 45 78 94
truly 4 5 6 7 9 10 11 12 13 14 15 16 17 18 19 20 21 22 26 27 28 29 30 31 32 33 34 35 37 38 39 40 41 43 44 45 46 47 49 50 51 53 54 55 56 58 60 61 62 64 65 66 67 68 70 71 72 73 74 76 77 78 79 80 81 82 83 84 85 88 89 90 91 92 93 94 95 97 98 99 100
trunk 4 5 6 9 10 11 12 16 17 18 21 27 28 30 33 35 37 38 39 40 41 46 48 49 51 53 55 56 57 60 61 62 65 66 67 69 70 71 72 77 79 81 84 85 93 94
tabby 55 77
table 1 2 3 4 5 6 8 9 10 11 12 13 14 16 17 18 19 20 21 22 23 24 26 27 28 29 31 32 33 34 35 36 37 38 39 40 41 42 43 44 45 46 47 48 49 50 51 52 53 54 55 56 57 59 60 61 62 63 65 66 67 68 69 70 71 72 73 74 75 76 77 78 79 80 81 82 83 84 85 87 88 90 92 93 94 95 98 100
taber 32 66
taeda 49
taduj 53
tacse 53
tagha 53
tagic 53
tagio 53
tagus 49 77
tryon 55 83
tryin 27 46 70
tar’s 55
tages 49
tagay 53
tryst 37 55
taffy 56
tryed 45
taire 79
taile 9
tails 3 4 6 12 13 14 17 21 22 27 28 30 31 33 34 38 39 40 41 43 44 46 49 55 61 68 69 70 71 72 73 76 77 78 81 82 93 94
taine 92
taint 10 12 14 18 23 28 31 46 48 68 69 71 76 77 78 80 85 92
tahil 53
take. 71
taken 1 2 3 4 5 6 7 8 9 10 11 12 13 14 15 16 17 18 19 20 21 22 23 25 26 27 28 29 30 31 32 33 34 35 36 37 38 39 40 41 42 43 44 45 46 47 48 49 50 51 52 53 54 55 56 57 58 59 60 61 63 65 66 67 68 69 70 71 72 73 74 75 76 77 78 79 80 81 82 83 84 85 86 88 89 90 91 92 93 94 95 96 97 98 99 100
taker 13 26 50 68 78
takes 1 2 3 4 5 6 7 8 9 10 11 12 13 14 15 16 17 18 19 20 21 22 23 24 25 26 27 28 29 30 31 32 33 34 35 36 37 38 39 40 41 42 43 44 45 46 47 48 49 50 51 52 53 54 55 56 57 58 59 60 61 63 64 65 66 67 68 69 70 71 72 73 74 75 76 77 78 79 80 81 82 83 84 85 86 87 88 89 90 91 92 93 94 95 96 97 98 99 100
takin 4 5 27 30 70 76
tsars 39
tandy 55
tando 53
tamie 83
tamed 5 8 9 14 22 27 30 32 39 46 48 53 64 65 68 71 76 78 80 84 88 97
tamen 49 97
tamer 26 49 64 74 88 90
tames 60
tamly 49
tammy 41 55
talus 40
tamae 66
talem 49
tales 1 3 6 7 9 10 12 13 21 22 26 28 29 31 32 33 34 35 37 38 39 40 41 42 43 44 45 46 49 51 52 53 54 55 56 57 61 68 69 70 71 72 73 74 77 78 79 80 81 82 83 84 85 88 90 94 98 100
talia 7 49 77 97
talho 53
talon 12 33
talos 49
talk. 26
talis 49 55
talke 45
talle 53
talks 1 4 5 6 10 11 12 16 17 19 22 23 27 28 29 34 37 38 39 40 41 46 49 50 51 55 56 67 69 70 71 72 74 77 78 79 80 85 86 90 92 94 97
talky 70
talma 12 39
tally 12 40 42 46 49 55 69 73 77
taper 9 12 18 23 26 29 39 44 65 71 77 78 79 84 85 94
tapes 37 39 55 83
taped 42
tapan 53
tanio 53
tanks 4 13 33 48 55 78 86
tanfl 12
tante 18 39 53 55
tanti 49 53
tanto 49 53 65
tansy 55
tanta 49 53 55
tanno 53
tardy 10 12 13 18 19 20 26 42 49 52 65 66 78 88
tarda 49 53
tarde 12
tardi 53
tarin 27
tarli 53
tares 12 26 45 49 81 94
taree 55
tarfe 77
targe 20 65
tsels 63
tapir 53
tapis 55 78
tatem 49
tatha 53
tatar 41
tatoo 66
tatis 49
taste 2 3 6 7 9 10 11 12 13 14 16 17 18 19 21 22 23 26 27 28 29 30 32 34 35 36 37 38 39 40 41 42 43 44 45 46 48 49 50 51 52 53 54 55 56 57 58 59 60 62 64 65 66 68 69 71 72 73 74 75 76 77 78 79 80 81 82 83 84 85 88 89 90 91 92 94 95 98 99
tasso 49 65 82
tasty 18 55 62 66 77
tasse 12
tasks 10 13 29 38 39 40 46 49 51 54 56 57 65 71 72 77 78 79 80 83 85 92 94
tasha 39
tarre 53
tarse 53
tarry 4 6 9 10 20 23 26 38 45 52 64 66 69 72 78 85 93 98
tarts 3 10 12 16 40 53 55 56 72 78 94
tarne 65
tarns 55
tavie 18
tsima 53
taula 53
taule 12 53
taunt 4 20 22 23 27 41 51 57 68 74 88 90
tatts 55
taxis 50 67
taxil 55
taxes 1 2 3 4 5 6 7 8 9 10 11 12 13 14 15 16 17 18 19 20 21 22 23 24 25 26 27 28 29 30 31 32 33 34 35 36 37 38 39 40 41 42 43 44 45 46 47 48 49 50 51 52 53 54 55 56 57 58 59 60 61 63 64 65 66 67 68 69 70 71 72 73 74 75 76 77 78 79 80 81 82 83 84 85 86 87 88 89 90 91 92 93 94 95 96 97 98 99 100
taxed 10 14 19 28 29 43 44 49 51 69 71 73 76 78 79 83 89
tawny 10 21 22 23 31 39 40 42 49 51 53 55 60 65 77 81
tskis 39
tayle 98
tsunn 66
t.aux 63
t.t’s 55
t.out 63
t.pdf 63
t.tex 63
tucks 13 40 49 56 71 94
tucto 53
tucte 53
tucti 53
tucta 53
t.w.j 81
tubig 53
tubin 53
tubes 21 23 34 40 48 55 73 78 79 83
tuber 28
tueri 7 49
tueti 53
tudlo 53
tudor 21 55 94
tuddy 94
tudes 45
t.zip 63
tufts 12 39 40 41 55 56 73 79
tuffs 49
tlone 55
tuhud 53
tunis 49 77 79 82 83
tunic 8 22 34 39 40 47 49 51 55 65 77 79 85 93
tunes 6 10 12 17 21 33 40 52 57 67 71 72 73 78 83 93 94
tuner 55 80
tuned 6 19 39 46 49 55 65 66 77 93 94
tummy 55
tumor 79
tumid 28 42 49
tully 55 77 88
tulle 18 42 55 94
tulip 3 12 23 52 84
tulis 53
tulit 49
tulsi 33
tulur 53
tulum 84
tunny 49
tunon 53
turfs 60 97
turfy 27 47
turin 12 44 49 79
turba 49 84
turds 55
turns 3 5 6 7 10 11 12 13 14 15 16 17 19 20 21 22 23 24 25 27 28 29 33 34 36 37 38 39 40 41 42 43 44 46 47 48 49 50 51 52 54 55 60 63 64 65 66 68 69 70 71 72 73 74 75 76 77 78 79 80 81 83 84 86 87 88 89 90 92 93 94 95 97 98
turne 45 91
turpe 45 49 65
turks 7 12 39 40 41 46 49 53 55 60 71 74 77 79 81 82 90
turko 55
turn. 40 71 79
turma 55
tuque 49 65
tutia 53
tuttj 53
tutti 39 53 55
tutto 7 49 55
tutte 53
tutus 73
tutum 49
tutor 7 10 12 14 29 39 41 43 44 45 49 65 71 72 73 76 77 79 80 83 88 94 97
tutam 49
tusks 9 12 14 20 22 28 31 33 38 40 49 53 55 65 77
tusky 65
turvy 6 10 12 37 39 49 52 71 94
turry 27
tebsk 39
teats 40 55 73
teaux 12
tears 1 2 3 4 5 6 7 8 9 10 11 12 13 14 16 17 18 19 20 21 22 23 24 26 27 28 29 30 31 32 33 34 35 36 37 38 39 40 41 42 43 44 46 47 48 49 50 51 53 54 55 56 57 58 59 60 61 64 65 66 67 68 69 70 71 72 73 74 75 76 77 78 79 80 81 82 83 84 85 87 88 90 91 92 93 94 98 99 100
teare 65
tease 5 10 11 12 14 27 36 37 38 39 41 49 50 55 58 71 72 78 80 85 94
teach 4 5 6 9 10 11 12 13 14 15 16 17 19 21 22 23 26 27 28 29 30 31 32 33 34 35 36 37 38 39 40 41 42 43 44 45 46 49 50 51 55 56 58 60 62 64 65 68 70 71 72 73 74 76 77 78 79 80 81 82 83 85 88 89 90 91 92 93 94 98 100
teams 12 28 30 32 33 46 55 65 70 77 83
tecti 49
tecum 49 55
teddy 33 42 56 94
teche 53
tecta 49
tegit 49
tefan 53
teems 14 22 46 76 80 89 92
teens 4 13 18 26 43 55 56 71 72 77 78 94
teeny 56
teene 91
teeth 1 3 4 5 6 9 10 11 12 13 14 17 18 20 21 22 23 25 26 27 28 29 30 31 33 34 35 36 37 38 39 40 41 42 43 44 45 46 47 48 49 50 51 52 53 54 55 56 57 58 59 60 61 62 64 65 66 67 68 69 70 71 72 73 74 76 77 78 79 80 81 82 84 85 86 88 90 92 93 94 98
teilt 63
tekel 40 79
twain 1 9 10 12 17 20 22 26 40 43 51 53 55 65 69 70 77 78
tempe 53 65
tempi 53
tempo 49 53 55 92
temps 12 39 41 82 84
tempt 4 5 7 9 11 13 14 16 18 19 22 23 26 27 28 41 44 45 46 49 51 55 60 65 69 71 72 76 77 78 79 80 83 85 88 92 94 98
tell. 4 71
telis 49
tella 53
telle 53
tello 53
tells 1 3 4 5 6 8 9 10 11 12 14 16 17 18 19 20 21 22 23 26 27 28 33 34 37 39 40 41 42 44 45 46 48 49 50 55 56 57 60 65 67 68 69 70 71 72 73 75 76 77 78 79 80 81 83 85 88 89 92 93 94 95 97 98
telet 12
tenne 53
tenno 53 66
tenor 10 11 12 15 18 27 39 41 42 49 54 55 65 67 71 78 79 80 84 88
teniu 53
tenka 39
tenko 39
tense 13 14 17 21 27 30 35 41 42 43 48 49 55 56 67 69
tenth 9 10 12 13 15 18 22 28 39 40 41 44 45 46 47 48 49 51 53 55 65 73 74 76 77 79 80 81 83 84 90 99
tento 53
tents 9 11 21 22 28 30 31 33 37 39 40 48 51 53 57 65 69 73 77 78 80 81 83 94
tenue 49
twarn 46 70
twang 10 12 28 33 49 52 55 72
tenez 10 37
tener 49
tenet 45 49 88 95
tenax 79
tence 63
tende 12 53
tench 49 83
tendo 53
tends 12 13 15 17 26 28 43 49 53 65 72 77 78 79 80 83 86 88 89 93 95 97
teque 49
tween 30 63 71
tweed 21 42 43 55 71
twere 49 55 77 98
tweak 10 73 94
two’d 42
two’s 14 16 68
tepin 53
tepid 31 40 55 71
teste 49
testa 49 55 79
testu 28
tests 1 8 10 28 32 80 84 89 92
testy 49 78
terra 12 28 40 49 53 55 60 65 77 79
terre 12 18 53 84
terse 21 27 30 40 83 92
terry 42 46 55 56
terza 7 53
teres 49
terga 49
tergo 49 65
terao 49
terci 53
terea 49
terms 1 2 3 4 5 6 7 8 9 10 11 12 13 14 15 16 17 18 19 20 21 22 23 24 25 26 27 28 29 30 31 32 33 34 35 36 37 38 39 40 41 42 43 44 45 46 47 48 49 50 51 52 53 54 55 56 57 58 59 60 61 62 63 64 65 66 67 68 69 70 71 72 73 74 75 76 77 78 79 80 81 82 83 84 85 86 87 88 89 90 91 92 93 94 95 96 97 98 99 100
terns 53
teris 89
terme 45 49
termi 53
twins 13 17 18 21 22 27 32 33 38 40 49 54 55 56 65 67 68 71 75 78 84 88 94
twill 20 31 49 55 71 77 79 98
twine 4 12 13 26 27 40 55 60 69 78 79 83 85 93
twixt 20 26 41 49 51 65 71 77
twise 91
twisk 40
twirl 42 55 57 78 94
twist 3 5 10 12 13 14 17 20 21 24 26 28 30 31 33 34 37 39 40 41 50 53 55 68 71 72 76 78 83 85 86 92
twits 12 49
twigs 5 10 12 14 17 28 31 33 38 39 40 41 44 47 48 56 58 60 78 85 94 99
twigg 55
twict 55
twice 1 3 4 5 6 7 8 9 10 11 12 13 14 15 16 17 18 19 21 22 23 26 27 28 29 30 31 32 33 34 35 37 38 39 40 41 42 43 44 45 46 47 48 49 50 51 53 54 55 56 57 58 59 60 61 65 66 67 68 69 70 71 72 73 74 75 76 77 78 79 80 81 82 83 84 85 86 88 89 90 91 92 93 94 95 98
teter 28
tetex 63
tette 53
texas 4 13 21 28 40 46 51 69 70 84
texit 49
texel 40
tevna 39
teyde 53
texts 1 2 3 4 5 6 7 8 9 10 11 12 13 14 15 16 17 18 19 20 21 22 23 25 26 27 28 29 30 31 32 34 35 36 37 38 39 40 41 42 43 44 45 46 47 48 49 50 51 54 55 56 57 59 60 61 62 64 65 66 67 68 69 70 72 73 74 75 76 79 80 81 84 85 93 94 100
texmf 63
twoue 91
toe’s 69
toast 3 5 6 10 12 13 14 21 34 39 41 42 44 55 66 68 71 72 76 78 79 84 91 93 94
toads 12 17 26 28 46 56 73 77 94
toady 13 14 41 55
toald 91
toddy 18 44
toder 40
today 1 3 5 6 8 9 12 13 14 19 22 27 28 29 31 33 35 36 37 38 39 40 42 43 44 47 48 50 51 53 55 56 59 61 62 64 67 69 71 74 79 80 83 87 92 94 96
tocho 53 77
tocqi 53
tobig 53
tobin 55 81
tom’s 4 6 14 27 42 67 69 70
toffs 55
toes. 71
todlo 53
todos 55 60
tohod 53
togas 8
tofts 55
tojin 66
tot’s 55
toil. 39
toils 10 12 13 22 26 27 39 40 46 48 49 51 52 54 65 68 69 71 74 77 78 80 81 84 85 90 94
toile 12
tohud 53
tolly 39
tolls 12 80 93
tolia 65
tolka 55
tolti 53
tolst 39
tokyo 23
tolda 53
tow’r 65
tolgo 73
told. 71
tov’s 39
tokio 55 66
tokay 46
token 1 7 9 10 11 14 16 20 21 22 26 30 36 38 39 40 41 42 45 46 49 52 53 55 56 60 63 65 67 68 71 72 73 77 78 79 80 81 83 84 85 88 90 92 94 99
tonsa 49
tonne 12 53
tonie 18
tonic 14 18 23 27 28 30 40 55 67
tondo 53
toned 10 12 14 18 19 23 39 66 69 70 74 76 77 80 90
tones 3 4 6 10 12 13 14 16 18 20 21 26 27 31 32 37 39 40 41 46 49 50 51 53 54 55 56 63 68 69 71 72 74 76 77 78 79 80 84 85 88 90 92 94
tongs 12 14 17 21 22 27 28 40 44 52 60 65 66 68 70 71 73 75 93 94
tommy 13 38 42 55 56 58 68 70 71 94
tomes 13 55
tombe 12 98
tombo 53
tomas 53 77
tombs 1 9 12 14 23 28 39 40 41 46 47 55 64 68 71 72 73 77 78 79 84 94
topsy 6 10 12 27 37 39 41 49 52 71 94
toper 49 79
topes 22
topaz 41 49 79
topch 39
topic 10 11 14 16 19 21 23 27 30 34 39 40 41 46 47 48 54 55 66 69 71 72 74 75 76 78 79 83 84 85 90 92 94
toots 30
tooth 1 4 6 12 16 17 20 21 22 26 28 33 36 37 38 39 40 49 53 55 62 66 69 70 71 72 73 77 78 79 82 85 97
toooo 55
tooby 14
tooke 53 98
tools 4 5 6 12 13 14 18 21 22 27 28 30 31 32 34 39 40 46 47 49 51 59 60 61 66 68 69 70 72 73 74 76 79 80 81 83 85 86 90 97
took. 56
torzh 39
torts 49 55
torte 53
torcs 55
torry 55
torre 53 77
torso 12 40 65 77
torno 53
torne 98
torna 53
toros 55
toque 55
torah 55
torac 53
torch 4 6 9 12 14 18 20 22 23 26 28 31 33 38 39 40 41 47 49 53 55 57 65 68 72 74 76 77 79 80 84 85 90 93 94 100
tough 2 4 5 6 10 12 13 14 18 27 28 35 37 39 40 46 48 52 54 55 57 60 65 66 67 70 71 72 73 78 79 85 87 92 93 94 99
touch 1 3 4 5 6 7 8 9 10 12 13 14 16 17 18 19 20 21 22 23 26 27 28 29 30 31 33 34 35 37 38 39 40 41 42 43 44 45 46 47 48 49 50 51 53 54 55 56 57 58 60 61 62 63 64 65 66 67 68 69 70 71 72 73 74 75 76 77 78 79 80 81 82 83 84 85 87 88 89 90 92 93 94 95 98 99 100
totin 18
totis 49
totty 55
totus 49
totum 49 78 83 97
toted 27 70
totes 49
totem 28 30
totae 49
total 4 6 10 11 12 13 14 16 19 21 28 29 30 32 37 39 40 41 43 49 51 53 54 55 59 62 63 65 68 69 71 72 74 76 77 78 79 82 83 84 85 90 93 94 95 96
totam 49 65
tostu 98
towed 6 12 30 40 49 65 70 73 76 81
town. 38 41 71
towel 9 10 14 17 27 34 37 38 39 41 42 43 44 46 50 55 56 57 61 62 66 67 69 71 72 76 77 78 79
tower 1 7 8 9 10 12 13 14 19 20 21 22 23 26 29 33 35 37 38 39 40 41 42 44 45 46 48 49 50 51 55 56 59 64 65 67 68 70 71 73 74 76 77 78 79 80 84 85 88 90 92 93 94 100
tound 71
tour. 73
toume 91
tours 12 27 44 49 55 60
tourd 91
touts 49 55
toute 12 84
toyed 12 13 44 66 78
toxin 55
towsy 34
towne 45 98
towns 1 4 6 7 9 10 12 13 15 21 22 27 28 35 37 38 39 40 41 44 45 46 48 49 51 55 57 60 65 67 68 69 70 71 72 73 74 76 77 78 79 81 83 85 90 96 99
tya’s 39
tyger 24 97
tying 4 5 12 17 21 27 28 32 38 39 40 42 44 49 55 60 66 68 70 72 76 77 81 94
tha’d 5
tha’s 5
t’all 40
tymbr 12
ta’nt 27
tproo 39
tyler 55 78 83
tyres 55
tyran 49
type1 63
types 1 2 3 4 5 6 7 8 9 10 11 12 13 14 15 16 17 18 19 20 21 22 23 24 25 26 27 28 29 30 31 32 33 34 35 36 37 38 39 40 41 42 43 44 45 46 47 48 49 50 51 52 53 54 55 56 57 58 59 60 61 63 64 65 66 67 68 69 70 71 72 73 74 75 76 77 78 79 80 81 82 83 84 85 86 87 88 89 90 91 92 93 94 95 96 97 98 99 100
typed 42 46 55 87
typos 85
thang 28
thane 20
thank 1 3 4 5 6 7 9 10 11 12 13 14 15 16 17 18 19 20 21 23 26 27 28 29 32 33 34 35 36 37 38 39 40 41 42 43 44 45 46 49 50 51 52 54 55 56 57 58 59 60 61 62 65 66 67 68 69 70 71 72 74 75 76 77 78 79 80 81 82 83 84 85 88 89 90 92 93 94 98 99 100
thatd 55
thass 13
thats 55
thare 91
that. 21 31 38 40 41 71 77 100
tyros 40 74 90
tyrol 5 49
thcyn 20
thaws 49
t’ink 30
thess 45
theta 55
these 1 2 3 4 5 6 7 8 9 10 11 12 13 14 15 16 17 18 19 20 21 22 23 24 25 26 27 28 29 30 31 32 33 34 35 36 37 38 39 40 41 42 43 44 45 46 47 48 49 50 51 52 53 54 55 56 57 58 59 60 61 62 63 64 65 66 67 68 69 70 71 72 73 74 75 76 77 78 79 80 81 82 83 84 85 86 87 88 89 90 91 92 93 94 95 96 97 98 99 100
theus 91
theon 49 65
theou 45
there 1 2 3 4 5 6 7 8 9 10 11 12 13 14 15 16 17 18 19 20 21 22 23 24 25 26 27 28 29 30 31 32 33 34 35 36 37 38 39 40 41 42 43 44 45 46 47 48 49 50 51 52 53 54 55 56 57 58 59 60 61 62 63 64 65 66 67 68 69 70 71 72 73 74 75 76 77 78 79 80 81 82 83 84 85 86 87 88 89 90 91 92 93 94 95 96 97 98 99 100
thews 40
theyd 55
theyr 53
thee. 38 41 56 77
thees 55
theer 46 71
theft 4 12 19 21 26 30 32 41 45 49 51 53 55 65 68 73 77 79 80 81 84 88
theah 39
thebe 65
thear 14 72
them. 12 19 22 27 31 37 38 39 41 45 69 71 76 77 79 80
then. 71 79
thema 63
theme 1 4 7 10 12 13 14 18 19 28 37 39 40 41 44 46 49 51 55 57 63 65 67 68 71 74 76 78 79 80 84 85 90 92
thens 6
thenk 50
their 1 2 3 4 5 6 7 8 9 10 11 12 13 14 15 16 17 18 19 20 21 22 23 24 25 26 27 28 29 30 31 32 33 34 35 36 37 38 39 40 41 42 43 44 45 46 47 48 49 50 51 52 53 54 55 56 57 58 59 60 61 62 63 64 65 66 67 68 69 70 71 72 73 74 75 76 77 78 79 80 81 82 83 84 85 86 88 89 90 91 92 93 94 95 96 97 98 99 100
theif 49
t’eef 30
thilk 9
think 1 2 3 4 5 6 7 8 9 10 11 12 13 14 15 16 17 18 19 20 21 22 23 24 25 26 27 28 29 30 31 32 33 34 35 36 37 38 39 40 41 42 43 44 45 46 47 48 49 50 51 52 53 54 55 56 57 58 59 60 61 62 63 64 65 66 67 68 69 70 71 72 73 74 75 76 77 78 79 80 81 82 83 84 85 86 87 88 89 90 91 92 93 94 95 97 98 99 100
thins 17 43 49
thinc 91
thing 1 2 3 4 5 6 7 8 9 10 11 12 13 14 15 16 17 18 19 20 21 22 23 24 25 26 27 28 29 30 31 32 33 34 35 36 37 38 39 40 41 42 43 44 45 46 47 48 49 50 51 53 54 55 56 57 58 59 60 61 62 63 64 65 66 67 68 69 70 71 72 73 74 75 76 77 78 79 80 81 82 83 84 85 87 88 89 90 91 92 93 94 95 97 98 99 100
thine 4 5 7 9 12 20 22 24 26 27 32 33 38 39 40 41 45 49 55 64 65 74 76 77 78 80 84 85 88 90 93 98 99
thigh 6 9 12 22 34 39 40 41 42 43 44 49 53 55 65 77 78 81
thisy 12
thish 69 70
thith 14
this. 31 37 40 71 79
third 1 4 5 6 7 9 10 11 12 13 14 15 16 17 18 19 20 21 22 23 26 27 28 29 30 32 33 34 35 37 38 39 40 41 42 43 44 45 46 47 48 49 50 51 53 54 55 56 60 61 62 63 65 66 67 68 69 70 71 72 73 74 75 76 77 78 79 80 81 82 83 84 85 87 88 89 90 91 92 93 94 95 96 97 98 99 100
thick 1 3 4 5 6 7 9 10 12 13 14 16 17 18 19 21 22 23 26 27 28 29 30 31 32 33 34 37 38 39 40 41 42 43 44 46 47 48 49 50 51 52 53 54 55 56 57 58 59 60 61 65 66 67 68 69 70 71 72 73 74 76 77 78 79 80 81 83 84 86 88 90 92 93 94 99
thide 14
thief 9 12 13 14 20 21 22 23 26 27 28 30 31 32 33 37 38 39 40 41 45 48 49 50 51 52 54 55 57 58 64 65 66 68 71 72 76 77 78 79 80 84 85 88 89 97 98
thias 65
t’ree 30
t’row 30
thowt 5 71 72
those 1 2 3 4 5 6 7 8 9 10 11 12 13 14 15 16 17 18 19 20 21 22 23 24 25 26 27 28 29 30 31 32 33 34 35 36 37 38 39 40 41 42 43 44 45 46 47 48 49 50 51 52 53 54 55 56 57 58 59 60 61 63 64 65 66 67 68 69 70 71 72 73 74 75 76 77 78 79 80 81 82 83 84 85 86 87 88 89 90 91 92 93 94 95 96 97 98 99 100
thoth 55
thout 69 70
thous 55 70 91
thoux 27
thode 39
thoon 22 65
thoos 65
thorn 5 9 10 12 18 22 23 24 33 38 39 46 49 51 53 66 72 77 79 94 100
thoro 49
thort 46 91
thole 22 40 55
thong 22 30 49 55 65 77
thoms 55 98
thoas 22 65
throb 10 13 23 27 29 31 37 39 40 41 44 47 55 56 57 69 79 85
throe 10 49
throw 3 4 5 6 7 8 9 10 11 12 13 14 15 16 18 19 20 21 22 23 26 27 28 29 30 31 32 33 34 35 36 37 38 39 40 41 42 43 44 45 46 47 48 49 50 51 53 54 55 56 57 59 60 61 62 63 65 66 67 68 69 70 71 72 73 74 76 77 78 79 80 81 82 83 84 85 86 89 90 91 94 95 97 98 100
thrum 41
three 1 2 3 4 5 6 7 8 9 10 11 12 13 14 15 16 17 18 19 20 21 22 23 25 26 27 28 29 30 31 32 33 34 35 36 37 38 39 40 41 42 43 44 45 46 47 48 49 50 51 52 53 54 55 56 57 58 59 60 61 62 63 65 66 67 68 69 70 71 72 73 74 75 76 77 78 79 80 81 82 83 84 85 86 87 88 89 90 91 92 93 94 95 97 98 99 100
thred 98
threw 1 3 4 5 6 7 8 9 10 11 12 13 14 15 16 17 18 19 21 22 23 24 26 27 28 29 30 31 32 33 34 35 37 38 39 40 41 42 43 44 45 46 47 48 49 50 51 52 53 54 55 56 57 58 59 60 61 65 66 67 68 69 71 72 73 74 76 77 78 79 80 81 82 83 84 85 90 91 92 93 94 98 99 100
tzetz 65
thura 49
thuya 12
thuds 13 37 42
thule 10 84
thumb 5 6 10 12 13 14 21 27 28 32 33 34 38 39 40 41 42 44 46 49 50 55 60 66 67 68 69 71 73 76 77 78 79 81 84 87 94
thune 12
thunk 55
thump 3 5 13 14 27 28 31 33 40 52 55 59 70 76 78
thugs 13
thuin 12
thwee 39
thwow 39
thyme 12 49 55 73 77
tra’l 49
tiber 12 44 49 77 79 98
tibar 77
tiara 12 18 21 23 40 53 79 80
tiani 53
tidal 22 30 31 47 48 49 55 78
tidd. 71
tide. 71
tides 14 20 28 30 40 46 49 55 60 64 65 71 73 76 77 80 81 83 84 88 92
tided 60
ticho 53
ticks 14 28 40 69 71 78
ticud 53
tzung 63
ticed 55 68
tiffs 17 55
tiers 12 13 14 34 39 40 68 78 79 81
tieri 53
tient 49
tiens 10 18 39 55
tiene 53
tieck 84
tramp 4 5 6 10 12 13 14 18 22 27 28 31 37 39 46 47 51 52 55 56 57 66 68 69 70 76 77 78 79 85 94
trams 42 55 86
tigut 62
trans 27 40 63 66 81
traps 3 12 13 14 26 27 28 30 33 39 40 46 48 53 55 60 67 68 69 70 71 76 78 79
trapp 30
trail 10 12 13 17 18 21 28 30 31 33 34 39 40 43 46 55 58 65 67 70 72 77 78 80 94
trait 10 11 12 27 30 32 39 41 51 71 72 74 77 80 83 84 85 89 90 92 94
train 4 5 6 10 11 12 13 16 18 21 23 27 28 29 30 31 32 33 34 35 37 38 39 40 41 42 43 45 46 47 48 49 51 55 56 57 59 60 62 63 65 66 67 68 70 71 72 73 74 75 76 77 78 79 80 81 82 84 85 86 89 90 92 94 96 97
trale 53
tigre 12
trakh 39
trays 10 13 53 55 71 78 94
trayn 45
trare 53
trash 13 27 31 33 37 39 45 49 55 66 68 69 70 72 74 86 90 94 98 99
trary 72
trate 53
trata 39 53
trato 77
trati 53
traun 39
tigen 63
tiger 4 12 13 14 17 21 24 26 27 28 32 33 35 40 41 46 49 55 56 61 67 71 72 76 77 78 79 84 92 93
tragl 65
tight 3 5 6 8 12 13 14 17 18 21 22 23 27 28 29 30 31 33 36 37 38 39 40 41 42 43 44 46 47 48 54 55 56 57 58 61 66 67 68 69 70 71 72 73 76 77 78 79 81 84 85 86 93 94
tighe 55
trabb 14
tigie 53
tract 6 10 13 14 19 34 40 42 45 65 70 73 77 84 85 89 97 98
tracy 94
trace 1 6 9 10 11 12 13 14 15 18 19 20 21 22 23 24 27 28 29 30 31 32 33 34 37 39 40 41 42 43 44 46 47 48 49 51 54 55 64 65 66 67 68 71 73 74 76 77 78 79 80 81 84 85 88 90 93 94 96 97
track 4 6 8 9 10 12 13 14 17 18 20 21 22 23 27 28 30 31 33 34 36 37 38 39 40 41 43 46 48 49 50 51 55 56 57 58 63 65 66 67 68 69 70 71 74 76 77 78 79 80 82 84 85 86 88 90 99
trade 2 4 6 7 10 11 12 13 14 15 16 18 21 23 27 28 30 31 32 34 35 37 38 39 40 41 43 45 46 48 49 50 51 53 54 55 60 62 65 66 68 69 70 71 73 74 76 77 78 79 80 81 82 83 85 86 88 89 90 91 92 93 96 97
