tracery 33 40 43 51 55
tonsing 4 44
thread. 12
tolstoi 39
tolstoy 13 39 41
threads 4 6 8 9 10 12 23 26 27 28 34 37 38 39 40 41 43 46 48 49 55 56 59 64 71 73 77 78 79 80 85 94
trebles 12
trebled 12 39 41 56 73 79 80 84
threat. 71
threats 4 11 12 13 19 21 22 27 31 32 37 39 41 43 45 46 48 49 50 53 57 65 68 71 72 74 77 79 81 83 85 88 90 97 98
tearing 4 6 10 12 13 14 17 18 21 22 23 27 28 30 31 32 33 36 37 39 41 46 48 49 52 53 54 55 56 65 67 68 69 70 71 73 74 76 77 78 79 80 83 90 93 94
tildy’s 51
tanager 28
talaria 28
tapissi 12
tanagra 23
told’st 40
tracing 9 10 12 13 14 23 26 29 34 39 40 67 68 71 72 74 76 77 78 79 80 85 90 93 94 97
tetanus 79
tabloid 55
tenthly 12 45
taproom 48
tearoom 55
tocho’s 77
turpius 49
tention 34 55
thibord 12
tracked 1 4 12 13 14 23 27 34 54 57 68 69 71 72 76 79
tracker 33
totidem 49
trackin 27
tempcnt 63
titties 55
torrida 49
troikas 41
tabular 62 63
tamente 53
troilus 55 65
tigride 49
tarquin 40 45 79
thee’ll 27
torrent 1 5 8 10 12 13 14 18 19 20 26 28 33 34 39 40 42 43 44 46 48 49 52 55 56 64 65 68 71 72 73 74 79 80 85 88 90
tyrians 77
tuscany 7 9 49 77 79
tuscans 7 39 49
tuentur 49
twattle 84
thistle 3 5 26 28 40 53 55 56
tryphon 12
taulurd 9
tablets 14 38 40 46 49 55 65 71 77 79
titters 10
tableau 10 23 40 51 55 56 75 79 94
teipsum 45
tolatte 53
tigress 10 12 40 41 49 55 72 76 78
twisden 81
tentare 49
tentano 53
thorned 66
thornes 45
teddy’s 33
tubbing 30 55
tummies 55
thaumas 49
tristes 49
tractus 49
tristan 9 12 55 92
tristis 49
tersely 14 51 77
ticanno 53
tariano 53
tearful 13 14 28 32 37 39 41 44 55 56 65 68 69 70 71 74 77 79 85 88 90 92
telling 1 3 4 5 6 7 10 11 12 13 14 16 17 18 19 20 21 22 23 25 27 28 29 30 31 32 33 34 35 36 37 38 39 40 41 42 43 44 45 46 47 48 49 50 51 52 53 54 55 56 57 58 59 60 61 64 65 67 68 69 70 71 72 73 75 76 77 78 79 80 81 82 83 85 88 89 94 99 100
tempora 49 77
tempore 49 97 98
tuantur 49
topazes 23 77
topsy’s 27
timidus 49
timidly 3 12 13 14 17 23 26 27 28 35 37 39 41 42 44 51 56 57 61 68 69 71 72 76 78 79 92 93 94
trial’s 3 41
tovilla 53
tickers 68
tickets 4 11 12 13 21 23 27 37 39 42 46 49 55 67 68 69 78 79 83 86
tunguli 53
tweaked 5 17 55 94
tuskers 33
tempter 26 27 51 72 76 85 92
tempted 1 4 8 9 10 11 12 13 14 16 17 18 19 21 26 27 28 29 32 37 38 39 40 41 42 44 45 46 48 49 50 51 53 54 55 56 57 58 59 60 61 63 65 67 68 71 72 73 74 76 77 78 79 80 81 82 83 84 85 88 89 90 92 94 95 97 98
thavies 78
threnes 55
tonsure 12 53 77
tresses 10 12 21 26 28 34 38 44 49 55 56 65 71 72 77 78 84 85
teartap 55
thither 4 6 7 9 10 11 12 13 14 16 17 19 20 21 22 26 27 28 32 38 39 40 42 45 46 47 48 49 51 53 55 60 64 65 68 69 71 72 73 74 77 79 80 81 82 83 84 85 88 90 91 92 93 94 98
tachate 53
tellato 53
tolbiac 12
tutored 40 72 74 90
tumults 7 12 40 45 49 65 88
tumulus 47 55
tarries 64 98
tarried 8 9 10 20 26 40 52 80 84 98 99
twirled 18 39 43 55 94
tarring 32
tagging 70
trialls 45
tempest 4 7 9 10 12 13 18 23 26 27 28 33 37 39 40 41 46 49 53 54 55 56 64 65 66 69 71 72 73 74 76 77 79 82 84 85 90 94
tempers 5 11 12 13 15 16 17 19 30 32 33 45 50 55 71 72 77 80 83 84 88 92 94
topsail 40 60 79
typical 13 20 22 28 31 39 41 43 46 51 53 55 66 84 85 92 95 96
troil’s 40
templis 49
taylor. 16
thou’ll 55
thou’lt 40 49
thou’rt 72
thou’st 40 49
telleth 9 26 45 88
tellers 10 12 31 41 49 66 77 80
tellest 40 49 77 85 88
temples 5 9 10 12 13 18 21 22 26 28 33 34 39 40 41 42 43 44 45 46 49 51 54 55 57 65 66 68 71 72 74 77 78 79 80 84 88 89 90
temple. 71
tavie’s 18
thosand 91
twyford 83
tenancy 14
tipkins 71
them’ll 6
tenants 2 10 11 12 49 51 55 59 71 72 73 76 79 83 89
thestor 65
terreur 12
tschunk 55
thebani 49
thebans 7 49
terrene 55
terrent 49
thebaid 12 49
thebais 65
terreat 49
tanquam 49
thessal 45
tillers 39 76 84
thrusts 9 12 22 38 40 42 44 49 50 53 55 77 78 79 80
trireme 31 55 80
tonight 1 5 6 8 13 14 17 19 26 27 28 29 33 36 38 39 42 43 44 47 50 54 55 56 59 66 67 69 70 71 79 94
tensely 39 48 54 92
tussore 23
tussock 23 46 77
tenjiku 66
taker’s 50
tahamis 53
terrify 7 12 13 14 17 20 23 32 40 41 49 53 65 71 72 73 77 78 84 90 97
terrier 3 14 33 34 40 43 55 72 78
tightly 4 5 6 7 10 12 13 17 18 21 22 23 27 30 34 37 39 40 41 42 43 44 46 47 51 53 55 56 58 59 61 68 71 76 77 78 79 86 94
tighter 5 7 13 14 17 22 26 27 28 29 33 39 44 49 57 68 70 71 76 78 80
tighten 4 29 55 67 77
tillage 10 22 28 49 73 77 80 81 97
tinkled 10 28 29 30 34 37 41 56 61 65 69 78
tinkler 10 68
tinkles 56
tintern 74 90
thirsty 5 8 9 10 12 13 26 27 28 30 31 32 35 38 39 42 46 47 48 49 55 60 64 65 66 68 70 71 72 76 77 78 79 80 81 94 100
thirsts 12 41 64 65 79 80 88
touched 1 4 5 6 7 8 9 10 11 12 13 14 16 17 18 19 20 21 22 23 25 26 27 28 29 30 31 32 33 34 35 37 38 39 40 41 42 43 44 45 46 47 48 49 50 51 53 54 55 56 57 59 60 61 63 65 66 67 68 69 70 71 72 73 74 75 76 77 78 79 80 81 82 84 85 87 88 89 90 93 94 95 99 100
toucher 44 78
touches 5 8 9 10 12 13 14 15 16 17 25 27 28 29 30 33 34 37 39 40 41 44 46 49 50 53 55 63 65 68 70 71 72 76 77 78 79 80 81 85 92 94 95
thebe’s 65
trugeno 53
titania 79 94
titanic 12 28 40 41 48 79
tatyana 41
tenacem 49 79
treason 9 12 13 15 27 39 44 45 49 53 55 73 76 77 79 80
treatin 27
treated 1 3 4 5 6 7 9 10 11 12 13 14 15 16 17 19 20 21 22 23 26 27 28 29 30 32 34 35 37 38 39 40 41 42 43 44 46 49 50 51 53 55 56 57 59 61 63 65 68 69 70 71 72 73 74 75 76 77 78 79 80 81 82 83 84 86 89 90 91 92 94 95 97
tipster 55
thwough 39
talibus 49
toodles 94
typhoid 5 34 55 79
tinking 4
typhoon 40
taphian 22
thespis 12
thespia 65
terrail 49
terrain 49
terigit 49
terrace 1 5 12 14 23 29 33 34 37 42 46 47 48 55 60 67 71 76 77 78 79 84 94 100
thirty. 12
tonquin 73
thirtey 91
tropics 10 21 27 31 34 40 46 51 71 73 79 92
trogoff 12
tierney 42
thorius 49
turnout 28 79
titbits 55
tumbled 3 4 5 6 9 12 13 14 17 19 21 22 26 27 28 30 31 33 39 40 42 44 45 46 49 52 55 56 58 65 66 67 68 69 70 71 76 77 78 82 84 93 94
tumbler 14 16 21 27 28 39 41 42 44 55 56 57 66 68 71 72 77 78 81 100
tumbles 27 35 38 49 55 65 70 78 94
tumblin 27 46
tutelae 49
tutelam 55
torians 40
toriana 53
them.86 22
tiptoes 18 21 67 68 70 85
tiptoed 17 43 55 56 58 67 69 70
thoreau 28 85
trasing 9
trabb’s 14
tschink 55
troykas 39
terrour 45
tension 12 21 26 27 29 39 40 41 44 46 47 55 67 72 85 86 92
torquay 34
torquet 49
terrors 4 5 6 10 12 13 14 16 18 20 24 27 29 31 34 37 39 40 46 47 48 49 51 52 54 55 60 65 68 69 71 74 76 77 80 81 82 84 85 88 90 93
terrore 49
tiberim 12
tiberii 12
tumbrel 12
tumbril 12 73 76
tonitru 49
tillman 51
tigiato 53
teazing 19 24
tauleas 9
treacly 55
treacle 3 5 37 52 55
them.35 22
tainted 12 20 23 26 28 31 40 41 45 46 48 49 51 55 65 68 74 76 77 78 79 84 90
ttingen 20
treadle 18 40
tetrica 49
tetrici 49
topical 55
temoins 84
tenka’s 39
topiary 55
tamedst 88
thalamo 55
tilling 34 38 49 51 91
thalami 49
technic 55
tolable 27 70
topcoat 12 79
tocsins 12
tzoneca 53
teatray 55
torture 4 6 7 8 10 12 13 14 17 18 19 20 22 23 26 27 28 32 35 37 39 40 41 45 46 49 54 65 66 68 69 71 72 73 74 76 77 78 79 80 81 84 85 88 90 92 93 98
totties 42
totting 17 55
thouars 12
twickem 27
tranger 39
tholice 55
triumph 1 4 6 8 9 10 11 12 13 14 15 16 17 19 20 21 22 23 26 27 29 30 31 32 33 37 39 40 41 42 43 44 45 46 47 49 50 51 52 54 55 56 57 60 65 67 68 69 71 72 73 74 76 77 78 79 80 81 82 84 85 88 90 92 94 97 98 100
timbang 53
textile 23 59
topless 98
tottery 6
totters 49 55 65 71
toasted 6 14 22 34 38 40 68 72 73
tremolo 12
truants 82
tremors 10 12 48
tremour 17 19 55
tremont 28
twang’d 65
tortore 49 53
they’ll 3 5 6 10 13 14 27 31 32 33 37 39 40 41 42 43 48 49 50 51 55 56 59 67 68 69 71 72 76 77
they’re 3 4 5 6 10 12 13 14 17 18 27 29 30 33 34 37 39 40 41 42 48 50 54 55 56 59 67 68 69 71 72 75 77 79
tartish 81
they’ve 3 4 5 6 10 13 14 26 27 29 35 37 39 40 41 42 43 48 49 50 56 67 68 69 71 72
twilled 94
teatime 10 29 39 56 94
throwed 5 50 69 70 78
thrower 77
tacitus 12 26 49 55 79 92
tacitum 49
taxable 49 96
tacitly 12 16 37 45 49 51 55 56 71 79 93 97
tallies 9 34 40 48 55
tallied 21 22 34 40 42 77 79
tikki’s 33
tendons 14 22 30 40 45 49 65
thimble 3 4 6 10 14 17 18 27 28 39 57 69 70 71 73 100
tiredly 35
truss’d 65
trevoux 49 82
thwarts 51 65 69 83
tallish 21 42
tranquo 40
tranque 40
trident 12 16 22 65 76
thyrsis 77
transit 10 12 13 29 39 40 47 48 55 67 79
tyerman 40
transom 40
theer’s 6 71
tomyris 49
through 1 2 3 4 5 6 7 8 9 10 11 12 13 14 15 16 17 18 19 20 21 22 23 24 25 26 27 28 29 30 31 32 33 34 35 36 37 38 39 40 41 42 43 44 45 46 47 48 49 50 51 52 53 54 55 56 57 58 59 60 61 62 63 64 65 66 67 68 69 70 71 72 73 74 75 76 77 78 79 80 81 82 83 84 85 86 87 88 89 90 91 92 93 94 95 96 97 98 99 100
tallowy 6 55
tallons 55
trotter 39 55 68
trotted 5 6 12 30 33 34 38 39 55 58 67 68 69 72 73 76 78 94
tartar. 71
tartars 41 49 82
tartary 28 73 74 78 90
terming 71
termino 53
termini 48 89
tatting 94
thousan 13 70
truisms 89
timbrel 55 78
thing’s 16 27 47 49 50 55 67 69 77
tobosan 77
teacosy 55
tramway 55
tenemus 49
twoside 62 63
torlini 79
tricked 6 10 12 17 19 21 30 33 38 39 47 49 53 65 77 78
teacups 3 14 55 71 78
tricks. 77
trickle 10 12 17 23 26 30 31 39 47 55 65 72 74 84 90
toughey 78
tougher 3 26 40 55 71 85
tenendo 53
tennent 83
think’s 40
tremble 3 4 5 8 9 10 11 12 13 14 16 17 22 23 26 27 28 29 32 34 37 38 39 41 42 44 46 48 49 51 54 55 56 60 61 65 68 70 71 74 76 77 78 79 82 84 85 88 90 94 96 98 99
tallyho 13 55
trembly 70
telemus 22
tredici 53
tholomy 12
teaches 5 7 10 16 22 26 28 33 34 35 37 40 41 45 49 50 51 66 68 72 73 78 79 80 82 85 88 89 92 97
teacher 7 10 12 13 14 16 26 27 28 32 33 35 37 39 41 42 44 45 46 48 49 50 51 55 56 60 62 63 64 65 66 69 70 71 72 74 76 77 79 80 85 88 89 90 92 94
teachee 60
twitted 55 56 77 85 94
twitter 4 5 12 21 29 49 51
tancred 65
tobolsk 46
thief’s 10 26
teneant 49
tore.41 65
tremens 25 70
tremere 49
turrets 5 39 43 45 65 77 78 84
torches 8 9 12 14 22 27 33 38 39 43 45 53 55 65 68 70 73 74 76 77 78 79 80 84 90
torchia 53
trilled 28 37 39 55 69
tuggeth 26
tubular 12 84
tholsel 55
tenedos 22 65
thensam 45
tealess 55
thyself 4 9 12 15 20 26 27 28 38 39 40 41 44 49 55 60 64 65 73 74 77 79 83 84 85 88 90 92 94 98
textual 34 55
tfn.net 97
trances 40 52 84
tranced 40
though. 41
thought 1 3 4 5 6 7 8 9 10 11 12 13 14 15 16 17 18 19 20 21 22 23 24 25 26 27 28 29 30 31 32 33 34 35 36 37 38 39 40 41 42 43 44 45 46 47 48 49 50 51 52 53 54 55 56 57 58 59 60 61 63 64 65 66 67 68 69 70 71 72 73 74 75 76 77 78 79 80 81 82 83 84 85 86 87 88 89 90 91 92 93 94 95 97 98 99 100
timbers 6 20 22 28 40 55 69 78 79
tatters 6 9 12 14 22 28 31 37 40 47 49 55 65 76 79 93
tugging 1 10 21 27 31 37 38 39 40 43 55 57 58 61 65 66 69 70 73 82 94
tacatte 53
texture 10 18 21 23 28 39 40 42 44 47 54 65 66 68 74 76 77 78 79 80 84 85 87 90 93 95
theeves 45
tankard 55 78 85
tramcar 55
trading 4 14 18 27 31 35 37 39 40 45 49 53 55 60 62 66 68 69 70 73 76 79 81 82 89 92 94 99
tribune 12 41 45 49 55 67 79 92
tributo 53
tributu 53
tribute 4 7 9 10 11 12 13 16 19 20 26 28 29 39 40 42 44 45 49 51 53 55 56 57 65 67 68 70 71 73 74 77 78 79 80 88 90 91 92 94 97
taramis 79
tipmost 50
tankage 13
totaque 49
taxicab 50
totanus 28
taranto 7
torsoes 40
tounoma 65
tower’d 65
trellis 12 18 23 55 71 78 79 92
travail 9 10 23 30 39 51 53 55 80 81 88
titular 37 49
tapster 77
tenuity 84
totally 1 4 11 12 14 15 16 19 26 32 39 40 44 45 49 54 55 56 57 59 60 67 68 71 74 76 77 78 79 81 83 84 89 90 97
tamoyos 53
tritons 45
tantalo 49
twitchy 14
t’fooil 72
travels 6 10 12 13 16 17 21 22 27 28 32 33 34 35 37 38 39 40 41 46 49 51 52 53 55 60 61 65 68 71 72 73 74 77 78 79 82 83 84 86 90 93 94 95 99
travell 45
travers 9 12 55
twaddle 12 34 39 41
talketh 26 88
talkest 40 49 77
talkers 28 39 49 73 76 79 88 94
trick’d 65
ticknor 77 85
trammel 49
trick’s 29
tertium 51
talking 1 3 4 5 6 9 10 11 12 13 14 15 16 17 18 19 21 22 23 26 27 28 29 30 31 32 33 34 35 36 37 38 39 40 41 42 43 44 45 46 48 49 50 51 53 54 55 56 57 58 59 60 64 66 67 68 69 70 71 72 73 74 75 76 77 78 79 80 81 82 83 85 86 87 88 90 92 93 94 100
tertius 55
toddles 55
toddler 55
toddled 13 34 55
tertina 7
tertian 49
thickly 5 6 10 15 19 21 22 23 27 31 34 37 38 39 40 41 42 43 44 48 52 53 54 55 56 61 66 68 71 72 74 77 78 79 80 90 94
tradunt 12 49
thicken 44 65 70 76 79
thicker 5 6 10 12 14 20 26 28 33 38 39 40 41 44 46 48 49 51 53 55 60 65 68 70 71 73 77 81 94
thicket 4 6 9 12 20 21 22 23 26 27 30 32 33 35 38 39 41 48 52 55 60 65 70 71 73 77 79 80 81 99
ticking 4 6 12 17 21 23 26 27 28 37 40 42 48 55 57 59 68 69 71 73 76 78
toxicum 55
tramped 5 6 13 21 23 28 34 55 69 70 72 77 78 94
tramper 55 68
trample 5 10 12 18 26 33 37 38 39 40 41 45 49 55 69 71 72 73 74 77 79 80 82 85 88 90 94
talboys 55
tyrants 4 12 13 15 32 45 49 51 55 65 73 74 76 79 80 81 90 92 97
tarjeta 55
tellson 76
tyranny 4 12 13 15 23 28 37 41 45 49 51 55 64 69 71 73 74 76 77 80 81 82 84 89 90 92 95 97
toddies 18 40
tyranni 49 97
teasing 5 11 12 30 37 39 41 55 56 69 71 72 79 94
tickled 12 14 26 27 28 34 37 40 41 44 49 50 55 56 58 68 70 71 73 78 88 93 94
tickles 13 33 44 49 55 78
tickler 14
twelfth 3 7 9 12 32 37 38 39 40 41 44 45 48 49 53 55 60 64 65 73 78 80 81 93 99
thrones 12 26 40 45 49 55 65 80 88 94
throned 10 22 40 65 69
trorono 53
throngs 12 13 65 88
thronus 65
tendeth 45
tenders 49 94
twist’s 68
tampers 75
thwaite 5
tidying 10 17 36 46 55
taunted 22 26 30 39 41 55 58 88
taunton 78
trade’s 50
thankye 14 68
tolloll 55
thanker 16
thanked 3 4 6 7 9 10 11 12 14 16 17 18 19 20 23 27 28 29 34 35 37 38 39 40 41 42 44 46 48 49 53 54 55 56 60 61 67 69 70 71 72 73 74 76 77 78 79 81 82 84 85 90 93 94 98 99
thankee 14 71 78 94
thwacks 77
tawnies 82
tantrum 5 56
tabella 49
tallest 5 6 10 11 13 18 19 27 38 40 61 70 72 73 77 78 79
tolling 10 40 46 49 51 66 68
tacitam 53
tending 4 5 10 12 14 19 22 27 28 33 35 37 39 40 44 45 49 51 60 65 70 71 72 73 76 77 78 79 80 81 83 84 85 88 89 94 95 97
tiele’s 53
tantras 55
thawing 4 26 28 30 39 78 92
topknot 55
tenuous 57
tigkeit 63
taghima 53
teabell 27
timaeus 49 80
taraxel 55
tunicas 49
tunicam 49
towered 12 20 26 28 34 39 46 47 48 52 56 74 78 79 84 90 94
tollers 21
tollere 49
tribnia 73
trojans 22 23 28 49 65 77
trojani 49
themist 65
themiso 49
trechus 65
tinware 94
throats 6 9 12 13 14 15 16 21 22 28 30 32 33 38 39 40 46 49 55 65 68 69 71 73 74 76 78 79 80 81 83 84 90 94
throat. 38
tower13 22
traders 4 14 22 26 27 28 32 39 55 68 70 71 73 77 79 80 81 96
tritely 55
tatamue 53
tolland 40
tychias 65
tychius 65
tantivy 28
twisted 5 6 9 10 12 13 14 16 18 19 20 21 22 23 30 31 33 37 39 40 41 42 43 44 46 47 48 49 51 52 55 56 57 58 59 60 61 65 66 67 68 70 71 72 73 76 77 78 79 85 86 88 93
toadied 55
toadies 13 14
tornare 53
tornati 53
twinkle 1 3 6 12 13 14 21 26 27 28 47 49 50 51 55 56 67 69 71 72 76 78 85 94 100
trayful 42
tubfish 53
tornado 17 27 30 39 40 60
tromter 91
ticobon 53
tamales 18
twining 10 27 44 49 55 68 71 78 79
tosilos 77
teeming 26 46 49 50 55 65 71 84 88
thumbed 31 43 55 68 77
tiger’s 4 12 14 33 65 79
trapped 6 9 13 14 33 37 40 47 49 58 59 64 68
trapper 28 34
tessier 12
touquet 12
tueamur 97
thowels 14
thrills 26 28 40 42 56 65 84 92 94
thrilly 56
thudded 39
tisbury 40
tenoned 28
teichos 65
thrifty 2 6 22 28 39 42 49 51 55 73
thepage 62 63
tuesday 5 9 10 11 12 14 16 18 19 21 23 27 34 39 41 42 44 48 49 53 55 56 62 68 69 70 71 72 76 78 79 83 94 99
trifle. 38
trifled 11 14 19 27 39 55 69 71 74 77 85 90 93 94
trifler 28
trifles 10 12 13 14 15 16 17 18 21 27 28 34 35 36 37 39 40 41 43 45 49 52 53 60 65 68 69 71 72 76 77 78 80 83 84 85 88 94 98
tannery 69 76
trepann 83
t’ousan 30
tomales 66
traytor 97
tanning 34 40 87
toecaps 42 55
tenorio 77
towhead 70
tenpins 13
tedious 4 7 10 11 16 17 19 23 32 37 39 40 41 42 44 48 49 50 53 55 56 60 61 65 68 69 70 71 72 73 74 75 76 77 78 79 80 81 83 85 90 92 94 98 99 100
tournay 49
tegmina 49
twould. 71
tooke’s 40
turkies 81
turkish 1 12 21 22 23 28 37 39 40 42 46 49 53 55 60 63 74 77 79 82 90 97
trinity 9 12 22 28 29 37 39 40 41 42 45 51 55 63 67 68 71 77 80 82 83 88 98
turkles 70
tragedy 6 12 14 17 18 21 23 26 27 28 29 30 34 40 41 43 45 46 48 49 50 51 55 56 57 65 66 70 71 74 75 77 78 79 80 82 83 84 90 92 94
touring 55
tourist 43 55 69
trinket 27 37 68 72
tegea’s 65
taloned 22
trinkst 55
tune.38 22
thracia 65
tarnish 72 74 76 78 79 90
trieste 55 79
twentey 91
trapani 22
tinques 12
tragici 49
tragico 49
trefoil 12 55
tow’rds 71
tourene 82
thrived 5 15 28 68 71
thriven 14 38 72 88
thrives 5 12 22 49 78
thumped 10 12 13 14 21 33 35 41 56 59 66 70 72
thumper 58
trievna 39
tischen 63
turtles 3 17 28 40 60 64 65 70 81 94
taclobo 53
trucked 27 30 49
trapeze 12 55
truckle 14 31 41 49 94
titi.18 12
twinges 77
truuare 53
thummin 45
thummim 55
tapered 40 43 44 77
tromped 70
treetop 5 33
thieved 68 78
thieves 2 6 9 12 13 14 21 23 26 28 33 35 37 38 39 40 43 49 51 53 55 58 60 64 65 68 70 71 73 76 77 79 80 82 83 85 91 94
trough. 38
troughs 13 39 40 46 55 70 77 78
tatches 9
trubner 63
tiusche 92
tiroirs 55
takings 21 49
tinging 28
thinned 10 12 13 40 42 49 51 69 70
thinner 1 8 12 13 16 27 28 33 36 37 39 40 41 43 47 61 65 72 74 78 85 90 94
trologo 53
thierry 12
tagarin 77
tordant 55
taffeta 12 53 77
taffety 77
turbans 10 49 55 77 84
tidiest 40
trounce 69
trenton 12 83
talebot 49
truthes 45
trouono 53
turbary 55
trouoro 53
turbate 49
things. 5 31 71 80
trutina 49
tandems 55
teneres 98
thinges 53
thrytho 20
t’other 5 10 12 14 19 28 40 49 68 69 71 72 76
teree’s 65
toledan 77
teneros 49
tenerlo 53
tenerli 53
tennine 12
topmast 60 73 81
topmaul 40
towpath 55
tabooed 23
trouser 21 30 34 39 41 47 50 55 59 70
tuzikov 41
texlive 63
trouthe 91
trouths 91
thinkin 5 6 27 34 46 70 78
thinker 12 21 26 35 39 41 51 55 63 77 80 83 84 89 92
turbida 49
tullius 49
turbine 49 86
trouvez 39
trinder 81
turkeys 13 16 40 52 55 67 73 77 81 93
trodden 9 10 12 14 22 24 26 27 28 32 33 34 37 39 40 42 48 49 57 61 66 68 71 72 76 77 78 79 84 85
tagalog 53
torlogh 1
tiochid 53
teresas 55
thumb’s 13
twanged 55
tipping 40 55 67
talents 10 11 12 16 19 22 27 31 32 37 41 42 45 49 51 55 65 68 71 73 74 76 77 79 83 84 88 89 90 91 92 94
tumours 48 49 65 73
trussed 9 14 49 52 71 73
trusses 12 78
tardier 65
terewth 78
trusted 4 5 6 7 9 10 11 12 13 15 16 17 18 19 20 21 22 27 28 29 33 37 38 39 41 42 43 44 45 46 49 50 51 54 55 59 60 65 68 71 72 73 75 76 77 78 79 80 81 83 84 85 94 95 97
trustee 39 43 44 54 56 76 80 97
tardily 68 74 78 84 90
trenche 53
talers. 38
teadust 55
teretes 49
tomacho 53
ternoon 55
tweed’s 10
tenfold 6 12 18 21 32 39 41 52 54 60 65 74 77 79 80 81 85 90
tippets 78
trivets 78
traffic 4 10 13 14 16 21 26 27 31 37 42 43 46 47 48 49 55 60 67 68 71 73 76 78 81 85 86 89 96
theorie 63
theorem 12 79
tonnage 6 10 21
tacking 39 55 56 78 79 81
ticello 53
thomson 15 19 79 81 83
trimmer 13
trimmed 5 6 10 12 13 16 18 21 23 31 34 37 39 40 41 44 48 53 55 56 60 61 66 67 70 71 77 78 79 84 93 94
torvald 36
tafflin 71
ternate 28 49 53
tackles 40 79
tackled 13 28 39 46 50 55 70
trouato 53
trouaua 53
trouano 53
trouare 53
troubel 91
trouble 1 2 3 4 5 6 7 9 10 11 12 13 14 16 17 18 19 20 21 22 23 25 26 27 28 29 30 31 32 33 34 36 37 38 39 40 41 42 43 44 45 46 47 48 49 50 51 53 54 55 56 57 58 60 61 62 63 64 65 66 67 68 69 70 71 72 73 74 75 76 77 78 79 80 81 82 83 84 85 86 88 89 90 92 93 94 95 97 98 99 100
trafico 53
trafigo 53
time118 22
trysail 40 84
trivial 4 10 12 16 18 19 21 23 26 28 37 39 40 41 42 43 46 48 49 50 55 65 66 68 71 75 76 77 78 84 89 93 94 95 100
tactful 39 51 56 67
torment 10 11 12 13 14 19 26 27 29 30 31 32 33 37 38 39 40 41 44 45 47 48 49 65 69 71 72 74 76 77 78 79 80 84 85 88 90 92 94 98
trivium 51
terence 7 49 55 77 88
tingles 33 40
tingled 4 33 34 40 43 55 56 57 69 71 72
taction 73
tactile 48 95
tidings 1 4 9 10 11 13 14 16 17 19 26 27 32 34 37 38 39 40 46 48 55 60 65 68 69 71 74 75 76 77 78 79 81 85 90 94 98 99
tactics 1 4 7 12 17 26 27 37 39 65 78 80
thomond 55
topmost 5 18 22 28 33 38 40 41 50 54 65 69 71 72 76 77 85 100
teaming 46 57
tweedle 33
trewest 71
trolley 13 51 55 57 67
teglath 12
trollop 33 55
trublet 82
tissued 40
tissues 30 40 42 55 56 77 85
tucuman 82
tostoff 55
toyshop 39
twofold 16 32 39 41 45 60 68 78 79 80 84
torpins 81
timofey 41
tinsley 22
today’s 39 55 56 64 67 79
tappeth 26
torpedo 33 48
tapping 6 12 14 17 21 28 34 37 38 39 40 41 42 44 46 48 51 52 55 56 66 67 68 71 76 77 78 79 81 86 94
tuition 10 14 19 28 30 44 45 49 55 68 71 97
tabaqui 33
tasking 78
turneth 26 53
turnest 88
turners 83
tabarca 77
turned. 22
turnham 76
turenne 12 39
tinapai 53
tinapay 53
tanyard 55 70
toppled 13 48 67 79
tiburon 53
tiburin 53
turning 1 3 4 5 6 7 9 10 11 12 13 14 16 17 18 19 20 21 22 23 24 25 26 27 28 29 31 32 33 34 35 36 37 38 39 40 41 42 43 44 45 46 47 48 49 50 51 52 53 54 55 56 57 59 60 61 62 65 66 67 68 69 70 71 72 73 74 75 76 77 78 79 80 82 83 84 85 87 88 89 90 91 92 93 94 95 97 98 99
topping 6 17 27 55
turnips 5 14 16 28 38 49 53 55 70 71 77
thyeste 84
toolbox 55
tostado 77
turnkey 12 14 68 71 76 79
thermes 12 40 79
thermal 55
tuamotu 53
toenail 55
towards 1 2 3 4 5 6 7 9 10 11 12 14 15 16 17 18 19 20 21 22 23 26 27 28 31 32 34 35 36 37 38 40 41 42 43 44 45 46 47 48 49 50 52 54 55 56 58 59 60 61 63 64 65 66 67 68 70 71 72 73 74 75 76 77 78 79 80 81 82 83 84 85 88 89 90 91 92 93 95 97 98 99
towarde 53
theseid 65
targonj 53
targoni 53
tilting 5 14 23 39 40 49 55 77 94
tonie’s 18
traight 53
tommy’s 55
tinkers 40 55 78
tiddler 71
tripods 12 22 48 65 78 84
tripoli 49 82 83
tunnies 49
theanor 65
turmoil 4 13 18 23 27 37 39 40 51 55 68 69 74 79 85 90 92
tripped 10 14 27 28 30 33 38 39 46 49 55 56 57 68 69 70 71 72 77 82 93 94
trarebe 53
trundle 27 55 85
touch’d 49 65
timoris 49
telamon 22 65 80
timorem 49
timores 49
tenable 12 21 49 63 84 89
trailed 5 6 9 14 27 31 37 39 43 46 47 55 71 72 77 88
theatre 7 8 11 12 14 18 23 27 28 42 46 48 49 50 54 55 62 66 67 68 70 71 73 75 76 77 78 79 80 81 82 88 89 92 94 97 100
train59 65
theatin 82
tahitan 40
theater 13 29 39 41 70 83 86 94
twigged 40 55
tirando 53
timothy 27 38 45 52 55 56 91
tops’ls 69
tirante 77
trained 4 5 6 7 10 12 13 17 21 22 26 27 30 32 33 34 37 39 40 41 43 46 49 50 51 55 56 57 61 65 68 69 71 73 74 77 78 79 80 81 84 85 86 89 90 92 94
trainee 35 59
traines 45
trainer 26 80 92
temesa4 22
tolians 7 65
timours 41
tilbury 12 40 55 74 79 90
theseus 7 12 22 28 49 65 74 77 80 90
timonel 77
tasteth 26 88
targets 20 49 55 65 78 86
tasters 26 77
trooper 20 39 52 71 78
trooped 12 21 40 69 94
tydides 65
tipsily 37
theages 49 80
tcherny 41
touting 71
toryism 15
tasting 6 10 12 13 20 23 26 28 30 37 38 40 41 42 44 45 49 54 55 56 60 68 71 77 78 79 80 88 94 95
tyanaus 49
tethers 46
titioni 53
tupenda 53
tupende 53
tepidly 26
traitor 6 8 9 10 12 39 44 48 49 51 53 55 65 66 69 71 72 73 74 76 77 79 90 94 98
tommaso 7 55
touters 46
trarono 53
thirdly 2 4 7 10 11 12 14 15 22 26 37 38 39 40 41 45 49 51 55 60 63 71 76 78 79 80 84 88 89 97 98
tamurin 53
tisdall 55
trahunt 49
tithing 85
tomtoms 55
trumpet 3 6 9 12 14 18 20 21 23 26 27 28 31 33 36 37 39 40 41 45 46 48 49 51 53 55 65 68 69 72 73 77 78 84 85 91 94 98
trumped 13 18 41 55 77
twoness 51
tambour 12 22 78
tossing 3 4 6 10 12 13 14 20 21 22 23 27 29 33 36 38 39 40 41 43 46 48 49 55 56 66 67 68 69 70 71 72 76 77 78 79 80 81 85 94 100
tailend 55
taters. 71
trigger 6 12 32 34 37 39 41 43 69 79 93
thrasea 49
tookest 26 88
testing 13 26 39 41 57 71 77 79 80 84 85 89 92 94
testina 7
tosseth 26
testify 4 7 12 13 14 15 16 26 27 32 39 41 49 54 60 68 74 76 77 78 90 91 94
testily 1 5 10 14 39 40 42 43 46 55 68 77
thymnus 53
tooth’d 65
tiniest 5 12 13 21 36 37 44 46
toiling 4 8 13 14 28 31 35 39 40 43 51 54 55 61 66 68 71 79 80 81 84 88 94
tityrus 12
that’ll 3 6 13 14 27 37 39 40 42 50 55 56 59 67 68 69 71
tomtits 12
tuner’s 14
trail’d 65
taile’s 9
thunder 3 4 6 9 10 12 13 14 15 17 22 26 27 28 31 32 33 37 39 40 41 43 44 46 47 48 49 50 51 52 53 55 57 59 60 61 64 65 67 68 69 70 71 72 73 74 76 77 78 79 80 81 82 83 84 85 88 90 93 94 95 98
tuneful 55 57 65 94
tilings 49
toilers 12 13 51 55 64
taurida 39
tepping 55
train’d 65
tourrie 81
traicte 49
tumable 49
toilets 39 44 86 94
tomkins 55
tunnels 12 13 21 33 40 47 48 55 73 78
tourney 9 77
tourned 91
truedup 55
tournon 12 79
triplex 98
tripled 13 51
testata 49
tronckh 82
taverna 49
taverns 2 12 19 27 37 39 41 49 55 69 77 80 83
terpret 70
tronche 12
tronchi 65
their’s 16 19 49
tangent 28 55
tangere 49 92
tudor’s 55
toyable 55
tongues 4 10 11 12 13 14 16 17 22 23 26 28 29 30 33 34 37 39 40 42 44 45 46 47 48 49 53 55 56 57 65 69 72 73 74 76 77 78 79 81 82 83 84 85 88 90 94 98
tongued 13 14 26 44 54 55 56 78 84 92
tongue. 39
tongres 12
tousled 5 27 39 55 71 94
thereus 49
trudges 55 78
trudged 13 48 51 54 55 68 71 76 78 94 100
tangier 55
theresa 12 39 94
thereto 9 12 15 18 26 27 44 45 46 49 53 55 56 72 81 88 92 96 98
thereum 45
thereof 9 10 15 22 26 27 32 40 43 44 45 49 53 55 56 63 68 69 73 76 77 78 80 81 84 85 88 89 91 92 97 98 99
thereon 9 10 13 15 18 22 26 44 45 46 48 55 56 68 73 77 78 79 83 88 92 98
therein 9 10 11 12 15 20 21 22 26 27 28 31 38 39 40 41 44 45 47 48 49 55 56 63 64 68 71 73 77 78 79 80 84 85 88 89 91 92 97 98
therell 55
thereat 9 20 26 53 55 68 72 77
thereas 9
thereby 2 9 10 11 12 13 14 15 18 21 26 27 32 37 39 40 41 42 44 45 47 49 53 55 56 59 63 65 68 73 76 77 79 80 81 83 85 88 89 92 94 95 96 97 99
trepida 49
trepido 49
tsubmit 78
tumidum 49
tuckers 10 94
tumidis 49
tangles 5 14 40
tangled 4 5 10 12 13 14 18 21 23 24 26 27 30 31 37 38 39 40 42 43 47 48 51 52 55 56 67 69 70 71 77 79 80 84 85 94
toronno 53
tailing 6 21 77
toronto 43 78
tasso’s 79
trowels 28 48 78
testoon 53 55
tamburi 53
tamburo 53
tobacco 4 6 12 13 14 17 18 21 27 28 31 32 34 37 38 39 40 41 42 43 46 47 50 51 55 57 60 66 67 68 69 70 71 72 73 76 78 79 81 85 97 99
tootles 17 55
tucking 12 14 18 31 39 40 41 55 71
ttwidth 63
trepoff 21
tupmans 16
tilando 53
teubner 22
tassels 12 40 41 49 55 56 71 93
tuctele 53
tabinet 42 55
theiche 53
timemus 49
tooting 78
timenti 49
toothed 20 26 39 55
tailors 6 12 13 17 28 37 38 42 49 53 71 73 77 78
toyings 44 52
there’s 3 4 5 6 10 11 12 13 14 17 18 19 21 24 25 27 28 29 31 33 34 35 36 37 38 39 40 41 42 43 44 47 48 49 50 51 54 55 56 59 60 61 65 66 67 68 69 71 72 75 76 77 79
there’d 5 6 13 18 37 39 41 55 56 67 69 72 76
this’ll 6 42 48 68
