ualo 53
uano 53
uare 53
uaue 53
uber 65
un’s 27 76
uche 12 53
udes 63
udum 49
up’d 71
uema 53
uela 53
uffa 21
ufig 63
ugly 1 3 5 6 8 9 10 11 12 13 14 17 18 19 21 23 26 27 28 29 31 33 35 36 37 38 39 40 41 42 43 45 46 47 48 49 50 51 54 55 56 57 58 60 61 66 68 70 71 72 73 74 76 77 78 79 80 81 82 83 84 85 90 92 93 94 98
us’s 40
us’d 5
uire 49
uldp 63
ulex 55
ulht 63
ully 73
ulla 48 49
umay 53
uman 88
umed 53
umer 53
umph 27 33 41 68 71 72
umso 63
umst 63
unam 49 55 97
undo 3 5 7 11 12 13 14 15 21 27 36 37 39 45 46 49 54 55 62 68 69 71 77 78 85 88 93 94 98
unda 49
unde 49 55 98
unco 55
ungl 20 63
unio 28 92
unit 12 39 51 62 63 80 84
unsl 20
unus 45 49 83 97
unum 7 45 49 53 70 97
unto 4 7 9 13 14 15 20 22 26 27 30 31 32 34 37 38 39 40 41 42 44 45 48 49 51 55 60 64 66 68 69 71 76 77 78 79 80 81 84 85 88 91 92 97 98 99
unty 45
uona 53
upat 53
upas 10
uper 53
upon 1 2 3 4 5 6 7 8 9 10 11 12 13 14 15 16 17 18 19 20 21 22 23 24 25 26 27 28 29 30 31 32 33 34 35 36 37 38 39 40 41 42 43 44 45 46 47 48 49 50 51 52 53 54 55 56 57 58 59 60 61 63 64 65 66 67 68 69 70 71 72 73 74 75 76 77 78 79 80 81 82 83 84 85 86 87 88 89 90 91 92 93 94 95 96 97 98 99 100
urbi 12
urbe 49 55
ural 92
uram 55
urgi 53
urge 7 10 12 15 16 19 20 22 27 32 34 35 37 39 41 45 49 55 59 60 64 65 66 68 71 72 76 77 78 79 83 84 86 88 97
urer 53
urim 45 55
urit 49
urmi 26
urls 63
urns 5 65 71 76
urne 63
urna 49
urpo 53
ursi 49
ursa 49 55 94
urrr 33
used 1 2 3 4 5 6 7 8 9 10 11 12 13 14 15 16 17 18 19 20 21 22 23 24 25 26 27 28 29 30 31 32 33 34 35 36 37 38 39 40 41 42 43 44 45 46 47 48 49 50 51 52 53 54 55 56 57 58 59 60 61 63 64 65 66 67 68 69 70 71 72 73 74 75 76 77 78 79 80 81 82 83 84 85 86 87 88 89 90 91 92 93 94 95 96 97 98 99 100
use. 38 77
uses 7 12 14 17 20 21 26 27 36 39 40 41 44 45 46 49 52 53 55 60 63 70 71 73 74 77 78 79 80 83 84 88 89 90 94 97
user 1 2 3 4 5 6 7 8 9 10 11 12 13 14 15 16 17 18 19 20 21 22 23 24 25 26 27 28 29 30 31 32 33 34 35 36 37 38 39 40 41 42 43 44 45 46 47 48 49 50 51 52 53 54 55 56 57 58 59 60 61 63 64 65 66 67 68 69 70 71 72 73 74 75 76 77 78 79 80 81 82 83 84 85 86 87 88 89 90 91 92 93 94 95 96 97 98 99 100
usha 42
usin 27 46
usqu 49
usum 49
usus 12 49 55
usvy 39
utas 9
utah 34
utin 53
utor 49
uura 53
uvre 12 21 28 30 40 41 55 79
uxor 49
uzza 53
