uvres 12 28 40 42 79
uvred 28 30 40
ueber 20
unabh 63
uncle 1 4 5 7 9 10 11 12 14 16 18 19 20 21 22 23 27 28 29 31 32 37 38 39 40 41 42 43 44 49 51 53 55 56 61 62 65 66 67 68 69 70 71 72 73 74 75 76 77 78 79 80 81 83 85 89 90 91 93 94
unbar 17 65
unbid 65
unapt 27 45 49
unarm 9
undug 76
undue 10 15 16 18 21 28 34 40 49 51 55 68 79 84 85 95
undoe 45
undry 53
under 1 2 3 4 5 6 7 8 9 10 11 12 13 14 15 16 17 18 19 20 21 22 23 24 25 26 27 28 29 30 31 32 33 34 35 36 37 38 39 40 41 42 43 44 45 46 47 48 49 50 51 52 53 54 55 56 57 58 59 60 61 62 63 64 65 66 67 68 69 70 71 72 73 74 75 76 77 78 79 80 81 82 83 84 85 86 87 88 89 90 91 92 93 94 95 96 97 98 99 100
undae 49
undam 49
undah 39
undas 49
undan 53
undid 12 21 22 27 30 37 41 42 44 55 66 68 77 78 84 85 88
undis 49
uncut 10 39 42 47 66 78
ungef 63
unger 26
unfit 11 12 13 14 15 16 18 19 27 32 38 42 44 45 49 51 53 65 68 71 72 74 76 77 78 80 81 83 89 90 96 97
unfed 30 33
union 6 7 8 10 11 12 13 14 15 16 18 20 21 23 27 28 32 34 39 40 41 42 44 45 46 48 49 50 51 52 53 55 62 65 66 67 68 71 72 74 77 78 79 80 81 83 85 88 89 90 93 95 96 97
unius 49
unite 2 4 7 11 12 13 14 15 16 19 20 27 39 40 41 43 45 49 51 65 68 71 74 78 79 80 84 85 89 90 92 94 96 97
units 39 41 49 51 55 62 76 80 89
unity 7 10 12 15 22 26 35 39 41 45 46 49 51 65 79 80 84 85 88 89 92 95 97
unies 49
unica 49
unice 49
ungui 49
unhap 9
unman 22 49 71
unlet 55
unlit 55 57
unpav 83
unpar 55
unrip 17
unter 63
untam 81
untie 7 10 12 37 49 60 65 70 72 73 77 97
until 1 3 4 5 6 7 8 9 10 11 12 13 14 15 17 18 20 21 22 23 25 26 27 28 29 30 32 33 34 35 36 37 38 39 40 41 42 43 44 46 47 48 49 50 51 52 53 54 55 56 58 59 60 61 63 64 65 66 67 68 69 70 71 72 73 74 75 76 77 78 79 80 81 82 83 84 85 86 87 88 89 90 92 93 94 95 97 99
unsay 14 40 49 71
unser 63
unset 40
untuh 73
untoe 14
unwin 68
unwed 10 55
ufens 49
upest 70
ugric 46
upon. 38
upper 1 4 5 6 10 11 12 14 16 17 18 21 22 23 27 28 29 31 33 35 37 38 39 40 41 42 43 44 47 48 49 51 53 54 55 57 60 62 65 67 68 69 70 71 72 73 75 76 77 78 79 80 81 83 84 85 88 92 93 94 96
uppon 91
upset 3 5 7 12 13 18 21 22 23 26 27 28 29 31 32 33 34 35 36 37 38 39 41 42 46 47 50 55 59 61 66 68 69 71 72 77 78 79 80 94 95 96
upupa 55
upton 13 85
us’ll 5
uhlan 39 41
urbem 49 97
urbes 49
urban 55 67 82 96
urbis 12
uraca 53
uzzah 45
urged 1 2 4 5 7 10 11 12 13 14 15 16 17 18 19 20 21 22 27 28 31 32 34 35 37 38 39 40 41 42 43 44 46 48 49 51 52 53 55 57 59 65 66 67 68 69 71 72 73 74 76 77 78 79 80 81 83 84 85 88 89 90 94 95 96 97
urges 10 12 20 22 35 49 55 65 72 77 78 79 80 81 84 95
uriah 45 71
uriel 65
urine 12 28 44 49 53 55 73 86
urope 39
ursis 49
urrea 53
urtin 46
usato 65
usage 6 9 10 11 12 14 16 18 19 20 21 24 39 40 43 49 55 60 65 68 69 71 72 73 74 76 77 78 81 83 85 88 89 90 92 95 97
usest 26
useth 9 20 45 88
users 44
used. 21 80
usher 12 16 17 22 28 40 41 44 49 51 55 71 73 79 84 99
using 1 2 3 4 5 6 7 8 9 10 11 12 13 14 15 16 17 18 19 20 21 22 23 24 25 26 27 28 29 30 31 32 33 34 35 36 37 38 39 40 41 42 43 44 45 46 47 48 49 50 51 52 53 54 55 56 57 58 59 60 61 62 63 64 65 66 67 68 69 70 71 72 73 74 75 76 77 78 79 80 81 82 83 84 85 86 87 88 89 90 91 92 93 94 95 96 97 98 99 100
usnea 28
usque 49 77 92
usted 55
ubaye 12
usurp 12 22 30 45 49 54 77 97
usury 12 42 49 51 55 79 88
usual 1 2 3 4 5 6 7 9 10 11 12 13 14 16 17 18 19 20 21 22 23 27 28 29 30 31 32 33 34 35 36 37 38 39 40 41 42 43 44 46 47 48 49 50 52 53 54 55 56 57 58 59 60 61 65 66 68 69 70 71 72 73 74 75 76 77 78 79 80 81 82 83 84 85 86 88 89 90 91 92 93 94 95 97 98 99
ubito 53
utern 63
utert 20
utica 49 84
uther 9 27
utile 45 49 92
utque 49
utrum 49
utter 1 4 5 6 10 11 12 13 14 16 17 18 19 20 21 22 23 26 27 28 29 31 32 34 35 37 39 40 41 42 44 45 46 47 48 49 50 51 52 54 55 56 57 65 68 69 71 72 73 74 76 77 78 79 80 81 82 83 84 85 87 88 90 92 94 95 98 99
ucaro 53
ucelo 53
ulcer 12 13 49
ulein 39
u.s.a 21 66
u.s.w 63
ullam 49
ullas 49
ullis 49
ultio 49
ultra 10 12 13 27 44 49 55 65 92
ultro 49
ultan 53 55
udato 53
udder 26 39 55
umber 6 54
umble 70 71
umbly 71
umbra 49
umbre 9
udore 53
uvida 49
