uneven 12 13 18 28 39 40 41 47 49 55 60 61 68 71 73 74 76 78 90 94
unwise 9 10 15 18 21 28 41 49 61 65 73 80 81 94 95
upward 1 4 6 10 12 13 14 18 20 21 26 27 28 29 30 31 32 33 35 39 40 43 44 45 47 48 49 51 53 54 55 57 60 61 67 68 69 71 72 73 76 78 80 83 84 85 88 98 99
uperbo 53
ulfius 9
utmost 4 7 10 11 12 14 15 16 18 19 21 22 26 27 28 29 32 34 37 39 40 41 43 44 45 46 48 49 53 55 57 60 65 68 71 72 73 74 75 76 77 78 79 80 81 82 83 84 85 88 89 90 91 92 93 94 97
unworn 85
ureiya 66
ureine 9
uregui 77
unfair 1 13 14 15 16 17 19 22 23 26 30 31 37 39 40 41 43 44 51 55 56 58 68 69 74 75 76 77 78 80 88 89 90 92 100
unfast 48
upmost 49
uccede 53
unwary 13 26 39 41 45 51 65 73 77 78 94
unneth 55
unwept 65 93
unwell 11 16 19 27 37 39 41 44 55 59 71 72 75 78 79 80 81
usquam 49
usque. 49
undrew 10 68 71
undraw 68
unveil 4 12 37 64 77
ushers 12 14 36 45 84
unmoor 40
unmown 23
unduly 7 26 30 40 46 49 51 56 89 95
updmap 63
uneasy 3 4 6 7 10 11 12 14 15 16 17 18 19 21 22 27 28 29 31 32 33 36 37 38 39 40 41 42 43 44 46 48 49 50 54 55 56 59 60 62 66 67 68 69 70 71 72 73 74 76 77 78 79 81 83 84 85 90 93 97
ukagai 66
uplong 14
urchin 4 12 27 38 41 43 47 52 55 69 71 73 76 77
unused 10 12 13 22 27 32 39 41 56 59 65 69 71 73 77 78 88 89
unmade 12 39 49 71 77 78
unmack 55
unmeet 77
undici 53
undine 94
unding 63
undies 55
unmask 39 41 46 77 84 94
unmans 65
unmake 7 15
undone 7 9 10 11 12 14 16 17 20 22 26 27 28 32 34 38 39 40 41 42 44 46 48 49 55 60 65 71 72 73 77 78 85 94 98
undoer 77
undoes 7 45 55 68
u.s.a. 21 34
utopia 12 55 73 80 85
unyoke 42 65 77
uppish 51 56 70
unhasp 72
unhand 68
urgent 1 4 10 11 12 14 16 19 21 26 27 28 30 37 38 39 40 41 43 44 46 48 49 51 53 57 60 65 67 71 76 77 78 79 84
urgest 20
urgeth 20
unhewn 12 37 45
urging 10 12 16 18 19 21 22 27 31 37 39 40 44 45 46 48 49 51 57 65 67 68 71 72 73 76 77 78 79 80 83 89
ungirt 77
ungild 12
ubivis 49
unpity 81
uwaine 9
unpins 55
unpick 22 41
usband 71
umtyme 53
ungual 55
ulysse 49
unpray 49
ubaldo 7
umlich 63
umbris 49
umbrel 55
umbras 45
umbrae 45
ussere 63
usance 20 49 77
ulpian 49
unpaid 4 39 41 51 55 65 79 83
unpack 21 36 38 68 77
uanian 13
ubique 49
upwood 43
unfelt 11 16 71
umbels 28
unfits 49 56
ugling 55
uglify 3
uglier 5 11 13 33 39 48 71 76 78 82 85 93
unfort 78
unfold 11 12 14 18 22 27 28 31 32 37 39 40 46 55 64 65 67 72 74 77 78 84 89 90 91 92 94
unfurl 5 32 55 79
upon’t 49
usages 12 26 34 40 44 49 77 79 82 92
umbled 71
umble. 71
uprose 14 20 65 68 71 84 85 92
uproar 1 7 10 11 12 13 19 21 22 27 30 31 37 38 39 40 41 43 49 55 66 71 72 73 76 77 80 84 85 88 94
uproot 22 37 63 65
urraca 77
unsays 40
urinal 49 55
urines 49
urined 49
unsafe 16 32 37 40 43 49 68 71 76 79 89 95 97
unando 53
unsaid 16 35 40 49 64 65 69 71 72 77
uchali 77
urreas 77
ulbach 12
unseen 1 10 12 13 14 16 19 23 24 27 30 31 33 34 37 38 39 40 41 43 46 47 48 49 51 55 56 57 60 64 65 68 71 72 74 76 77 78 79 80 81 84 85 86 88 90 93 94 98
unseat 21 46
unseal 57 69
unsewn 22 36
unsere 63
uprush 47 48
unawed 40 65 84
unsinn 63
usen’t 41 75
unshod 10
uritur 49
uchino 66
ulster 21 23 31 34 42 55 56 67
unshed 46 55
unique 10 12 13 14 21 26 37 39 40 41 42 43 44 46 49 51 55 63 66 78 80 84 91 92 98
unripe 1 10 23 39 48 77 80 85
unions 10 13 44 51 80 89 96
unitie 45
united 1 2 3 4 5 6 7 8 9 10 11 12 13 14 15 16 17 18 19 20 21 22 23 24 25 26 27 28 29 30 31 32 33 34 35 36 37 38 39 40 41 42 43 44 45 46 47 48 49 50 51 52 53 54 55 56 57 58 59 60 61 63 64 65 66 67 68 69 70 71 72 73 74 75 76 77 78 79 80 81 82 83 84 85 86 87 88 89 90 91 92 93 94 95 96 97 98 99 100
unites 12 19 27 39 65 95 97
uniter 49
unison 11 12 16 19 23 29 39 42 44 46 64 65 71 72 76 77 79 84 85
umwhat 53
uriaga 53
unable 1 3 4 7 9 10 11 12 13 14 16 18 19 20 21 22 23 28 29 30 31 32 34 35 37 38 39 41 42 43 44 45 46 47 48 49 50 53 54 55 56 59 60 61 63 65 67 68 69 71 72 73 74 76 77 78 79 80 81 83 84 85 88 89 90 92 93 94 95
uriens 9
unruly 6 13 26 27 30 38 41 42 44 49 65 72 76 80 81 88 94
uprise 84
uliman 53
usurie 45
usurpe 45
usurps 12 49
unrest 18 24 29 30 35 41 46 51 56 77 78 84
usuram 49
usurer 10 12 13 49 80
unread 12 19 36 40 54
unreal 10 18 23 31 37 39 41 46 47 48 51 55 61 67 71 76 78 80 84 85 88 95
unhood 44
unhook 12 13 23 27 46 79
unholy 7 13 14 22 26 27 37 40 41 46 55 56 69 77 80 81 84 88
upheld 7 10 12 17 26 39 40 42 45 48 49 55 65 71 79 84 88 89 93 99
ubblie 9
ubbita 53
unhung 29
uphill 14 26 31 33 39 41 48 56 78 80 94
unhurt 45 46 65 77 81 91 94
ugette 53
uphold 7 12 39 42 45 49 51 55 65 71 76 77 78 79 85 88 89 94
usual. 71
unquam 7 49 98
usuald 72
usuall 45
uxorum 49
uxores 49
uxorem 49
uxoris 49
unlike 1 4 5 6 7 8 10 11 12 13 14 15 16 17 18 19 20 21 23 26 27 28 30 32 33 37 39 40 41 43 45 46 47 48 49 50 52 55 56 59 62 63 64 65 66 67 68 71 73 74 76 77 78 79 80 81 84 85 88 89 90 93 94 95
uncork 55
uncoil 14
unlink 1 2 3 4 5 6 7 8 9 10 11 12 13 14 15 16 17 18 19 20 21 22 23 24 25 26 27 28 29 30 31 32 33 34 35 36 37 38 39 40 41 42 43 44 45 46 47 48 49 50 51 52 53 54 55 56 57 58 59 60 61 63 64 65 66 67 68 69 70 71 72 73 74 75 76 77 78 79 80 81 82 83 84 85 86 87 88 89 90 91 92 93 94 95 96 97 98 99 100
upcast 40 55
ullum. 49
unlock 38 40 44 61 69 71 72 73 79 94
unload 12 39 40 55 71 79 81 84
upland 22 28 39 55 56
utters 12 36 39 49 50 56 64 66 71 77 78 79 80 92 100
utterl 55
unlove 10 55
uncurl 5
uplift 12 55 84 94
untrue 7 9 10 12 14 17 23 32 38 39 41 44 45 46 49 51 57 67 77 80 84 85 92 93 94 95
umpire 52 80 97
ursula 55
ursule 12
untold 18 20 22 27 28 30 39 40 41 51 55 72 76 77 78 84 94 98
utatur 49
urbild 63
urbina 77
urbino 7 9 49
ullius 49
uncase 88
unlace 9 50 55 77
untyed 45
uerebe 53
uberti 7
uncles 10 11 14 28 30 55 67 70 77 79 80 83 93
uncle. 71 79
unclad 40 46 77
unless 1 2 3 4 5 6 7 8 9 10 11 12 13 14 15 16 17 18 19 20 21 22 23 24 25 26 27 28 29 30 31 32 33 34 35 36 37 38 39 40 41 42 43 44 45 46 47 48 49 50 51 52 53 54 55 56 57 58 59 60 61 63 64 65 66 67 68 69 70 71 72 73 74 75 76 77 78 79 80 81 82 83 84 85 86 87 88 89 90 91 92 93 94 95 96 97 98 99 100
uptore 10
uptorn 10
uptown 14 56 70
unkept 66 77
uvring 12 28 47 55 79
ultras 12 84
unkind 4 6 10 12 14 16 18 19 23 26 27 39 41 44 49 55 61 65 68 71 75 76 78 79 83 85 94
unborn 13 14 22 34 39 40 41 49 55 65 71 76 77 78 84 85
unbolt 5 10 29 44
untill 45 98
untied 5 12 19 37 39 49 55 65 66 68 69 70 71 72 77 78 79 82
untidy 5 10 11 12 23 29 34 39 40 42 50 55 56 57 66 68 71 72 76 78 94
unties 78
unknit 10
urbane 40 46 55
urbana 79
urbain 12
utarsi 49
ulcers 12 49
upkeep 31 39
unjust 3 4 10 11 12 14 15 16 19 22 23 27 28 30 32 37 39 41 42 44 45 49 51 54 55 56 58 64 65 68 71 73 74 76 77 78 79 80 81 82 88 89 90 92 94 97 98
unsold 94
utinam 49
upsala 55
utimur 49
useful 1 2 3 4 5 6 7 8 10 11 12 13 14 15 16 19 21 22 23 26 28 29 31 33 34 35 37 38 39 40 42 43 44 46 47 48 49 50 51 52 53 54 55 56 60 65 66 68 69 71 72 73 74 75 76 77 78 79 80 81 82 83 88 89 90 91 92 93 94 95 97 100
utilis 49
uhlans 12 39 41
upsets 12 26 33 49 55 92 94
unsown 22 35 49
unbear 78
udders 22 26 55
unbest 63
unbent 39 40 65 76 81 94
unbend 10 14 17 65 71 92
unsung 80
upside 6 7 9 12 13 14 17 18 25 26 38 39 40 41 45 46 49 51 55 56 66 71 73 77 78 80 84 93 94
upshot 14 17 27 37 41 43 55 71 76 77
utitur 49
unsure 49 59 88
usward 20
unbars 65
ultimi 49
ultime 12
ultima 49 84
unbias 83
unbind 14 26 27 41 55 77
uranus 80 83
