ubertim 49
ultardi 53
unfreed 65
umblest 71
unusual 1 4 5 6 7 10 11 12 13 14 16 17 18 19 20 21 26 27 28 29 34 39 40 41 42 43 44 46 48 49 51 53 55 56 57 59 61 63 65 67 68 69 71 72 73 74 76 77 78 79 80 83 84 85 88 89 90 93 94 95
unwaked 22
usually 1 2 3 4 5 6 7 10 11 12 13 14 16 17 18 19 20 21 22 23 26 27 28 32 33 34 37 39 40 41 42 43 44 45 46 47 48 49 51 52 53 54 55 56 57 58 59 60 61 62 65 67 68 69 71 72 73 74 75 76 77 78 79 80 81 83 84 85 86 88 89 90 92 93 94 95 97 98 99
undique 49 73
urinous 55
unroofs 28
undried 65
urience 9
usances 49
unbroke 65
undraws 78
undrawn 71
unawars 27
unaware 11 12 17 18 22 26 29 30 31 37 39 41 42 44 46 48 79 84 94
unrolls 55
unvexed 40
usurous 24
usurped 9 10 12 45 49 53 72 77 79 89 97
undress 8 10 12 13 29 39 40 41 44 46 49 56 71 72 73 77 79 82
usurper 7 12 15 39 40 55 72 79 94 97
urinary 77
urinate 53
urgendo 53
urgency 10 12 14 16 19 21 27 41 43 44 48 67 71 73 79 84 94
ultimus 45
untwist 3 49
udolpho 29 41
unrobed 76
unsated 77
usurers 78
ulyulyu 39
unwrast 9
untwine 12 65
unveils 64
uwantit 55
unicorn 38 39 40 55 68 77
unglued 12
urgedst 88
umliche 63
unnosed 77
unbrace 65
uther’s 9
unsadly 20
useless 1 2 4 6 7 8 10 11 12 13 14 15 16 17 18 19 20 21 22 23 26 27 28 29 33 34 35 37 39 40 41 42 43 44 46 47 48 49 50 51 53 54 55 56 58 59 60 61 65 66 68 69 71 72 73 74 76 77 78 79 80 81 82 83 84 86 90 92 93 94 95 97
unloved 56
unlover 19
uncured 60
unloose 22 68
unteach 88
unadept 74 90
unrecht 63
unlocks 13 36 78 94
unclose 10 44 65 72
unready 7
unloads 70
unmasks 49
unities 70
uniting 11 13 15 19 39 41 45 55 59 71 77 79 80 81 83 94 95 97
uterque 49
uniteth 26 45
uranian 55
unbuilt 30 76
unchain 72 78 88
umsonst 37
uwain’s 9
utroque 49
unblown 10
unsmelt 55
umber’d 65
unblest 77
union’s 13
unified 7 51 63
umpteen 55
uniform 1 2 3 4 5 6 7 8 9 10 11 12 13 14 15 16 17 18 19 20 21 22 23 24 25 26 27 28 29 30 31 32 33 34 35 36 37 38 39 40 41 42 43 44 45 46 47 48 49 50 51 52 53 54 55 56 57 58 59 60 61 63 64 65 66 67 68 69 70 71 72 73 74 75 76 77 78 79 80 81 82 83 84 85 86 87 88 89 90 91 92 93 94 95 96 97 98 99 100
useful. 21 71 80
usefull 45
unladen 81
unknown 2 4 5 6 7 8 9 10 11 12 13 14 16 17 18 19 20 21 22 26 27 28 29 30 31 32 34 35 37 38 39 40 41 42 43 44 45 46 47 48 49 51 52 53 54 55 59 60 61 64 65 66 67 68 69 70 71 72 73 74 75 76 77 78 79 80 81 82 83 84 85 88 90 92 93 94 95 97 99
unlaced 9
unaptly 27 49
unkempt 21 22 28 30 34 37 42 48 51 55 59 69 76 77
unhasty 55
utilise 21 47 49
utility 12 16 19 28 40 44 45 49 55 65 74 77 80 83 89 90 92 94 95
utilize 12 39 92
uncowed 30
urchins 12 13 32 40 42 52 55 77 79 85
ungodly 6 26 27 34 40 45 72 81 88
utterer 76
uttered 1 4 6 9 10 11 12 13 14 16 17 18 20 21 22 23 26 27 28 29 30 33 34 35 37 38 39 40 41 42 43 44 48 49 50 51 53 54 55 56 61 66 67 68 69 71 72 74 76 77 78 79 80 81 82 84 85 88 90 94
utterly 1 2 4 6 7 9 10 11 12 13 14 18 20 21 22 23 26 27 29 30 31 32 34 37 38 39 40 41 42 44 45 46 48 49 50 51 54 55 56 65 66 67 68 69 71 72 73 74 75 76 77 78 79 80 83 84 85 88 89 90 94 95 97 99
uncorks 55
unliker 88
untying 10 27 37 38 39 49 68 71 72 77 78
upholds 7 22
unhappy 3 4 5 6 7 9 10 11 12 13 14 16 17 18 19 20 21 22 23 26 27 29 31 32 33 36 37 38 39 40 41 42 43 44 46 49 50 51 53 54 55 56 57 59 60 61 63 65 67 68 69 71 72 73 74 75 76 77 78 79 80 81 82 83 84 85 88 89 90 92 93 94 98
uncover 32 39 42 55 77 87
uncouth 6 9 14 19 21 23 30 31 37 38 40 43 45 49 51 52 55 57 60 68 73 74 77 78 84 85 90
unhandy 26 73
upturns 55
unscrew 12 40 46 48 55 70 73 86
unquiet 10 14 19 27 40 49 51 55 67 71 72 74 78 84 85 88 90 94
uncoils 55
usenone 63
unslept 26
undated 21
unfaded 85
unscath 20
unhitch 57 70
utrecht 1 12 34 79 82
unfitly 45
unhinge 40 41 77 97
upborne 27 65 77 88
unfixed 14 72
undenum 49
ungrate 55
urrutia 53
utricle 55
updated 1 2 3 4 5 6 7 8 9 10 11 12 13 14 15 16 17 18 19 20 21 22 23 24 25 26 27 28 29 30 31 32 33 34 35 36 37 38 39 40 41 42 43 44 45 46 47 48 49 50 51 52 53 54 55 56 57 58 59 60 61 63 64 65 66 67 68 69 70 71 72 73 74 75 76 77 78 79 80 81 82 83 84 85 86 87 88 89 90 91 92 93 94 95 96 97 98 99 100
underne 9
upstuck 20
undergo 10 12 13 14 16 21 22 32 43 44 49 51 61 65 68 71 72 73 74 76 77 78 79 81 84 85 88 89 90
unasked 10 11 16 32 41 46 51 64
unsound 31 41 49 51 55 71 73 75 88 95
unask’d 65
uncivil 3 10 11 16 19 22 31 47 49 66 72 78 82
unlucky 1 6 9 10 11 12 13 14 16 19 22 23 27 28 30 33 36 38 39 41 45 46 49 51 55 56 58 60 61 65 71 72 73 76 77 78 79 81 83 90 92 94
uguarte 53
urganda 77
unjust. 80
uriah’s 71
unbegun 40
upended 55
untaxed 78
umsa.fd 63
untamed 11 21 34 49 51 65 74 77 85 90
usseren 63
upwards 1 2 6 10 12 14 15 17 22 26 27 34 37 39 40 41 42 44 46 49 55 59 60 65 68 70 71 73 76 77 78 79 80 81 82 83 84 85 88 91 92
unhuman 46
unarmed 6 7 9 12 28 31 32 39 43 48 49 60 73 77
untaken 20 65
upstart 11 16 51 55 71 78 79 96
upstair 34
unravel 21 34 39 49 65 71 74 78 90
uschung 63
unequal 10 11 12 13 14 15 16 19 28 31 33 37 39 40 48 49 54 55 65 68 71 72 74 76 77 78 79 80 83 84 85 90 97
uproots 12
unmoved 6 10 11 14 17 18 19 23 26 27 31 32 35 37 39 41 46 49 50 57 65 68 71 72 73 76 77 78 79 92 93 94
ungyved 55
untruss 77
untruth 9 39 41 45 49 58 72 77 79 80 88 92
untruly 9 88
unweave 55
unaided 1 12 18 20 30 39 40 47 65 81 88
untired 65 71
unarm’d 65
uproars 14
unseren 63
unserer 63
unserem 63
utensil 12 27 49 55
unpaved 12 13
ulloa’s 40
unmov’d 65
upbraid 10 16 17 26 27 39 41 44 55 65 69 72 84 88 96
untried 14 19 26 27 28 29 32 33 37 39 40 49 77 78 85 90
ubicity 55
url.sty 63
unnamed 29 39 77
utendum 49
unowned 78
unmanly 6 15 34 45 49 50 65 80 94
unnethe 9 20
unnerve 4 17 46
unhorse 40
upfloor 55
unclene 91
unmarry 39
utopia. 80
uterine 55
utopias 12 47 80 96
utopian 28 41 47 55 79 96
undying 27 55 85
upriver 35
ukraine 39
unclean 4 8 12 13 23 25 26 28 29 39 41 45 46 48 55 64 71 77 78 81 85 88 89 92
unclear 59
unhoped 10 48 49 79 82
unclasp 85 94
unshorn 13 40 68
ursache 63
urteilt 63
uzdaryk 13
unlesse 45
uncle’s 4 9 10 11 16 19 21 27 29 37 39 42 43 44 66 71 72 74 76 77 79 85
unmixed 16 28 37 40 49 55 68 75 76 77 79 80
ungazed 74 90
unmix’d 65
ushered 10 14 16 18 19 21 23 27 28 29 32 34 39 40 44 54 55 66 68 71 72 77 79 84 88 94
upright 1 3 4 5 6 7 9 10 12 13 14 16 19 20 22 23 26 27 28 30 33 35 37 38 39 40 42 43 44 45 48 49 51 54 55 56 57 59 60 63 65 67 68 69 71 72 73 74 75 76 77 78 79 82 83 84 85 88 90 92 94 97
unfolds 12 18 64 65 78
uplands 28 39 43 72
umbrage 55 65 71 77 79
ulysses 12 22 28 41 49 55 65 67 77 79 92 97
utraque 49
unction 10 27 39 41 44 45 49 71 78 84 85
unctius 49
unbowed 51
ugliest 12 26 27 40 55 77 79 82 85
undoing 3 12 17 21 22 37 41 43 44 46 49 50 55 68 78 94
unbound 5 9 12 13 14 22 37 38 41 49 55 60 64 65 73 77 81 83 84
unkiver 78
unlearn 26 35 49 80 92 95
unleash 35
usher’s 42 44 55 84
unplume 49
ulsters 21
uneaten 22
uneasy. 31 79
upgoing 92
unearth 1 79 92
unbosom 26 77
unyokes 65
unyoked 33 76 77
unwound 14 21 39 40 46 55 69 84
unferth 20
unspent 16 39
useable 16
umsb.fd 63
umetyme 53
uneared 55
urethra 44
utrique 77
ureters 49
umwhere 53
unfeign 98
uncanny 5 10 12 13 18 20 29 30 31 37 39 41 42 43 46 47 56 92
ungrown 78
unheard 7 10 11 12 13 14 16 18 20 25 26 27 34 36 37 39 41 44 46 49 51 56 59 65 67 71 72 74 76 77 78 79 80 90 94
uneager 55
uncased 49
ugolino 12 79
uncared 20 22 51 72 89 93
uplifts 12 39 65
