v.20 22
v1.2 63
v1.5 63
v2.0 63
v2.4 63
v2.2 63
v3.0 63
v3.2 63
va’s 39
vado 49
vade 12 55
vada 53
vaca 53
vago 49
vaga 49
vait 13
vais 10 12
vair 12 30 77
vain 1 2 4 5 6 7 9 10 11 12 13 14 15 16 17 18 19 20 21 22 23 24 26 27 28 29 30 31 32 33 34 35 37 38 39 40 41 42 43 44 45 46 47 48 49 51 52 53 54 55 56 57 58 59 60 61 64 65 66 67 68 69 71 72 73 74 76 77 78 79 80 81 83 84 85 88 90 91 92 93 94 95 97 98
vail 88
valu 83
vale 1 9 10 22 23 28 37 40 41 44 49 51 55 56 60 65 68 70 74 77 78 81 84 90 94
valo 77
valm 18
vall 12 53
vant 4 13
vane 23 40 55 64 72
vano 53
vamp 55
vamo 53
vary 7 10 11 12 14 15 17 21 28 44 45 49 51 55 65 69 73 78 79 80 81 84 88 95 97
vase 1 7 10 12 18 22 27 28 41 42 44 53 55 56 65 66 68 78 79 84 94
vari 79
varv 39
vaud 12 74 90
vats 13 20 40 49 55
vaso 44 53
vasi 53
vast 2 4 7 10 11 12 13 14 15 16 18 19 20 22 26 27 28 29 30 31 37 39 40 41 42 43 44 45 46 47 48 49 51 52 53 54 55 56 60 64 65 66 67 68 69 71 72 73 74 76 77 78 79 80 81 82 83 84 85 88 89 90 92 93 94 95 96 97 99
vaux 49
vaya 39
vazo 53
vazi 53
vdir 53
vear 55
veal 12 13 14 19 32 37 39 40 53 55 71 73 77 78 85 94
vede 49 53 55
vecu 92
veda 12 35
vece 65
veer 28 40 53 55
vehm 34
vega 55 77 97
vein 1 2 6 8 9 10 12 23 26 27 28 31 39 40 42 46 48 49 51 54 55 65 72 77 78 79 80 85 88 93
veil 1 4 5 6 10 12 13 14 17 18 20 21 22 23 26 27 28 31 34 35 39 40 41 42 43 44 46 47 48 49 51 53 54 55 56 57 64 65 66 68 69 70 71 72 74 76 77 78 79 80 81 82 84 85 88 89 90 92 93 94 95 96
velo 53
vely 12 13 37 39 41 46
vela 49 53
vell 13 39
veli 53
vele 53
venu 83
vent 4 7 10 11 12 13 16 17 19 31 34 37 38 39 40 41 44 46 49 50 55 56 60 65 68 69 71 72 74 77 78 79 81 84 86 88 90 92 94
vene 53
vend 12 68 73 79
vena 49
veni 53 98
vema 53
very 1 2 3 4 5 6 7 8 9 10 11 12 13 14 15 16 17 18 19 20 21 22 23 24 25 26 27 28 29 30 31 32 33 34 35 36 37 38 39 40 41 42 43 44 45 46 47 48 49 50 51 52 53 54 55 56 57 58 59 60 61 62 63 64 65 66 67 68 69 70 71 72 73 74 75 76 77 78 79 80 81 82 83 84 85 86 87 88 89 90 91 92 93 94 95 96 97 98 99 100
vert 12 28 39 70 77
vers 40 45 49 65
veri 49 53 63
verh 63
verg 55
vere 10 13 21 39 49 55 94
vero 40 49 53 55 97 98
verk 51
verb 7 10 14 20 23 37 45 46 47 49 53 55 63 71 94
vera 18 49 53 55
veqi 53
vets 39
veto 12 28 51 72 89
vest 12 13 18 27 28 39 40 49 55 65 67 71 79 94
vesn 39
veux 39 55
veut 12 92
vewy 39
vias 49 55
viae 49
viam 49 98
vial 9 40 77 97 98
vide 12 22 40 53
vida 77
vidi 49 53 55 77
vict 20
vice 1 7 8 9 10 11 12 13 15 21 23 26 27 28 32 34 35 37 39 40 41 42 44 45 46 49 51 54 55 60 63 65 68 69 71 72 73 74 76 77 78 79 80 81 82 83 84 88 90 92
vico 55 65
vich 39
vife 13
view 1 4 6 7 10 11 12 13 14 15 16 17 18 19 20 21 22 23 25 26 27 28 29 30 31 32 33 34 36 37 38 39 40 41 42 43 44 46 47 48 49 50 51 53 54 55 56 57 59 60 62 63 65 66 67 68 69 71 72 73 74 75 76 77 78 79 80 81 83 84 85 88 89 90 91 92 93 94 95 96 98 100
vies 49
vied 12 13 22 65 76 77 85
vien 53
viel 63
vigo 53
viii 1 3 4 5 7 9 10 12 13 14 16 17 18 19 20 21 22 23 26 27 28 29 32 37 39 41 45 46 47 48 49 51 53 56 57 58 60 61 65 67 68 69 70 71 72 73 76 77 78 80 81 82 83 85 88 90 92 95 97
vill 4 12 13 39
vile 4 6 7 10 12 13 14 15 18 19 21 23 27 29 31 33 37 39 40 41 43 45 46 49 54 55 59 65 68 72 73 74 76 77 78 80 81 84 85 88 90 93 98
vild 98
vila 53 77
vino 49 53
viny 65
vins 12
vina 49
vini 49
vine 4 7 10 12 14 18 22 23 26 28 30 40 45 49 51 57 65 71 77 79 80 83 84 85 94
vioo 55
viol 23 40 72 94
viru 77
viro 49
vira 53
viri 49 89
virg 49 65
vith 68
vite 53
vita 7 49 53 55 84
vito 49
viti 53
visu 49
vise 6 27 37 39 86
visa 49 79
viso 77
vish 4 39
vive 12 37 39 53 55 79 94
vivo 49
vius 12
viva 39 45 49 83
viui 53
viue 53
viuo 53
vixi 12 49
vizz 70
vizo 53
vlas 39
vlad 39
vmay 53
vndi 53
vnto 49 53 98
voco 41
voci 12 49 53
voce 10 45 49 53 55 72 83
voit 12 39 55 92
voir 12 39 92
void 1 2 3 4 5 6 7 8 9 10 11 12 13 14 15 16 17 18 19 20 21 22 23 24 25 26 27 28 29 30 31 32 33 34 35 36 37 38 39 40 41 42 43 44 45 46 47 48 49 50 51 52 53 54 55 56 57 58 59 60 61 63 64 65 66 67 68 69 70 71 72 73 74 75 76 77 78 79 80 81 82 83 84 85 86 87 88 89 90 91 92 93 94 95 96 97 98 99 100
voil 10 12 18 21 39
vole 53
volo 49
voll 63
volk 39 92
vola 49
vont 4 12
volt 39
vols 7 9 49 53 83
vool 55
voto 49
vota 49 98
vote 3 4 6 8 10 12 13 21 27 28 42 45 46 51 55 56 65 68 70 73 76 77 78 79 83 94 97
vost 12
vous 10 12 18 37 39 41 55 69 84 92 94
vow. 56
vows 1 4 10 11 12 18 21 22 29 40 41 42 44 49 54 55 56 60 65 74 77 78 79 84 88 90 98
voyd 45
vpat 53
vpon 98
vrai 10 12 92
vres 12 18 39 79
vski 39
vtin 53
vult 39 49 55
vuol 92
vzar 53
vzan 53
vzza 53
