vials 8 28 40 55 70 72 73
viand 28 84
viaje 77
viago 53
viage 53
videt 49
vidit 49 55
vides 49
victu 49
victe 53
victa 49
vices 4 7 10 11 12 13 15 23 26 27 28 29 32 34 35 39 40 41 42 45 49 55 65 68 71 73 74 76 77 78 79 80 84 88 89 90 92
vicar 12 16 40 45 48 55 71 74 77 80 83 90 94
vicit 98
viget 49
vifly 39
vieux 12 39
view. 38 71
views 6 10 11 12 13 14 15 16 19 21 22 23 26 27 28 30 32 36 37 39 40 41 42 43 44 46 48 49 51 54 55 60 65 71 73 74 75 76 77 78 79 80 81 83 84 85 89 90 92 94 95 96
viele 63 84
viens 39
vient 39 55
vrbna 39
vrazh 39
vigor 1 5 12 13 14 18 19 20 27 28 30 39 40 41 45 49 51 56 69 79 83 84 85
vigil 12 13 21 30 31 43 46 47 48 55 56 67 77 79 85 94
vight 39
vraca 53
viler 23 37 85
vilia 49
vilna 13 37
ville 12 39 41 46 53 55 67 76 79
villa 5 10 21 23 27 28 34 37 39 40 48 49 53 55 66 71 74 79 81 88 90 94
vreus 12
viols 67 79
viola 53 55 94
vines 4 9 10 12 15 18 22 25 28 30 33 40 49 52 56 60 65 67 69 70 74 84 90 94 98
vingt 11 12 18 55
vinum 49
vinti 53
vinci 92
viper 12 41 49 55 72 77 88 94
visum 49
visus 49
vista 1 13 14 28 34 39 41 44 47 49 53 55 67 73 76 78 84 85 87 94
visor 9 12 20 49 65 77
visat 49
vislo 39
visit 1 2 3 4 5 6 7 8 9 10 11 12 13 14 15 16 17 18 19 20 21 22 23 24 25 26 27 28 29 30 31 32 33 34 35 36 37 38 39 40 41 42 43 44 45 46 47 48 49 50 51 52 53 54 55 56 57 58 59 60 61 63 64 65 66 67 68 69 70 71 72 73 74 75 76 77 78 79 80 81 82 83 84 85 86 87 88 89 90 91 92 93 94 95 96 97 98 99 100
virum 49 79
virus 1 2 3 4 5 6 7 8 9 10 11 12 13 14 15 16 17 18 19 20 21 22 23 24 25 26 27 28 29 30 31 32 33 34 35 36 37 38 39 40 41 42 43 44 45 46 47 48 49 50 51 52 53 54 55 56 57 58 59 60 61 63 64 65 66 67 68 69 70 71 72 73 74 75 76 77 78 79 80 81 82 83 84 85 86 87 88 89 90 91 92 93 94 95 96 97 98 99 100
virtu 7 84 92
viros 49
virag 55
viris 49
virga 49
vires 49
virid 28 55
vrlau 53
virgo 40 49 55 83
vivan 94
vivar 77
vivat 39 49
vivam 49
vitry 49
vitre 12
vitus 28 40 52 55
vitet 49
vitia 49
vitas 49
vitae 45 48 49 78 97
vitai 49
vital 1 7 10 12 13 18 21 23 27 28 30 31 37 39 40 41 46 48 49 50 51 54 55 56 65 74 75 77 78 79 80 83 85 88 89 90 92 95 98
vitam 12 49 97
vitch 33
vitii 49
vitio 49
vixen 5 18 22 33 43 55 72 78
vivus 49
vivis 49
vivit 49
vives 49
vivid 1 4 10 12 14 17 18 20 21 22 23 27 28 29 31 32 34 37 39 40 41 42 44 46 47 48 49 53 56 57 65 67 68 71 72 74 76 79 80 84 85 88 89 90 94 95
vivos 41
vizir 83
vache 12 53
vizor 49
vades 45
vague 1 3 4 10 11 12 13 14 17 18 19 20 21 23 26 27 28 29 30 31 32 34 37 39 40 41 42 43 44 46 47 48 49 51 52 53 55 56 57 59 63 64 66 67 68 69 71 72 76 77 78 79 80 84 85 89 93 94 95
vagus 49
vat’s 23
vaila 7
vaine 45 98
valer 49 65
vales 24 28 40 45 49 51 55 65 69 74 90
valet 6 10 12 21 23 27 28 29 39 41 44 49 55 73 76 78 79 82 84
valid 10 11 12 21 28 39 45 49 63 70 77 79 89 95 97
valde 49 55
vanae 49
vance 9 55
vanka 41
vanes 49 84
vampa 79
valzi 53
valmy 12
valor 12 20 28 29 30 39 40 85
vally 6
valle 53 79
valve 27 39 78 86 89
valse 39
value 2 4 6 7 9 10 11 12 13 14 15 16 18 19 20 21 22 23 25 26 27 28 31 32 35 37 38 39 40 41 42 43 44 45 46 49 50 51 53 55 57 59 60 62 63 64 65 66 67 68 69 70 71 72 73 74 75 76 77 78 79 80 81 82 83 84 85 86 88 89 90 92 93 94 95 96 97
vapor 12 20 28 40 49 52 79 84 86
vapid 10 55 72 78
vanum 12 73
vanno 53
vanus 49
vanya 39
vario 49
vargt 13
varry 10 72
varro 28 45 49
varna 46
varas 53
varam 53
vatum 49
vasya 37
vater 37 41
vates 45 77
vaste 92
vasta 49
vassa 81
varus 12 49
vasco 53
vases 10 12 27 39 40 41 42 44 47 65 78 79 84 94
vault 5 10 12 14 16 21 26 27 34 39 40 41 46 49 55 57 60 65 68 71 79 83 84 85 98
vaunt 22 26 30 65 68 79 88 98
vskis 39
vawse 9
vayli 78
vtsev 39
vcelo 53
vulgo 49
vulgi 49
vulva 44 55
vultu 49
vdash 63
v1.0o 63
v1.0j 63
v1.0f 63
v1.1c 63
v1.1b 63
v1.2d 63
v1.09 63
v1.13 63
v1.4f 63
vdire 53
vdita 53
vna’s 39
vvrga 49
veals 78
v2.01 63
vedas 28 35 40
v2.13 63
v2.28 63
v2.0g 63
v2.5h 63
v2.6k 63
veder 53
v2.2f 63
v2.2g 63
v2.2d 63
vecqi 53
veery 28
veils 4 8 10 12 16 22 23 26 28 49 55 57 64 65 77 78 79 80
veins 4 5 8 9 10 12 13 18 21 22 23 26 27 28 30 31 35 37 38 39 40 41 42 43 44 45 46 48 49 51 54 55 56 57 60 65 68 69 71 72 73 74 76 77 78 79 80 82 84 85 90 93 94 100
veine 98
vnder 53 98
vex’d 65
velut 49 97
velox 49
velas 49 53
velat 49
velit 49
velis 49
velly 17 49 55
vello 49
velle 49 53
vella 53
velez 77
veois 49
vniki 39
venue 39 44 55
venus 12 18 22 27 41 44 45 48 49 51 55 65 77 78 79 80 82 83 84 88 91 98
venta 77
vents 12 13 40 49 65 79
vento 49 53 55
venti 49 53
venga 55
venet 65
venez 12 18
venal 39 42 49 51 79
venae 49
venas 49
vendt 81
vendu 12
vence 12
venom 9 10 12 18 30 39 49 51 53 55 57 72 74 77 84 85 90
venne 53
venit 49
veniu 53
venir 12 53
verga 12
verey 91
vergn 63
verge 6 10 12 13 14 21 23 27 28 34 39 41 42 46 48 49 51 55 56 65 66 67 68 69 71 72 73 74 77 78 79 84 85 90 94
verbi 49
verbe 45
verba 49
verbs 17 20 21 47 49 56 72 73 77 95
verbo 55
veram 49 53
verde 53 60
vequi 53
ver.3 45
ver.4 45
ver.1 45
vetat 49
vests 12 65 79
veste 49
vesta 49 55
vesey 51
verno 49
veris 49 98
vermi 53
verkn 63
very. 71
verus 49
verso 12 55
verse 3 6 7 10 12 14 16 17 18 20 23 26 27 28 29 33 35 37 39 40 41 42 45 49 50 55 56 65 70 71 72 73 77 78 79 80 81 82 83 88 90 94 98
versa 26 39 49 55 63
verra 55
vertu 12 27 37 40 53 92
verum 49
verst 41 63
vevay 94
vetro 53
vetri 53
vexit 49
vexed 1 4 5 10 11 12 13 16 19 22 23 26 28 31 35 37 38 39 40 41 43 49 50 55 56 57 61 68 69 71 72 73 76 77 78 79 81 82 83 84 85 88 92 94 98 99
vexet 49
vexes 5 49 77 79 94
vezzi 65
v3.3o 63
v3.8h 63
vobis 12 45 49 55 77
vodka 37 39 41 62
vocum 49
voces 49
vfill 63
vocal 10 12 13 16 26 28 29 39 49 50 52 55 65 72 78 84 85 88 92 94
von’t 13 39
vogue 10 11 12 14 39 41 48 49 50 51 55 66 69 73 76 77 78 79 83 85
vogel 39
voila 92
voise 91
vot’e 39
voice 1 3 4 5 6 8 9 10 11 12 13 14 15 16 17 18 19 20 21 22 23 24 25 26 27 28 29 30 31 32 33 34 35 36 37 38 39 40 41 42 43 44 45 46 47 48 49 50 51 52 53 54 55 56 57 58 59 60 61 64 65 66 67 68 69 70 71 72 73 74 75 76 77 78 79 80 81 82 83 84 85 88 89 90 91 92 93 94 95 96 97 98 99 100
voici 12
voids 12 40 49 69
volui 55
volta 49 53 55
volte 53
volto 53
volpe 53
volse 49 53
volga 79
volet 12 49
voleu 53
voler 53
vow’d 40 65
volam 49
volce 53
volat 49
volle 63
volos 45
vomit 12 13 20 22 26 40 49 53 55 60 73 77 79 98
vxiii 22
vorne 63
vorth 13
voria 53
vouch 10 11 16 34 42 52 55 65 77
voulu 39
vould 13 68
votum 7
votre 10 12 39 41 55 94
voted 4 8 12 13 14 15 16 39 40 45 51 55 65 71 76 79 83
vote. 42
votes 12 13 28 42 45 49 51 65 73 76 77 78 79 83 95 97
voter 12 13 27 51
votis 49
vosne 49
vowel 50
vowed 4 10 13 16 19 20 22 34 37 38 40 41 49 55 56 65 66 71 72 74 77 78 79 84 85 88 90 94 98
voyez 39
voyce 45 98
vozdv 39
vyazm 39
vyfor 55
vying 22 39 55 77
vynas 13
vyled 13
va.70 12
v5.3d 63
vzano 53
vzare 53
