veniall 45
virag’s 55
veinous 14 76 78
virrius 49
vescovo 12
voivode 46
veining 55
vitiate 80
vitiant 49
vitriol 12 21 42 55 82
vividly 4 6 10 12 13 14 18 20 22 23 26 27 29 32 37 39 40 41 44 47 48 49 51 52 55 56 67 71 72 76 77 78 79 80 83 84 85 94
voyaged 40
voyager 14 40 84
voyages 5 6 12 22 26 28 40 49 53 55 56 60 71 73 74 78 79 80 81 82 83 84 90 92
vorgang 63
vastare 97
vastari 97
veniens 49
venient 55
veulent 84
vastest 51
veniria 53
venison 2 9 11 28 40 49 55 71 97 99
vejanus 12
vaubois 12
vargoul 12
vilkins 68
verzino 53
vintage 12 14 26 28 40 49 55 74 77 88 90
vivions 12
veniunt 49
vageque 49
varying 6 7 10 11 12 16 19 27 30 39 40 42 44 49 51 53 55 65 68 69 71 72 73 76 77 78 79 80 84 88 94 95 97
vivimus 51
vanholt 98
vaiechu 53
validly 95
validis 49
velavit 49
volitio 45
venalia 46
valiant 7 9 12 20 22 26 28 33 38 39 40 45 49 65 77 80 88
vitally 14 28 41 46 71 78 95
velasco 77
venafro 7
vitalem 49
vulpine 28 46
veriest 10 20 31 40 41 84 85 93
verrait 49
vainest 20 22 26 49 65 76
videant 12
vivaldo 77
videbis 49
vivamus 49 51
vincasi 49
visor’s 49
vulgata 49
vulgare 49
voucher 83
vouches 16
vouched 46 51 89
vladmir 67
verrons 21
veritas 55 77 98
villers 12 53 79
vicious 4 5 6 9 10 11 12 13 14 23 25 26 27 30 32 37 39 41 42 43 45 46 49 51 52 55 56 60 63 65 68 69 71 72 73 74 76 77 78 80 83 89 90 92 97
viarurn 49
verrier 55
veuvain 12
vintner 55 98
viziers 79 82
villard 12
vicinas 49
villany 40 79 97
villano 49
villain 4 6 9 10 12 13 14 16 19 21 26 37 38 39 41 43 44 49 55 68 69 71 72 74 76 77 78 79 80 82 84 90 94 97 98
village 1 4 5 7 9 10 11 12 13 14 16 18 19 21 23 25 26 27 28 29 30 31 32 33 35 37 38 39 40 41 43 44 45 46 48 49 51 52 53 55 56 57 60 65 66 67 68 69 70 71 72 73 74 76 77 78 79 80 81 82 83 84 85 90 92 98
villons 12
villona 42
valrosa 94
volamus 49
vomerem 49
valises 12 42
volanti 53
volanno 53
vanilla 1 2 3 4 5 6 7 8 9 10 11 12 13 14 15 16 17 18 19 20 21 22 23 24 25 26 27 28 29 30 31 32 33 34 35 36 37 38 39 40 41 42 43 44 45 46 47 48 49 50 51 52 53 54 55 56 57 58 59 60 61 63 64 65 66 67 68 69 70 71 72 73 74 75 76 77 78 79 80 81 82 83 84 85 86 87 88 89 90 91 92 93 94 95 96 97 98 99 100
vincere 49
vincent 12 21 39 44 46 53 55 75 81 84
vieille 12 23 55
villier 39
vivants 39 41 79
vivandi 39
voylets 50
vigilie 53
viderit 49
vulgtis 49
viderat 49
vincoli 79
veranda 5 12 18 30 33 39 56 66 67
vecquie 53
videndi 49
vidence 39
videnai 49
videmus 49
vaulted 12 22 27 40 41 46 55 65 73 76 79 82 84 98
videnti 49
vanity. 12
visored 12
vetitum 92
valance 55 69
virtues 2 7 9 10 12 13 14 16 19 20 21 22 23 24 26 27 28 31 34 35 37 38 39 40 41 46 49 53 55 60 65 67 68 71 73 74 76 77 78 79 80 81 83 85 89 90 92 94
virtue. 39 80
virtual 42
version 1 2 3 4 5 6 7 8 9 10 11 12 13 14 15 16 17 18 19 20 21 22 23 24 25 26 27 28 29 30 31 32 33 34 35 36 37 38 39 40 41 42 43 44 45 46 47 48 49 50 51 52 53 54 55 56 57 58 59 60 61 62 63 64 65 66 67 68 69 70 71 72 73 74 75 76 77 78 79 80 81 82 83 84 85 86 87 88 89 90 91 92 93 94 95 96 97 98 99 100
valjean 12 66
versity 66
vicaria 77
vincula 7 49
vidette 12
veraque 49
videtur 49
variant 12 20
viginti 12
vitch’s 33
venting 11 40 74 79 90
variety 1 2 3 4 5 6 7 8 9 10 11 12 13 14 15 16 17 18 19 20 21 22 23 24 25 26 27 28 29 30 31 32 33 34 35 36 37 38 39 40 41 42 43 44 45 46 47 48 49 50 51 52 53 54 55 56 57 58 59 60 61 63 64 65 66 67 68 69 70 71 72 73 74 75 76 77 78 79 80 81 82 83 84 85 86 87 88 89 90 91 92 93 94 95 96 97 98 99 100
ventero 77
vittles 27 69 70 94
virtute 49
virtuti 28
vauvert 12
vellere 49
vachera 53
verbere 49
vexabar 49
varions 49
vatican 12 13 42 43 49 55 79
vaudois 89
vellido 77
various 1 2 3 4 5 6 7 8 9 10 11 12 13 14 15 16 17 18 19 20 21 22 23 24 25 26 27 28 29 30 31 32 33 34 35 36 37 39 40 41 42 44 45 46 47 48 49 50 51 52 53 54 55 56 57 58 59 60 61 62 63 64 65 66 67 68 69 70 71 72 73 74 75 76 77 78 79 80 81 82 83 84 85 86 87 88 89 90 91 92 93 94 95 96 97 98 99
verball 45
versuch 63
versura 45
veering 55
verbose 78
vonsohn 41
votique 49
venturi 49
venture 3 4 6 10 11 12 13 14 15 16 17 18 19 20 21 22 26 27 28 29 32 36 37 38 39 40 41 42 43 44 45 49 51 54 55 60 65 66 68 69 70 71 72 73 74 75 77 78 79 80 81 82 83 84 85 88 89 90 92 94 99
ventura 49 53 67
viatici 49
viatica 49
voltati 53
voltata 53
vikings 55
vanka’s 41
voltaic 84
vederia 53
vederli 53
volcano 10 12 13 26 27 39 40 55 71 74 78 79 82 84 90 94
vunighi 53
vertigo 12 26 55 79
vamoose 55
victims 4 6 7 8 10 12 13 16 22 23 26 27 29 32 34 37 39 41 42 46 48 49 51 65 68 69 71 74 76 77 78 79 80 81 82 84 85 90 92
victim. 74
vasenka 41
vampa’s 79
vishera 37
vertebr 40
vertere 49
vertice 49
vedendo 53
vinegar 3 4 10 12 14 18 23 27 28 38 39 40 41 42 49 53 55 71 72 73 76 77 78 79 82 83 86 93
victual 9 60 77 81
vocibus 49
vertues 45
victrix 49
victory 4 6 7 8 9 10 11 12 13 14 15 17 20 21 22 23 26 27 28 29 31 33 35 38 39 40 41 42 44 45 46 49 50 53 55 56 60 65 66 69 71 73 74 76 77 78 79 80 81 82 83 84 85 88 89 90 92 94 96 97 99
victors 39 42 45 49 60 65 73 77 80
vishnoo 40
vedette 44
vankirk 84
varsity 55
venus’s 44
vitulos 49
vantage 14 20 22 27 28 48 49 51 55 56 71
vantana 12
vantane 12
vettori 7
venuttj 53
vendean 12
velvets 23 39 40
velvety 18 26 28 39 42 44 46 56 66 79 84
verlegt 39
verceil 83
volumes 9 10 12 13 15 18 21 27 28 29 32 38 39 40 41 42 45 46 48 49 53 55 62 65 67 68 71 72 73 74 77 78 79 82 83 84 85 88 89 90 94
victuri 49
vespers 12 18 28 39 55 77
vayvode 49
vampire 1 12 46 55 68 72 74 78 79 90 94
vamping 55
visibly 6 10 12 13 16 17 19 22 27 29 39 40 41 44 47 49 54 55 60 67 68 69 71 72 73 76 78 79 82 84 94 97
visible 1 6 10 11 12 13 14 15 16 17 18 20 21 22 23 26 27 28 29 30 31 32 34 35 37 38 39 40 42 43 44 45 46 47 48 49 50 51 53 54 55 56 57 59 60 64 65 67 68 69 71 72 73 74 75 76 77 78 79 80 81 83 84 85 86 88 90 92 93 94 97
volleys 33 39 49 60 76
vollere 53
vaunted 16 49 55 65 76 77
vaunter 65
viper’s 77
vinesse 39
volubly 1 5 6 27 29 42 55 71 94
voluble 13 27 55 65 76
vending 10 83
volueno 53
valleys 5 6 7 9 10 12 13 19 22 24 26 27 28 30 33 34 39 40 46 48 49 51 52 53 56 57 60 64 65 71 74 77 84 90 94 95
vallere 49
vectari 49
view’th 26
valueth 26
vendunt 49
verlust 39
vendors 46 79
vetches 12 55
vendome 12 40 49 78
valuing 10 26 41 45 49 51 55 80 92
verulam 78
volupcy 55
vectius 49
verdets 12
visitin 5
vocales 12
vagrant 10 12 34 39 40 42 55 56 64 65 68 69 71 85 88
visiter 90
visited 1 4 10 11 12 13 14 16 17 18 19 21 22 23 27 28 31 32 33 35 37 39 40 41 42 43 46 48 49 51 52 53 54 55 56 58 60 64 65 66 68 69 70 71 72 73 74 76 77 78 79 81 83 84 85 90 91 93 94 100
vampyre 10 92
vocally 72 88
visitor 1 5 10 11 12 13 14 16 17 18 19 20 21 22 28 29 30 31 34 35 37 39 41 42 43 44 47 50 51 54 55 56 59 60 67 68 71 72 74 76 78 79 84 93 100
vaginas 44 53
vacancy 10 11 12 13 21 39 40 44 48 49 57 69 71 72 73 74 78 79 80 83 84 90
vocamus 49
verdant 10 12 26 40 49 65 66 72 74 77 78 79 84 90
visions 4 10 12 13 14 18 26 27 28 30 37 39 40 41 42 44 45 47 49 52 55 56 64 67 68 69 71 72 73 74 77 78 79 80 81 84 85 88 90 93 94
vlovich 39
visaged 9 32 68 78 85
visages 12 71 76 85
vitello 53
vitelli 7
vetusta 49
vervain 44
viaduct 46
verdict 3 12 14 21 23 37 41 42 43 46 55 66 68 69 76 77 78 79 84 85 89 92
vacated 10 14 39 40 42 44 55 71 78
vandals 20 49
venenum 49
vecchio 79
vecchia 79
viterbo 55
viterbe 9 53
verdure 5 10 11 12 16 28 39 40 49 55 60 65 71 74 77 78 79 80 85 90
vervins 49
vermont 27 28 40
vibrant 13 18 30 67
vibrate 13 23 27 40 42 46 55 68 71 78 79 85 93
vibrato 55
varlets 9
vermine 99
vennere 53
ververt 84
visavis 55
vesical 55
valmond 18
vaughns 94
vaughan 55 81 83
vivendi 49
vivendo 49
vissima 49
voffset 63
vulture 10 12 28 40 55 65 71 74 77 79 82 84 90
veneral 55
veneris 44 49
venerem 49
veneres 49
venerdi 53
vagance 28
veneror 49
volente 77
volenti 53
vomited 12 13 22 40 49 60 77 88
volendo 53
vidimus 49
vennuto 53
viuande 53
venezia 53 79
visayan 53
valet’s 39 41
venom’d 65
virorum 49
vicente 53 77
vicenza 26
vrinano 53
vanvres 12
vixenly 85
violets 12 18 22 23 27 40 49 50 55 56 65 66 77 78 79 84 85 88 94 100
violent 1 3 4 6 7 10 11 12 13 14 15 16 18 19 20 21 26 27 28 29 31 32 34 37 38 39 40 41 42 43 44 45 46 48 49 50 51 53 54 55 57 60 65 67 68 71 72 73 74 76 77 78 79 80 81 82 83 84 85 88 89 90 92 93 94 95 96 97 99
vieneno 53
valenti 55
valente 53
valeurs 92
veresti 46
violare 49
violate 4 10 12 29 34 39 40 44 45 46 49 55 77 79 80 84 89
varvara 41
viceroy 6 33 45 49 55 73 77
velours 55
vocular 68
viewing 1 2 3 4 5 6 7 8 9 10 11 12 13 14 15 16 17 18 19 20 21 22 23 24 25 26 27 28 29 30 31 32 33 34 35 36 37 38 39 40 41 42 43 44 45 46 47 48 49 50 51 52 53 54 55 56 57 58 59 60 61 62 63 64 65 66 67 68 69 70 71 72 73 74 75 76 77 78 79 80 81 82 83 84 85 86 87 88 89 90 91 92 93 94 95 96 97 98 99 100
veterum 49
vivonne 12
varmint 27 70
veiling 10 28 48 51 55 57
virgins 12 24 44 49 53 55 65 67 77 79 81 85 88
virgill 45 98
virgin. 77
violins 12 19 23 39 51 53 83
veileth 26
veterem 49
veteres 49
veteris 49
veteran 12 27 39 40 50 55 67 78 85
vaccine 12
vaccino 79
vessilo 53
vistula 39 82
vessele 91
vessell 45 98
vessels 9 10 12 14 20 21 22 27 28 32 39 40 41 44 45 47 48 49 53 55 60 64 65 68 71 73 74 75 76 77 78 79 80 81 82 83 84 85 88 90 91 94
v’yages 6
vivorum 49
volovya 41
voglion 49
voiture 10
vicomte 10 12 27 39 79
vlajean 12
vacuity 40 49
vlograd 39
vacuous 21 35 67
voicing 18 55
vorwort 63
volonta 53
voice’s 42
vilimas 13
viaggio 53
valorem 98
viscous 12 55 73 92
vicorum 49
varnish 12 14 23 39 86
vorerst 63
varents 37
voverat 49
vehicle 10 12 16 18 21 27 29 39 40 46 49 55 62 68 71 73 74 76 78 79 80 83 84 85 90 92 94
vaguely 1 5 12 13 14 17 18 23 28 30 31 37 39 40 41 42 43 47 48 50 51 55 56 57 66 67 69 71 72 75 76 77 78 79 82 84 85 93 94
vestals 12 55 65 79
vaguest 12 41 47 48 77 80
vilagij 53
voileci 12
vorfand 63
vedanta 92
vestige 10 14 21 23 26 27 32 40 47 55 67 68 71 72 74 76 79 84 85 88 90 93 94
visuros 49
verging 10 37 55 56 71 72 76
vergine 53 55
vassals 20 42 49 53 65 66 68 77 92 96
vesting 60 80
vegnire 53
viribus 49
vesture 12 40 55 84
voiding 44 49
vapored 40
vassles 70
voyage. 22
vestros 77
vassily 37
vtilita 53
virilis 49
viriles 49
vapoure 53
vapours 6 10 26 49 54 57 60 65 73 76 88
vapoury 10
vulnera 49
vulnere 49
voronts 39
varones 45
viridum 55
