w.9 22
w.b 55
w.p 81
wad 12 13 40 42 46 55 67 72
wag 3 12 13 23 27 39 40 46 49 51 55 67 72 77 85 91 93
wai 14
wah 33 72
wal 4 27 40 50 55 94
wan 12 13 14 16 20 23 29 30 34 40 41 46 47 51 55 57 65 66 67 68 71 72 74 78 84 85 90 94
wap 9 55
was 1 2 3 4 5 6 7 8 9 10 11 12 13 14 15 16 17 18 19 20 21 22 23 24 25 26 27 28 29 30 31 32 33 34 35 36 37 38 39 40 41 42 43 44 45 46 47 48 49 50 51 52 53 54 55 56 57 58 59 60 61 63 64 65 66 67 68 69 70 71 72 73 74 75 76 77 78 79 80 81 82 83 84 85 86 87 88 89 90 91 92 93 94 95 96 97 98 99 100
war 4 5 6 7 9 10 11 12 13 14 15 16 17 18 20 21 22 26 28 30 31 32 33 34 35 38 39 40 41 42 44 45 46 47 48 49 51 52 53 54 55 56 60 63 64 65 66 67 69 70 71 72 73 74 76 77 78 79 80 81 82 83 84 85 86 87 88 89 90 91 92 94 95 96 97 98 99 100
wat 39 40 55 78
waw 70
wav 20
way 1 2 3 4 5 6 7 8 9 10 11 12 13 14 15 16 17 18 19 20 21 22 23 24 25 26 27 28 29 30 31 32 33 34 35 36 37 38 39 40 41 42 43 44 45 46 47 48 49 50 51 52 53 54 55 56 57 58 59 60 61 62 63 64 65 66 67 68 69 70 71 72 73 74 75 76 77 78 79 80 81 82 83 84 85 86 87 88 89 90 91 92 93 94 95 96 97 98 99 100
wax 5 8 9 10 12 14 16 18 20 21 22 23 26 27 31 34 37 39 40 41 42 45 46 47 49 50 51 53 55 60 63 66 70 71 72 76 77 78 79 80 81 84 85 86 88 93 94
wdu 20
web 1 2 3 4 5 6 7 8 9 10 11 12 13 14 15 16 17 18 19 20 21 22 23 24 25 26 27 28 29 30 31 32 33 34 35 36 37 38 39 40 41 42 43 44 45 46 47 48 49 50 51 52 53 54 55 56 57 58 59 60 61 63 64 65 66 67 68 69 70 71 72 73 74 75 76 77 78 79 80 81 82 83 84 85 86 87 88 89 90 91 92 93 94 95 96 97 98 99 100
wee 10 21 28 33 36 40 41 45 46 49 51 53 55 56 58 61 66 70 91
wed 9 10 12 34 49 51 55 65 67 72 79 83 84
weg 63
wei 28
wel 45 49
wen 14 28 71 73 78 91 98
wer 9 72
wet 3 4 5 6 9 10 11 12 13 14 16 17 18 19 21 22 23 24 26 27 28 29 30 31 32 33 34 35 37 38 39 40 41 42 43 44 46 47 48 49 50 51 53 54 55 56 57 58 60 61 66 67 68 69 70 71 72 73 74 76 77 78 79 80 81 82 83 86 90 92 93 94 98 99 100
wey 48 60
wha 55 67
whe 20
whh 55
whi 91
who 1 2 3 4 5 6 7 8 9 10 11 12 13 14 15 16 17 18 19 20 21 22 23 24 25 26 27 28 29 30 31 32 33 34 35 36 37 38 39 40 41 42 43 44 45 46 47 48 49 50 51 52 53 54 55 56 57 58 59 60 61 62 63 64 65 66 67 68 69 70 71 72 73 74 75 76 77 78 79 80 81 82 83 84 85 86 87 88 89 90 91 92 93 94 95 96 97 98 99 100
whu 38
why 1 3 4 5 6 7 8 9 10 11 12 13 14 15 16 17 18 19 20 21 22 23 24 25 26 27 28 29 30 31 32 33 34 35 36 37 38 39 40 41 42 43 44 45 46 47 48 49 50 51 52 53 54 55 56 57 58 59 60 61 62 63 64 65 66 67 68 69 70 71 72 73 74 75 76 77 78 79 80 81 82 83 84 85 87 88 89 90 91 92 93 94 95 96 97 98 99 100
wie 10 39 63
wid 4 13 27 40 69 70
wig 1 3 6 12 14 17 21 33 39 41 42 43 55 66 68 69 70 71 76 77 78 79 83 84 85 93 94
wil 45 55
win 3 7 9 10 11 12 13 14 16 17 20 21 22 23 27 29 30 33 34 35 36 37 39 41 42 43 44 45 46 48 49 50 51 52 55 56 58 65 66 67 68 69 70 71 72 74 76 77 78 79 80 81 84 85 88 90 92 93 94 96
wip 83
wis 9 63 77
wir 63
wit 7 9 10 11 12 13 14 16 17 19 21 22 23 24 26 27 28 32 33 36 37 39 40 41 42 43 44 45 46 47 49 50 51 53 55 58 65 66 67 68 70 71 72 73 76 77 78 79 80 81 82 83 84 88 91 92 94 98
wiz 13 39
woa 55 77 78
woe 4 9 10 11 12 13 17 20 22 24 26 27 29 30 32 33 35 38 40 41 42 44 46 48 49 51 55 56 57 65 68 69 70 71 74 75 76 77 78 79 80 81 84 85 88 90 92 93 94
wod 72
wom 55
woo 22 38 40 51 55 65 77 94
won 1 3 4 7 8 9 10 11 12 13 14 15 17 18 20 21 22 26 27 28 30 33 34 35 37 38 39 41 42 43 44 45 46 49 50 51 52 53 55 56 57 58 59 62 63 65 66 68 69 70 71 73 74 76 77 78 79 80 81 82 83 84 85 88 90 91 92 93 94 96 97 98
wos 14 76 78 91
wor 10
wot 6 9 10 13 14 20 30 46 68 71 76 77 78 85
wow 3 26 28 33 55 58 69 99
wry 23 27 39 41 42 46 49 55 68 77 78 94
wud 55 68
wus 27 55
wur 72
wut 91
wuz 70
wye 32
