w’en 30
w.’s 71
we’d 5 6 13 14 18 19 24 27 34 37 39 40 41 42 47 48 55 56 59 67 68 69 71 72 79
we’s 4 27 72
wi’t 72
waco 18
wads 13 69
wade 4 6 9 13 26 27 28 31 37 40 48 55 58 69 70 71 99
wags 3 12 26 36 39 55 66
wage 6 9 12 13 20 26 49 51 59 64 65 72 96
waft 5 10 20 29 49 55 60 65 88
wait 1 3 4 5 6 7 8 9 10 11 12 13 14 15 16 17 18 19 20 21 22 23 25 26 27 28 29 31 32 33 34 35 36 37 38 39 40 41 42 43 44 45 46 47 48 49 50 51 53 54 55 56 57 58 59 60 61 62 64 65 66 67 68 69 70 71 72 73 74 75 76 77 78 79 80 81 82 83 84 85 86 88 89 90 92 94 98 99 100
waif 12 13 40 55 56 71 72
waie 49
wain 6 14 20 22 65
wail 9 10 12 13 17 20 27 29 31 37 39 40 41 46 51 55 56 61 65 66 67 68 69 70 71 72 74 76 77 78 88 90 94
wahr 63
wake 3 4 6 9 10 12 13 14 17 18 21 22 23 24 25 26 27 28 30 31 32 33 34 35 37 38 39 40 41 42 44 45 46 48 49 51 53 54 55 56 57 58 59 60 64 65 66 67 68 69 70 71 72 76 77 78 79 81 84 94 98 100
wame 55
walw 40
walt 55 66
wale 78
wall 1 4 5 6 8 9 10 12 13 14 16 17 18 20 21 22 23 25 26 27 28 29 30 31 32 33 34 35 36 37 38 39 40 41 42 43 46 47 48 49 50 51 53 54 55 56 57 59 60 61 64 65 66 67 68 69 70 71 72 73 74 76 77 78 79 80 81 83 84 85 86 87 90 93 94 98 100
walk 1 2 3 4 5 6 8 10 11 12 13 14 15 16 17 18 19 21 22 23 24 25 26 27 28 29 30 31 32 33 34 35 36 37 38 39 40 41 42 43 44 45 46 47 48 49 50 51 52 53 54 55 56 57 58 59 60 61 62 64 65 66 67 68 69 70 71 72 73 74 75 76 77 78 79 80 81 82 83 84 85 87 88 90 91 92 93 94 95 98 99 100
want 1 2 3 4 5 6 7 8 9 10 11 12 13 14 15 16 17 18 19 20 21 22 23 24 25 26 27 28 29 30 31 32 33 34 35 36 37 38 39 40 41 42 43 44 45 46 47 48 49 50 51 52 54 55 56 57 58 59 60 61 62 63 64 65 66 67 68 69 70 71 72 73 74 75 76 77 78 79 80 81 82 83 84 85 86 87 88 89 90 91 92 93 94 95 96 97 98 99 100
wane 10 12 40 41 42 44 47 55 63 68 69 78 79 94
wand 12 13 18 22 27 28 38 40 43 55 65 77 78 85 90 94
wann 63
ware 9 12 14 16 20 28 38 39 44 45 46 51 55 60 70 77 78 81 83 91 97
ward 1 9 10 11 12 13 14 20 22 27 31 34 37 39 41 42 46 49 51 55 65 68 69 75 76 77 78 79 80 81 89 93 94 97 99
was. 38 40 71
war. 38
wate 91
wasp 12 33 37 49 73 81
wasn 46 57 58 70 78 93 94
wast 9 22 26 28 33 40 41 45 49 51 77 80 84 85 88 92 97
wary 30 33 39 40 43 45 46 48 49 51 52 55 65 68 69 71 76 77 78 82 84 85 92 94
wash 3 4 5 6 10 12 13 14 17 18 21 22 23 24 26 27 28 30 33 34 35 37 38 39 40 41 42 44 45 47 48 49 53 55 56 57 61 62 64 65 66 67 68 69 70 71 72 77 78 79 80 81 82 83 84 85 86 88 93 94 98 99
wase 91
warn 6 7 9 10 11 12 13 14 15 17 21 22 26 27 28 32 33 34 37 38 39 40 41 43 45 46 47 48 49 55 56 57 60 65 66 67 68 69 70 71 72 75 77 78 79 85 86 89 92 93 94
warm 1 4 5 6 8 10 11 12 13 14 16 17 18 19 20 21 22 23 24 26 27 28 29 30 31 32 33 34 36 37 38 39 40 41 42 44 45 46 47 48 49 50 51 52 53 54 55 56 57 58 59 60 61 65 66 67 68 69 70 71 72 73 74 76 77 78 79 80 81 82 83 84 85 87 90 92 93 94 98 99 100
wark 10 72
wart 12 31 41 49 55 69 98
wars 1 7 9 10 12 15 22 23 25 26 27 28 31 33 35 38 39 45 46 48 49 51 55 60 65 70 73 74 76 77 78 79 80 82 83 88 89 90 91 92 97
warp 15 22 27 28 40 51 56 80
wave 5 6 10 11 12 13 14 15 20 21 22 23 26 27 28 29 30 31 33 37 38 39 40 41 42 46 48 49 52 53 55 56 57 60 65 66 67 68 70 71 73 76 78 79 80 81 84 85 94 95 100
waus 91
watt 78 81
way. 22 31 37 38 47 49 71 80
wavy 1 27 28 33 40 46 70 71 88 94
ways 1 2 3 4 5 6 7 8 9 10 11 12 13 14 15 16 17 18 19 20 21 22 23 24 25 26 27 28 29 30 31 32 33 34 35 36 37 38 39 40 41 42 43 44 45 46 47 48 49 50 51 52 53 54 55 56 57 58 59 60 61 63 64 65 66 67 68 69 70 71 72 73 74 75 76 77 78 79 80 81 82 83 84 85 86 87 88 89 90 91 92 93 94 95 96 97 98 99 100
waxy 5 23 33 40 78 93
wden 39
wead 39
wear 1 4 5 6 8 9 10 11 12 13 14 16 17 18 19 20 21 22 23 26 27 28 29 31 32 33 35 36 37 38 39 40 41 42 44 46 47 48 49 50 53 54 55 56 57 60 61 62 64 65 66 67 68 69 70 71 73 74 75 76 77 78 79 80 81 83 84 85 86 88 90 92 93 94 95 97 98 99 100
wean 49 74 77 90 94
weal 9 14 22 39 40 43 48 49 51 55 65 71 73 81 85 88 89 92 94 97
weak 1 3 4 5 6 7 8 9 10 11 12 13 14 15 16 17 19 21 22 23 24 26 27 28 29 30 31 33 34 35 37 38 39 40 41 42 43 45 46 47 48 49 50 51 52 53 54 55 56 57 58 59 60 61 64 65 68 69 70 71 72 73 74 75 76 77 78 79 80 81 82 83 84 85 88 89 90 92 93 94 97 98 99
webs 6 12 14 20 46 55 68 73 78 79
webb 83
ween 9 20 38 40 55 77
weel 72 78
week 1 3 4 5 6 9 10 11 12 13 14 16 17 18 19 21 22 23 25 27 28 29 30 31 32 33 34 36 37 38 39 40 41 42 43 44 45 46 47 48 49 50 51 52 53 54 55 56 57 59 60 62 66 67 68 69 70 71 72 73 74 75 76 77 78 79 81 82 83 84 85 87 89 90 91 92 93 94 97 98 99
weep 4 6 9 10 11 12 13 18 20 22 23 24 26 27 35 37 38 39 40 41 43 44 45 46 48 49 50 51 55 56 60 61 64 65 68 71 72 74 76 77 78 79 81 82 85 88 90 91 94 98 100
weed 5 9 10 14 21 27 28 33 40 47 48 55 60 62 66 69 71 73 77 78 79 83 85 93
weds 49 94
weda 55
weir 25 55
weil 63
weit 63
weib 39
welt 39 55 63
weld 40
well 1 2 3 4 5 6 7 8 9 10 11 12 13 14 15 16 17 18 19 20 21 22 23 24 25 26 27 28 29 30 31 32 33 34 35 36 37 38 39 40 41 42 43 44 45 46 47 48 49 50 51 52 53 54 55 56 57 58 59 60 61 62 63 64 65 66 67 68 69 70 71 72 73 74 75 76 77 78 79 80 81 82 83 84 85 86 88 89 90 91 92 93 94 95 96 97 98 99 100
went 1 3 4 5 6 7 8 9 10 11 12 13 14 16 17 18 19 20 21 22 23 24 25 26 27 28 29 30 31 32 33 34 35 36 37 38 39 40 41 42 43 44 45 46 47 48 49 50 51 52 53 54 55 56 57 58 59 60 61 65 66 67 68 69 70 71 72 73 74 75 76 77 78 79 80 81 82 83 84 85 88 90 91 92 93 94 95 96 97 98 99 100
wens 45
wend 9 20 55
wenn 63
wera 20
wept 1 3 4 8 9 10 12 13 14 16 17 18 19 20 22 23 24 26 27 30 34 35 37 38 39 40 41 43 44 46 49 51 53 54 55 56 59 61 65 66 67 68 69 71 72 74 76 77 78 79 80 81 82 84 85 88 90 93 94 98 99 100
west 1 2 3 4 5 6 7 8 9 10 11 12 13 14 15 16 17 18 19 20 21 22 23 24 25 26 27 28 29 30 31 32 33 34 35 36 37 38 39 40 41 42 43 44 45 46 47 48 49 50 51 52 53 54 55 56 57 58 59 60 61 63 64 65 66 67 68 69 70 71 72 73 74 75 76 77 78 79 80 81 82 83 84 85 86 87 88 89 90 91 92 93 94 95 96 97 98 99 100
wery 14 40 46 68 71 76 78
wert 5 9 12 20 26 38 40 49 60 63 65 66 74 77 88 90 98
werk 63
werf 55
were 1 2 3 4 5 6 7 8 9 10 11 12 13 14 15 16 17 18 19 20 21 22 23 24 25 26 27 28 29 30 31 32 33 34 35 36 37 38 39 40 41 42 43 44 45 46 47 48 49 50 51 52 53 54 55 56 57 58 59 60 61 62 63 64 65 66 67 68 69 70 71 72 73 74 75 76 77 78 79 80 81 82 83 84 85 86 87 88 89 90 91 92 93 94 95 96 97 98 99 100
wet. 71
weve 55
wets 12 41 42 78
whah 70
what 1 2 3 4 5 6 7 8 9 10 11 12 13 14 15 16 17 18 19 20 21 22 23 24 25 26 27 28 29 30 31 32 33 34 35 36 37 38 39 40 41 42 43 44 45 46 47 48 49 50 51 52 53 54 55 56 57 58 59 60 61 62 63 64 65 66 67 68 69 70 71 72 73 74 75 76 77 78 79 80 81 82 83 84 85 86 87 88 89 90 91 92 93 94 95 96 97 98 99 100
whar 4 27 70
wher 69 70
when 1 2 3 4 5 6 7 8 9 10 11 12 13 14 15 16 17 18 19 20 21 22 23 24 25 26 27 28 29 30 31 32 33 34 35 36 37 38 39 40 41 42 43 44 45 46 47 48 49 50 51 52 53 54 55 56 57 58 59 60 61 62 63 64 65 66 67 68 69 70 71 72 73 74 75 76 77 78 79 80 81 82 83 84 85 86 87 88 89 90 91 92 93 94 95 96 97 98 99 100
whey 10 22 72 73 77
whew 27 39 40 50 55 68 76 78
whet 12 26 46 48 49 55 65 72 76
whim 8 10 12 13 14 16 17 18 21 23 25 30 34 39 40 43 44 47 48 49 51 55 56 66 67 71 72 77 78 79 83 84 94
whit 6 10 12 20 22 27 28 29 38 39 40 42 46 49 51 55 56 68 69 77 80 85 88 91 94
whir 17 28
whip 1 4 6 8 10 12 13 17 18 19 21 22 23 26 27 30 32 33 34 37 38 39 40 41 42 43 44 45 46 48 49 50 51 52 55 56 57 65 66 67 68 70 71 72 73 76 77 78 79 81 86 94
whig 4 15 49 55 73 85
whiz 13 52 69
whop 68
whoo 27 33 71
whod 55
whoa 21 30 55
whom 1 2 3 4 5 6 7 8 9 10 11 12 13 14 15 16 17 18 19 20 21 22 23 24 25 26 27 28 29 30 31 32 33 34 35 36 37 38 39 40 41 42 43 44 45 46 47 48 49 50 51 52 53 54 55 56 57 58 59 60 61 63 64 65 66 67 68 69 70 71 72 73 74 75 76 77 78 79 80 81 82 83 84 85 86 87 88 89 90 91 92 93 94 95 96 97 98 99 100
why. 12 38
whys 56 92
whyd 70
wice 68 78
wick 5 10 12 14 39 40 60 68 69 71 72 78 83 84
wien 63
wide 1 3 4 5 6 7 8 9 10 11 12 13 14 17 18 19 20 21 22 23 24 26 27 28 29 30 31 32 33 34 35 37 38 39 40 41 42 43 44 46 47 48 49 51 52 53 54 55 56 57 58 59 60 61 63 64 65 66 67 68 69 70 71 72 73 74 76 77 78 79 80 81 82 83 84 85 86 87 88 89 90 91 92 93 94 95 96 97 98 99
wigl 20
wigs 12 14 21 55 68 71 76 78
wife 1 2 3 4 5 6 7 9 10 11 12 13 14 15 16 17 18 19 20 21 22 23 26 27 28 30 31 32 33 34 35 36 37 38 39 40 41 42 43 44 45 46 48 49 50 51 52 53 54 55 56 57 59 60 61 62 64 65 66 67 68 69 70 71 72 73 74 75 76 77 78 79 80 81 82 83 84 85 88 89 90 91 92 93 94 96 97 98 99 100
wiht 20
will 1 2 3 4 5 6 7 8 9 10 11 12 13 14 15 16 17 18 19 20 21 22 23 24 25 26 27 28 29 30 31 32 33 34 35 36 37 38 39 40 41 42 43 44 45 46 47 48 49 50 51 52 53 54 55 56 57 58 59 60 61 62 63 64 65 66 67 68 69 70 71 72 73 74 75 76 77 78 79 80 81 82 83 84 85 86 87 88 89 90 91 92 93 94 95 96 97 98 99 100
wilk 32
wily 4 6 9 22 37 39 43 44 46 51 55 68 69 77 79 80
wilt 5 7 9 10 12 20 24 26 33 37 38 39 40 41 44 45 49 55 56 65 66 70 72 74 76 77 79 83 85 88 90 91 92 94 98
wils 45
wile 46 55 68 94
wild 1 3 4 5 6 7 8 9 10 11 12 13 14 16 17 18 19 20 21 22 23 24 26 27 28 29 30 31 32 33 34 35 36 37 38 39 40 41 42 43 44 45 46 47 48 49 50 51 52 53 54 55 56 57 58 59 60 61 65 66 67 68 69 70 71 72 73 74 76 77 78 79 80 81 82 83 84 85 88 89 90 91 92 93 94 97 98 99 100
wion 12
wins 12 16 39 41 49 52 55 65 77 78 79 80 84 88 92
winn 70
wink 3 5 6 11 12 13 21 22 25 27 31 37 39 40 41 44 46 51 55 56 58 59 60 61 68 69 70 71 72 76 77 78 79 85 93 94 100
wing 5 10 12 14 18 20 21 22 24 26 27 28 29 32 33 34 38 39 40 42 43 44 46 47 49 52 54 55 56 57 60 64 65 67 69 70 71 72 73 76 77 79 80 81 84 85 91 93 94 97 100
wine 1 3 4 5 6 9 10 11 12 13 14 16 18 19 20 21 22 23 25 26 27 28 31 33 34 35 36 37 38 39 40 41 42 43 44 45 46 47 48 49 51 52 53 54 55 56 60 62 64 65 66 67 68 71 72 73 74 75 76 77 78 79 80 81 82 83 84 85 86 88 89 90 91 92 93 94 97 98 99 100
wind 1 3 4 5 6 7 8 9 10 11 12 13 14 16 17 18 19 20 21 22 23 24 25 26 27 28 29 30 31 32 33 34 35 37 38 39 40 41 42 43 44 45 46 47 48 49 50 51 52 53 54 55 56 57 58 59 60 61 64 65 66 67 68 69 70 71 72 73 74 76 77 78 79 80 81 82 83 84 85 88 90 91 92 93 94 97 98 100
wipe 10 12 13 14 17 18 22 26 27 28 29 32 33 37 38 39 40 41 44 46 49 50 53 55 59 60 61 65 66 68 69 70 71 72 73 74 75 76 77 78 79 83 88 90 94
wist 9 20 55 91 99
wiss 28
wish 1 2 3 4 5 6 7 8 9 10 11 12 13 14 15 16 17 18 19 20 21 22 23 24 25 26 27 28 29 30 31 32 33 34 35 36 37 38 39 40 41 42 43 44 45 46 47 48 49 50 51 52 53 54 55 56 57 58 59 60 61 63 64 65 66 67 68 69 70 71 72 73 74 75 76 77 78 79 80 81 82 83 84 85 86 87 88 89 90 91 92 93 94 95 96 97 98 99 100
wise 1 2 3 4 5 6 7 8 9 10 11 12 13 14 15 16 18 19 20 22 23 24 25 26 27 28 30 32 33 35 37 38 39 40 41 42 43 44 45 46 49 51 53 54 55 56 58 59 60 61 63 64 65 66 67 68 69 70 71 72 73 74 76 77 78 79 80 81 82 83 84 85 88 89 90 91 92 93 94 95 97 98 99 100
wisp 6 10 12 21 31 33 34 39 41 43 46 51 55 67 71 73 78 80
wisk 78
wiry 5 18 21 27 28 34 43 56 76 79 80 85 93
wire 8 10 12 13 14 20 21 23 31 40 43 46 48 49 53 55 56 60 61 65 66 67 70 71 73 77 78 79 83 84 86
wird 63
wit. 11
witt 63
wits 3 4 5 6 10 11 12 13 14 21 22 26 28 29 31 36 37 38 39 40 41 42 43 45 46 48 49 55 56 58 60 70 71 72 73 77 78 79 80 82 93 94 98
with 1 2 3 4 5 6 7 8 9 10 11 12 13 14 15 16 17 18 19 20 21 22 23 24 25 26 27 28 29 30 31 32 33 34 35 36 37 38 39 40 41 42 43 44 45 46 47 48 49 50 51 52 53 54 55 56 57 58 59 60 61 62 63 64 65 66 67 68 69 70 71 72 73 74 75 76 77 78 79 80 81 82 83 84 85 86 87 88 89 90 91 92 93 94 95 96 97 98 99 100
wite 9
wlen 63
woe. 71
woes 10 12 13 20 22 24 27 37 38 39 40 41 46 49 56 65 69 74 77 78 79 81 88 90 94
wohl 63
woke 1 3 4 6 10 12 13 14 17 20 21 22 23 25 26 27 29 31 33 34 35 37 38 39 41 44 46 47 48 51 54 55 56 57 59 61 66 67 68 69 70 71 72 77 78 79 88 94 100
wolt 98
womb 10 13 30 35 40 41 44 49 54 55 65 67 77 80 88 99
wolf 1 4 6 9 12 13 14 17 20 26 28 30 33 34 38 39 41 44 46 49 53 55 60 61 65 68 71 72 76 77 78 79 80 85 94 97
wold 9 20 55 72 78
won. 38
wool 5 12 13 14 16 22 23 24 27 28 31 32 33 35 39 40 41 43 47 49 52 53 55 60 65 66 70 71 72 73 77 78 79 80 82 85 87 94 96 97
woot 39
woos 55 66
woof 40 51 80
wood 1 3 4 5 6 7 8 9 10 11 12 13 14 16 17 18 19 20 21 22 23 26 27 28 29 30 31 32 33 34 35 37 38 39 40 41 42 43 44 45 46 47 48 49 50 51 52 53 54 55 56 57 60 61 64 65 66 68 69 70 71 72 73 74 76 77 78 79 80 81 82 83 84 85 86 88 90 91 93 94 97 98 99 100
wont 7 9 10 12 13 14 19 20 21 22 26 27 28 30 39 40 44 45 46 47 48 49 51 53 54 55 56 60 65 68 69 70 71 74 77 79 80 84 85 88 90 91 98 99
wons 91
wond 91
wost 39 91
wose 91
worn 1 4 5 6 8 10 11 12 13 14 15 16 17 18 19 21 22 23 24 26 27 28 29 30 31 32 33 34 35 36 37 38 39 40 41 42 43 44 45 46 47 49 50 51 53 55 56 57 59 60 61 65 66 67 68 69 70 71 72 73 74 75 76 77 78 79 80 81 82 83 84 85 87 88 90 92 93 94 100
worm 3 4 5 10 12 14 15 20 21 23 24 26 28 33 37 38 40 41 42 43 44 45 48 49 51 55 65 68 69 70 71 74 76 77 78 79 81 83 84 88 90 92 94
worl 70
work 1 2 3 4 5 6 7 8 9 10 11 12 13 14 15 16 17 18 19 20 21 22 23 24 25 26 27 28 29 30 31 32 33 34 35 36 37 38 39 40 41 42 43 44 45 46 47 48 49 50 51 52 53 54 55 56 57 58 59 60 61 62 63 64 65 66 67 68 69 70 71 72 73 74 75 76 77 78 79 80 81 82 83 84 85 86 87 88 89 90 91 92 93 94 95 96 97 98 99 100
wort 49 63 77 94
wore 1 3 4 5 6 7 10 11 12 13 14 16 17 18 19 20 21 22 23 26 27 28 29 30 31 32 34 35 37 38 39 40 41 42 43 44 46 47 48 49 50 51 52 53 54 55 56 57 58 60 61 65 66 67 68 69 70 71 72 73 74 76 77 78 79 81 82 83 84 85 87 90 91 93 94 95 100
word 1 2 3 4 5 6 7 8 9 10 11 12 13 14 15 16 17 18 19 20 21 22 23 24 25 26 27 28 29 30 31 32 33 34 35 36 37 38 39 40 41 42 43 44 45 46 47 48 49 50 51 52 53 54 55 56 57 58 59 60 61 63 64 65 66 67 68 69 70 71 72 73 74 75 76 77 78 79 80 81 82 83 84 85 86 87 88 89 90 91 92 93 94 95 96 97 98 99 100
wous 91
woul 91
wots 85
wows 12 76
wove 5 12 35 53 55 56 57 64 65 73 77 88
wozu 63
wrap 4 5 10 12 13 16 18 22 23 27 29 30 33 36 39 40 41 46 49 50 53 55 56 65 66 70 71 72 74 76 77 78 79 86 88 90
wren 10 24 33 38 49 55
writ 12 17 21 24 27 37 40 43 45 49 55 65 70 71 73 79 81 83 85 88 94 97 98
wski 39
wull 55 78
wulf 20
wuns 78
wund 20
wuna 20
wust 27 57 70
wuss 27 63
wuth 27 57 70
wwfw 63
wyse 55
wyrd 20
