weake 45
weady 39
web2c 63
webby 70
webbs 11
weber 12 79 80 84 92
wear. 71
weary 4 6 7 8 9 10 11 12 13 14 16 17 18 19 20 21 22 23 24 26 27 28 29 30 31 33 34 35 37 38 39 40 41 42 43 44 45 46 47 48 49 51 55 57 60 64 65 67 68 69 70 71 72 73 74 76 77 78 79 80 81 82 85 88 89 90 92 93 94 97 99
wears 10 11 12 13 15 21 22 23 26 27 28 37 40 41 42 49 50 55 56 64 65 66 67 68 71 74 77 78 79 80 82 83 85 90 94
weare 45 98
weals 33 44 55 77
weald 44
weans 49
weave 12 18 20 21 22 23 24 27 28 32 33 35 37 38 40 41 49 55 56 60 64 67 68 73 77
week. 21 71
weeks 1 3 4 5 6 7 9 10 11 12 13 14 16 17 18 19 21 23 25 26 27 28 29 30 31 32 33 34 36 37 38 39 40 41 42 43 44 46 48 49 50 54 55 56 57 59 60 65 66 67 68 69 70 71 72 73 74 75 76 77 78 79 81 82 83 84 85 87 90 94 98 99 100
weedy 14 21 27 28 33 40 55 67 71
weeds 5 8 9 10 12 13 14 18 20 23 26 27 28 33 40 45 47 49 51 55 65 66 68 69 70 71 72 76 77 78 79 80 83 85 93 94 99
weepy 46
weeps 12 20 22 23 40 41 45 46 51 53 55 65 71 74 77 78 79 82 84 88 90 100
weepe 98
weell 72
weeny 55 56
weena 47
wedge 6 9 14 23 27 28 38 39 40 42 48 57 69 71 79 86
weder 20 63
wer’t 40
weist 63
weiss 55 63
weise 63
weirs 14 53 55 78
weird 1 5 13 14 20 21 26 27 30 31 34 35 43 46 47 48 51 55 67 69 76 78 84 85 94
weigh 2 7 10 12 13 14 21 25 26 27 28 29 31 33 37 38 39 40 41 42 45 48 49 53 54 60 64 65 69 70 71 73 74 76 77 78 79 80 81 82 85 88 89 90 93 94
wendy 17
wench 5 12 27 37 41 43 49 55 70 73 77 78 79 82 98
welsh 9 10 44 50 55 63 78 83 93
welts 27 55 70
welch 16 73 85
well. 12 16 17 19 38 71 77 79 100
welly 55
wells 12 22 23 26 28 33 34 39 40 47 48 49 50 51 55 56 60 68 75 76 77 78 84 94
wenig 63
went. 71
weras 20
werde 63
were. 38 71 84
werke 10
weren 46 78 94
west. 41
weser 82
wesen 63
werry 14
wert. 38
werte 63
wexed 78
wodin 46
won’t 1 3 4 5 6 10 11 12 13 14 17 18 19 21 23 25 27 29 30 31 32 33 34 35 36 37 38 39 40 41 42 43 44 47 48 49 50 51 54 55 56 59 60 61 66 67 68 69 71 72 75 76 77 79 80 84 100
woful 9 20 27 51 55 73 90 97
wogue 39
woice 78
wot’s 6 68 71 76
women 1 2 4 5 7 8 9 10 11 12 13 14 16 17 18 19 20 21 22 23 25 26 27 28 29 30 31 32 33 34 35 36 37 39 40 41 42 43 44 45 46 48 49 50 51 52 53 54 55 56 57 59 60 61 62 64 65 66 67 68 69 70 71 72 73 74 75 76 77 78 79 80 81 82 83 84 85 88 89 90 91 92 93 94 96 98 100
woman 1 3 4 5 6 7 9 10 11 12 13 14 16 17 18 19 20 21 22 23 24 25 26 27 28 29 30 31 32 33 34 35 36 37 38 39 40 41 42 43 44 45 46 47 48 49 50 51 52 53 54 55 56 57 59 60 61 62 64 65 66 67 68 69 70 71 72 73 74 75 76 77 78 79 80 81 82 83 84 85 88 89 90 91 92 93 94 97 98 99 100
wombs 49 55 65
wolfe 10 55 81 83
wolfs 46
wolde 20
wolf. 38
wolds 22 46 77 78
woken 35 59
wooer 22 26 38 55
woods 1 4 5 6 9 10 11 12 13 14 15 16 17 18 19 20 21 22 23 24 26 27 28 30 31 32 33 38 39 40 41 44 45 46 47 48 49 50 51 53 55 56 57 60 61 65 68 69 70 71 72 73 74 76 77 78 79 81 83 85 90 93 94 97 99
woody 6 11 19 30 40 52 57 60 69 70 73 77
wooed 22 27 38 51 52 55 69 77 78 88
wood. 38
wonts 91
wonst 40
womit 63
woozy 55
wools 42
worte 63
worth 1 3 4 6 7 9 10 11 12 13 14 15 16 17 18 19 20 21 22 23 25 26 27 28 29 30 31 32 33 34 35 36 37 38 39 40 41 42 43 44 45 46 49 50 51 53 54 55 56 58 60 61 62 64 65 66 67 68 69 70 71 72 73 74 76 77 78 79 80 81 82 83 84 85 87 89 90 91 92 93 94 95 96 97 98 99 100
worts 9
worry 3 4 5 6 12 13 14 16 17 19 21 22 23 26 27 28 29 30 31 35 36 37 38 39 41 43 46 48 49 50 51 55 56 58 59 61 62 66 67 68 69 70 71 77 78 79 80 94
worse 1 2 3 4 5 6 7 9 10 11 12 13 14 15 16 17 18 19 20 21 22 23 25 26 27 28 29 30 31 32 33 34 36 37 38 39 40 41 42 43 44 45 46 47 49 50 51 53 54 55 56 57 58 60 61 63 65 66 67 68 69 70 71 72 73 74 75 76 77 78 79 80 81 82 83 84 85 88 89 90 92 93 94 97 99 100
worst 4 5 6 7 9 10 11 12 13 14 15 16 17 19 20 21 22 23 25 26 27 28 29 30 31 32 33 34 36 37 38 39 40 41 43 44 45 46 47 48 49 50 51 53 54 55 56 57 58 59 60 65 66 68 69 70 71 72 73 74 75 76 77 78 79 80 81 82 83 84 85 89 90 91 92 94 95 99
wore. 79
worde 9
words 1 3 4 5 6 7 8 9 10 11 12 13 14 15 16 17 18 19 20 21 22 23 26 27 28 29 30 31 32 33 34 35 36 37 38 39 40 41 42 43 44 45 46 47 48 49 50 51 52 53 54 55 56 57 58 59 60 61 62 63 64 65 66 67 68 69 70 71 72 73 74 76 77 78 79 80 81 82 83 84 85 86 88 89 90 91 92 93 94 95 96 97 98 100
wordy 10 18 23 28 41 65 72 78 88 93
word. 21 27 38 71 79
worms 5 10 12 18 21 22 26 27 28 42 47 49 53 55 65 66 68 70 71 72 73 74 77 78 84 85 90 91 99
wormy 26 28 55 56 76
worne 45 83
works 1 2 3 4 5 6 7 8 9 10 11 12 13 14 15 16 17 18 19 20 21 22 23 24 25 26 27 28 29 30 31 32 33 34 35 36 37 38 39 40 41 42 43 44 45 46 47 48 49 50 51 52 53 54 55 56 57 58 59 60 61 62 63 64 65 66 67 68 69 70 71 72 73 74 75 76 77 78 79 80 81 82 83 84 85 86 87 88 89 90 91 92 93 94 95 96 97 98 99 100
world 1 2 3 4 5 6 7 8 9 10 11 12 13 14 15 16 17 18 19 20 21 22 23 24 25 26 27 28 29 30 31 32 33 34 35 36 37 38 39 40 41 42 43 44 45 46 47 48 49 50 51 52 53 54 55 56 57 58 59 60 61 63 64 65 66 67 68 69 70 71 72 73 74 75 76 77 78 79 80 81 82 83 84 85 86 87 88 89 90 91 92 93 94 95 96 97 98 99 100
worme 91 98
worke 45 98
work. 10 31 38 80
worin 63
would 1 2 3 4 5 6 7 8 9 10 11 12 13 14 15 16 17 18 19 20 21 22 23 24 25 26 27 28 29 30 31 32 33 34 35 36 37 38 39 40 41 42 43 44 45 46 47 48 49 50 51 52 53 54 55 56 57 58 59 60 61 63 64 65 66 67 68 69 70 71 72 73 74 75 76 77 78 79 80 81 82 83 84 85 86 87 88 89 90 91 92 93 94 95 96 97 98 99 100
wouls 91
wound 1 4 5 6 7 8 9 10 11 12 13 14 15 16 17 18 19 20 21 22 26 27 28 29 30 31 32 33 34 35 37 38 39 40 41 42 43 44 45 46 48 49 51 53 55 56 57 60 61 64 65 66 67 68 69 71 72 73 74 76 77 78 79 80 82 84 85 88 90 92 93 94 98 99 100
wotan 92
wownd 71
wovon 63
woven 4 10 12 13 17 20 21 22 23 28 35 40 41 45 46 49 51 53 55 56 64 66 76 77 79 82 92 97
wha’d 5
wha’s 67
wynde 53
wynds 46 53
wyman 28
wylie 55
wynne 20
whats 55
whack 12 13 29 33 44 55 69 70
what. 41 79
wharf 4 14 18 21 23 25 27 28 31 32 39 40 42 46 66 69 70 71 81 83 85
whare 91
whale 7 12 20 26 30 33 40 41 46 49 53 55 70 73 74 79 81 90 91
whang 28 40
whams 49
who’d 27 33 39 40 41 42 48 50 55 56 67 69
who’s 3 6 12 13 14 17 27 29 30 31 33 37 39 40 41 42 43 48 50 54 55 56 67 68 69 71 72 76 79 84
where 1 2 3 4 5 6 7 8 9 10 11 12 13 14 15 16 17 18 19 20 21 22 23 24 25 26 27 28 29 30 31 32 33 34 35 36 37 38 39 40 41 42 43 44 45 46 47 48 49 50 51 52 53 54 55 56 57 58 59 60 61 62 63 64 65 66 67 68 69 70 71 72 73 74 75 76 77 78 79 80 81 82 83 84 85 86 87 88 89 90 91 92 93 94 95 96 97 98 99 100
whelp 17 42 72 77
whelm 40 65
when. 71
whets 40 49
wheth 63
whear 55 72
wheat 4 12 13 15 16 22 26 27 28 32 33 34 39 40 41 45 48 49 51 52 53 55 57 60 65 67 69 71 76 77 79 80 83 86 88 94 97 99
wheal 21
wheer 6 71
wheel 1 5 10 12 13 14 17 21 22 23 26 27 28 29 30 31 32 33 35 37 38 39 40 41 43 44 46 47 48 49 51 52 54 55 56 57 60 64 65 66 67 68 69 70 71 73 74 76 77 78 79 80 82 83 84 85 86 88 90 93 96 100
whizz 26 31 39 100
white 1 3 4 5 6 7 8 9 10 11 12 13 14 16 17 18 19 21 22 23 24 25 26 27 28 29 30 31 32 33 34 35 37 38 39 40 41 42 43 44 45 46 47 48 49 50 51 52 53 54 55 56 57 58 59 60 61 63 64 65 66 67 68 69 70 71 72 73 74 76 77 78 79 80 81 82 83 84 85 86 88 89 90 91 93 94 95 97 98 99 100
whist 11 12 14 16 19 27 39 40 41 68 71 72 78 79
whiss 84
whisp 81
whisk 26 27 55 66 71 94 100
whigs 15 49 85
which 1 2 3 4 5 6 7 8 9 10 11 12 13 14 15 16 17 18 19 20 21 22 23 24 25 26 27 28 29 30 31 32 33 34 35 36 37 38 39 40 41 42 43 44 45 46 47 48 49 50 51 52 53 54 55 56 57 58 59 60 61 62 63 64 65 66 67 68 69 70 71 72 73 74 75 76 77 78 79 80 81 82 83 84 85 86 87 88 89 90 91 92 93 94 95 96 97 98 99 100
whiff 4 6 13 18 26 30 31 39 40 46 55 66 68 69 71 77 84 85 94
whipt 44 73
whips 1 12 13 27 30 32 34 37 39 40 46 47 48 49 50 51 55 66 67 70 71 76 78 89
whirr 6 26 39 48 55
whirl 4 5 8 10 12 13 14 22 26 27 30 31 32 34 37 39 40 41 46 47 48 49 51 55 56 57 61 65 66 68 70 72 77 78 79 84 92 97
whit. 80
w’ong 39
while 1 2 3 4 5 6 7 8 9 10 11 12 13 14 15 16 17 18 19 20 21 22 23 24 25 26 27 28 29 30 31 32 33 34 35 36 37 38 39 40 41 42 43 44 45 46 47 48 49 50 51 52 53 54 55 56 57 58 59 60 61 62 63 64 65 66 67 68 69 70 71 72 73 74 75 76 77 78 79 80 81 82 83 84 85 86 87 88 89 90 91 92 93 94 95 96 97 98 99 100
whine 5 10 21 22 30 33 39 41 52 57 58 71 74 90 94
whims 1 11 16 18 19 21 23 36 37 39 41 52 59 68 71 72 76 79 91 93
why’s 39 67
whoso 9 21 30 55 77 81 88 97
whose 1 2 3 4 5 6 7 8 9 10 11 12 13 14 15 16 17 18 19 20 21 22 23 24 26 27 28 29 30 31 32 33 34 35 36 37 38 39 40 41 42 43 44 45 46 47 48 49 50 51 52 53 54 55 56 57 59 60 61 63 64 65 66 67 68 69 70 71 72 73 74 75 76 77 78 79 80 81 82 83 84 85 86 88 89 90 91 92 93 94 95 96 97 98 99
whoop 13 17 27 28 30 31 33 40 47 52 69 70 76 93 94
whoof 33
whorl 80
whore 13 55 73 98
whole 1 2 3 4 5 6 7 8 9 10 11 12 13 14 15 16 17 18 19 20 21 22 23 25 26 27 28 29 30 31 32 33 34 35 36 37 38 39 40 41 42 43 44 45 46 47 48 49 50 51 52 53 54 55 56 57 58 59 60 61 62 63 64 65 66 67 68 69 70 71 72 73 74 75 76 77 78 79 80 81 82 83 84 85 86 88 89 90 91 92 93 94 95 96 97 98 99 100
whyte 34
width 12 18 28 29 39 40 46 49 53 57 62 63 68 74 76 77 84 90 93
widow 4 7 9 10 11 12 13 14 16 18 19 20 21 22 27 33 34 36 37 38 39 40 41 42 44 46 48 49 51 55 57 59 60 65 68 69 70 71 72 73 74 76 77 78 79 81 83 85 88 90 91
wider 3 5 6 8 10 12 13 14 23 27 28 29 34 37 39 41 43 44 46 47 48 49 51 54 55 56 58 61 63 65 68 71 72 74 76 78 79 84 85 89 90 91 92 94 95 97
widen 13 14 18 19 28 39 68 71 80 96
wicks 53 76
wrack 9 21 54 55 65 70
wight 9 20 21 24 27 39 40 52 55 73 77 78 81
wiggs 18
wifey 55
wifes 55
wife. 21 38 71 79
wield 9 14 39 44 51 65 77 78 79 84 94 96
wit’s 21 43 77 84
wigor 14
wrast 9
wrath 1 4 6 9 10 12 14 17 20 22 24 26 27 28 30 32 37 39 40 41 45 46 48 50 51 52 53 55 56 57 65 68 69 71 72 76 77 78 79 80 81 84 85 88 92 94 98
wrapt 10 16 19 40 44 49 65 68 70 83 90 97
wraps 10 13 39 40 42 46 49 55 57 65 66
wrang 9 10
wreck 4 6 8 10 13 14 21 22 23 27 28 29 31 37 40 41 46 49 53 54 55 56 60 67 68 69 70 71 74 76 78 79 81 84 85 90 94
wreak 1 14 20 40 55 65 74 77 85 90
wiked 91
wimen 91
will. 22 26 38 71 76 79 80
willy 55 66
wills 7 9 10 12 13 14 15 22 23 26 28 33 34 39 40 41 45 46 49 51 53 55 60 65 71 76 77 78 79 80 81 88 92 94 97
willk 63
wille 63
wilks 70 83
wiley 63
wiles 7 9 18 24 37 45 46 55 65 68 77 94
wilso 84
wrest 6 10 27 29 40 49 51 55 65 72 77 96
wrens 38
wilds 10 34 40 41 49 55 65 71 74 77 85 90
wilde 23 55 75 100
wilda 12
wried 80
wrist 1 5 6 10 12 13 14 16 17 18 21 22 27 34 39 40 41 42 44 46 47 48 55 57 65 66 68 70 71 72 73 76 77 78 79 80 81 84 94
write 1 3 4 5 6 7 8 9 10 11 12 13 14 16 17 18 19 21 22 23 24 25 26 27 28 29 31 32 34 35 36 37 39 40 41 42 43 44 45 46 48 49 50 51 53 54 55 56 57 59 60 62 63 65 66 67 68 70 71 72 73 74 75 76 77 78 79 80 81 82 83 85 86 88 89 90 92 93 94 96 98 100
writt 45
writs 49 55 71 83
wring 6 10 12 13 17 22 27 31 39 40 46 49 50 55 60 69 72 76 79 84 88 94
winny 55
winks 12 19 40 50 55 58 69 71 77 78
winey 94
wines 6 9 12 13 14 18 21 26 28 37 39 40 41 44 48 49 55 65 71 77 78 79 80 81 84
wing. 56 77
wings 3 5 6 7 8 9 10 12 13 14 17 18 21 22 23 24 26 27 28 32 33 36 38 39 40 41 42 43 45 46 47 48 49 51 52 53 55 56 57 58 60 61 64 65 66 67 69 71 73 74 76 77 78 79 80 81 84 85 88 90 92 93 94 98 100
wince 13 39 44 46 49 55 70 71 72
wined 55
windy 5 6 10 14 16 17 27 28 39 40 41 42 49 52 55 57 67 68 71 73 76 78 79 83 88
winds 1 6 7 8 10 12 13 14 17 18 21 22 23 24 26 27 28 30 33 34 38 39 40 41 42 43 45 46 48 49 51 53 55 56 57 60 61 64 65 66 68 69 70 71 72 73 74 76 77 78 79 80 81 82 84 88 90 94 97
winde 65 98
wine. 71
winch 55
wiped 4 5 7 9 10 12 13 14 17 18 22 23 24 26 27 30 31 32 34 37 38 39 41 42 44 46 48 49 51 54 55 56 57 59 61 65 66 67 68 70 71 72 73 74 76 77 78 79 87 90 92 93 94 100
wipes 36 55 68 77 78 80
witan 20
wital 76
witch 9 10 13 14 26 27 31 37 38 40 41 45 46 49 51 55 56 57 61 69 70 71 72 77 78 85 94
wisht 69 70 72 97
wisha 42
wisit 14 68
wise. 71
wish. 34 38 79
wiser 4 6 7 10 11 14 15 16 17 18 19 20 21 22 26 27 28 31 33 35 37 38 39 41 42 43 45 46 48 49 51 52 53 54 56 58 60 65 68 71 72 73 74 76 77 78 79 80 81 84 85 88 89 90 92 93 94 97 100
wises 70
wised 67
wisps 6 12 39 43 48 55 57 66 79 92
wisse 20
wirst 55
wirft 63
wires 8 13 20 26 40 42 46 47 48 53 55 56 57 64 66 67 73 78 84 86
wired 13 21 23 43
wrote 3 4 6 7 8 9 10 11 12 13 14 16 17 18 19 21 22 23 24 26 27 28 29 30 31 32 34 35 36 37 38 39 40 41 42 43 44 45 46 47 49 50 51 53 54 55 56 59 60 63 65 66 67 68 69 70 71 72 73 74 75 76 77 78 79 81 82 83 85 87 88 89 90 91 92 93 94 96 98 99 100
wroth 9 12 22 26 41 55 77 78 79 80 88
wives 2 4 7 9 10 11 12 13 16 18 19 21 22 23 26 27 30 32 33 34 36 37 39 40 41 44 45 46 48 49 52 53 55 60 65 67 68 70 71 72 73 74 76 77 78 79 80 81 82 83 84 85 88 89 90 91 92 94 96 97 98
wived 40
wrong 1 3 4 5 6 7 9 10 11 12 13 14 15 16 17 19 20 21 22 23 26 27 28 29 30 31 32 33 34 35 36 37 38 39 40 41 42 43 44 45 46 47 48 49 50 51 52 53 54 55 56 57 58 59 60 61 63 64 65 66 67 68 69 70 71 72 73 74 75 76 77 78 79 80 81 82 83 84 85 86 87 88 89 90 92 93 94 95 97 98 100
with. 31 38 71
withy 80 97
withe 28 52
witty 1 7 10 11 12 16 19 23 27 32 37 39 40 41 44 45 49 50 55 65 67 77 79 82 83 84 94 96
witts 45
witte 45
wizen 23 42
wak’d 49 65
wrung 4 5 9 10 12 13 14 19 21 23 27 34 37 39 40 41 43 46 51 54 55 57 60 68 69 71 72 73 74 76 77 78 79 90 92 93 94 95
wan’t 27
wizze 13
waded 6 10 13 16 28 31 39 40 47 48 51 55 60 69 70 73 79 81 84 99
wades 65
wader 28
waged 9 27 39 48 65 71 78 88 92
war’s 39 40 49 65
wager 12 14 19 21 22 26 27 28 30 34 38 39 40 49 71 72 76 77 78 79 82 83 92
wages 4 5 9 10 12 13 14 21 22 27 28 30 32 33 34 38 39 40 41 42 44 45 46 49 50 51 55 57 64 68 69 70 71 72 73 76 77 78 79 81 82 83 85 88 89 93 94 96 97
wagon 1 4 12 13 18 21 27 28 30 33 39 40 41 46 51 52 56 57 61 66 67 69 70 77 79 83 84 85 94
wafty 55
wafts 5 46 65
wafer 9 12 14 23 40 45 46 67 73 77
waize 67
wails 5 12 13 40 51 55 65 94
waile 98
wains 55
waits 4 5 7 8 9 10 12 13 14 16 35 36 37 39 40 41 46 49 55 64 65 68 70 71 77 78 79 80 85 89 92 94
waite 45
waist 1 3 6 9 10 12 13 14 18 21 22 27 29 31 32 33 36 37 39 40 41 42 43 44 46 47 48 49 50 51 53 54 55 56 60 61 62 65 66 68 69 71 73 75 76 77 78 79 81 84 85 87 93 100
waive 14 26 28 40 41 49 60 65 77 79 80
waise 39
wait. 39
waifs 12 28 34 55 69 76
waies 45
was’t 65
wahre 63
walke 45
wall. 38
walk. 38
walls 1 4 5 6 7 8 9 10 12 13 14 17 18 19 20 21 22 23 24 25 26 27 28 30 31 32 33 34 36 37 38 39 40 41 42 43 44 45 46 47 48 49 50 51 52 54 55 56 57 59 61 64 65 67 68 69 70 71 72 73 74 76 77 78 79 80 81 82 83 84 85 86 87 88 90 91 93 94 95 96 98 99
walks 1 2 3 4 5 6 7 8 9 10 11 12 13 14 15 16 17 18 19 20 21 22 23 24 25 26 27 28 29 30 31 32 33 34 35 36 37 38 39 40 41 42 43 44 45 46 47 48 49 50 51 52 53 54 55 56 57 58 59 60 61 63 64 65 66 67 68 69 70 71 72 73 74 75 76 77 78 79 80 81 82 83 84 85 86 87 88 89 90 91 92 93 94 95 96 97 98 99 100
wales 9 10 14 40 44 49 50 55 68 76 78 79 81 83
wake. 71
waken 5 10 12 13 17 20 25 27 32 39 42 44 46 49 51 55 58 61 65 68 72 77 84 94
waker 84
wakes 10 12 14 22 27 28 39 40 41 45 46 49 65 68 71 72 77 78 94
waked 1 4 9 10 12 13 27 28 32 33 37 39 40 41 46 58 60 61 65 69 70 73 80 94
way’s 40 51
wanes 23 40 49 55
waned 1 10 20 21 23 27 35 40 47 51 53 69 78 84 90
wands 5 24 43 78
wanly 55 56 67
wamba 77
wamme 13
walsh 55
walue 71
waltz 10 13 16 18 27 33 39 42 46 55 66 67 70 71 79 84 94
walne 81
want. 38
wants 3 4 5 6 10 11 12 13 14 15 16 17 18 19 20 21 22 23 26 27 28 29 31 34 35 36 37 38 39 40 41 42 43 44 45 46 48 49 50 51 55 56 57 59 60 61 65 66 67 68 69 70 71 72 73 74 75 76 77 78 79 80 81 82 83 86 88 90 91 92 94 95 96 97 100
wanta 13
wanst 78
warnt 27
warns 1 12 22 26 41 49 55 65 77
warms 10 27 28 36 49 55 65 72 77 78 79
warme 91 98
warld 70 72
warks 72
warum 63
warre 45
wars. 38
warts 12 49 55 56 69 77
warte 91
waren 63
wares 12 18 27 28 37 38 39 42 51 53 55 66 68 77 81 93 96
wards 8 12 13 20 34 39 40 46 49 51 55 65 78 80 83
watts 27 40 71 83
watch 1 3 4 5 6 7 8 9 10 11 12 13 14 15 16 17 18 19 20 21 22 23 25 27 28 29 30 31 32 33 34 35 36 37 38 39 40 41 42 43 44 45 46 47 48 49 50 51 53 54 55 56 57 58 59 60 61 62 64 65 66 67 68 69 70 71 72 73 74 75 76 77 78 79 80 81 82 83 84 85 88 90 91 93 94 97 100
water 1 3 4 5 6 7 8 9 10 11 12 13 14 16 17 18 19 20 21 22 23 24 26 27 28 29 30 31 32 33 34 35 36 37 38 39 40 41 42 43 44 45 46 47 48 49 50 51 52 53 54 55 56 57 58 59 60 61 62 64 65 66 67 68 69 70 71 72 73 74 75 76 77 78 79 80 81 82 83 84 85 86 88 90 91 92 93 94 96 97 98 99 100
wasps 12 28 39 40 48 49 65 73 77 79 80
wasse 65
wasnt 55
wasna 5
waste 3 5 6 7 8 9 10 11 12 13 14 16 17 21 22 23 26 27 28 30 31 33 35 36 37 38 39 40 41 42 43 44 45 46 47 48 49 50 51 52 55 56 57 58 59 60 64 65 66 67 68 69 70 71 72 73 74 76 77 78 79 80 81 83 84 85 86 88 90 92 93 94 95 96 97 99
washy 10 55
wavre 12
waves 4 6 8 10 12 13 14 18 20 21 22 23 24 25 26 27 28 30 32 33 35 38 39 40 41 42 45 46 47 48 49 51 53 55 56 57 60 61 63 64 65 67 69 70 71 72 73 74 76 77 78 79 80 81 84 85 88 90 93 94 95
waver 12 13 20 39 41 49 57 66 69 71 77 80 88 98
waved 5 6 10 12 13 14 17 18 21 23 26 28 31 32 33 34 37 38 39 40 41 42 43 44 46 47 48 51 52 55 56 57 59 65 66 67 68 69 71 73 74 76 78 79 85 90 93 94 96
waugh 81
wayes 45
waxes 10 40 80
waxen 5 10 12 18 20 28 39 46 47 55 65 72 78 80 98
waxed 9 10 12 13 14 20 21 22 23 28 30 37 40 45 51 55 72 77 79 82
w.c.h 49
w.e.b 51
we’re 3 5 6 10 12 13 14 17 21 27 29 33 39 40 41 42 43 48 49 50 55 56 59 61 67 68 69 71 72 77 79
we’ve 3 5 6 12 14 17 18 21 27 29 30 33 34 35 37 39 40 41 43 48 49 50 51 54 55 56 59 67 68 69 71 72 77
we’ll 4 5 6 10 12 13 14 17 18 21 25 27 29 30 33 34 35 36 37 38 39 40 41 42 43 50 51 54 55 56 59 60 67 68 69 71 72 77 79
wlanc 20
w.s.w 60
wunst 70 78
wunde 20
wurst 39
wurde 63
wured 71
wurem 71
