xiam 53
xiii 1 4 5 7 9 10 12 13 14 16 17 18 19 20 22 23 26 27 29 39 41 42 45 46 47 48 49 51 56 58 60 61 65 68 69 70 71 72 76 77 78 79 82 83 85 88 90 95 97 98
xjos 53
xliv 9 14 19 26 27 45 49 68 71 77 78
xlix 14 19 26 49 65 68 71 77 78 98
xlii 9 14 19 20 26 27 45 49 68 70 71 77 78
xlvi 14 19 26 45 49 53 68 71 77 78
xmas 55
xury 60
xvii 4 5 7 9 10 12 13 14 16 17 18 19 20 22 23 26 27 29 39 45 46 48 49 53 56 58 60 61 65 68 69 70 71 72 76 77 78 81 82 83 85 90 97
xxiv 4 5 7 9 10 12 13 14 18 19 20 22 26 27 29 39 45 46 49 56 58 61 65 68 69 70 71 72 76 77 78 82 85 90
xxix 4 9 10 13 14 18 19 20 26 27 39 45 49 56 58 68 69 70 71 72 77 78 82
xxii 4 5 7 9 10 12 13 14 18 19 20 22 26 27 29 39 45 46 49 53 56 58 61 65 68 69 70 71 72 76 77 78 79 82 85 90
xxvi 4 5 7 9 10 13 14 18 19 20 26 27 39 45 46 49 56 58 65 68 69 70 71 72 77 78 82
xxxv 4 9 10 14 18 19 20 26 27 39 45 49 56 68 69 70 71 77 78
xxxi 4 9 10 13 14 18 19 20 26 27 39 45 49 56 68 69 70 71 72 77 78 83
