xiani 53
xiiii 53
xiiij 53
xiv’s 39
xciii 49
xliii 9 14 19 20 26 27 45 49 65 68 71 77 78
xlvii 14 19 26 45 49 68 71 77 78
xviii 4 5 7 9 10 12 13 14 16 18 19 20 22 23 26 27 29 39 45 46 49 53 56 58 60 61 65 68 69 70 71 72 76 77 78 79 82 83 85 90 97 98
xxiii 4 5 7 9 10 12 13 14 18 19 20 22 26 27 29 39 45 46 49 56 58 61 65 68 69 70 71 72 76 77 78 82 85 90
xxvii 4 5 9 10 13 14 18 19 20 26 27 39 45 46 49 53 56 58 68 69 70 71 72 77 78 81 82
xxvil 49
xxxvi 4 9 10 14 18 19 20 26 27 39 45 49 56 65 68 70 71 77 78 97
xxxii 4 9 10 14 18 19 20 26 27 39 45 49 56 65 68 69 70 71 72 77 78 81
xxxix 4 9 14 18 19 20 26 27 39 40 45 49 68 70 71 77 78 98
xxxiv 4 9 10 14 18 19 20 26 27 39 45 49 53 56 68 69 70 71 72 77 78
