yuste 12
ydoli 53
ydolo 53
yearn 1 4 22 27 41 46 65 68 71 72 77
years 1 2 3 4 5 6 7 8 9 10 11 12 13 14 15 16 17 18 19 20 21 22 23 24 25 26 27 28 29 30 31 32 33 34 35 36 37 38 39 40 41 42 43 44 45 46 47 48 49 50 51 52 53 54 55 56 57 58 59 60 61 62 63 64 65 66 67 68 69 70 71 72 73 74 75 76 77 78 79 80 81 82 83 84 85 86 87 88 89 90 91 92 93 94 95 96 97 98 99 100
yeare 98
yeast 28 40 60
year. 21 77
yeats 55
yeeld 45
yer’d 68
yer’s 27
yefim 41
yes’m 69
yenco 35
yelps 22 30 55 69
yells 10 13 22 31 33 39 40 41 55 68 70 72 76 78 84
yerks 73
yerra 42
yerde 9
yeulx 49
yon’s 71 72
yokes 40 49 65 77 81
yokel 55 68
yoked 13 22 32 33 34 38 40 65 76 77
you’d 3 4 5 6 10 13 14 18 21 27 28 30 33 34 37 39 40 41 42 48 50 55 56 61 67 68 69 71 72 76 77
you’s 4 6 27
yolks 67
yooka 55
yonda 18
yonne 12
youth 1 3 4 6 7 8 9 10 11 12 13 14 15 16 17 18 19 20 21 22 23 24 26 27 28 29 30 31 32 33 34 35 37 38 39 40 41 42 43 44 45 46 48 49 50 51 53 54 55 56 57 60 64 65 66 67 68 69 71 72 73 74 76 77 78 79 80 81 82 83 84 85 87 88 89 90 92 93 94 98 99
yourn 14 27 55 69 70 71 76
youre 55
youse 13 91
yours 1 3 5 6 7 8 9 10 11 12 13 14 15 16 17 18 19 20 21 22 23 25 26 27 28 29 31 32 33 34 35 36 37 38 39 40 41 42 43 44 45 46 49 50 51 54 55 56 57 58 60 61 64 65 66 67 68 69 70 71 72 73 74 75 76 77 78 79 80 81 82 83 85 90 91 93 94
young 1 2 3 4 5 6 7 8 9 10 11 12 13 14 15 16 17 18 19 20 21 22 23 24 25 26 27 28 29 30 31 32 33 34 35 36 37 38 39 40 41 42 43 44 45 46 47 48 49 50 51 52 53 54 55 56 57 58 59 60 61 62 63 64 65 66 67 68 69 70 71 72 73 74 75 76 77 78 79 80 81 82 83 84 85 87 88 89 90 91 92 93 94 96 97 98 99 100
youve 55
ygnes 53
yzola 53
yield 1 2 4 7 9 10 11 12 14 16 18 19 20 22 23 26 28 29 39 40 41 42 44 45 46 49 51 53 55 57 60 64 65 67 68 69 70 71 72 73 74 76 77 78 79 80 81 83 84 85 88 89 90 93 94 95 96 97
yirls 70
yah’s 72
yacht 13 23 31 42 55 67 71 79
yahoo 73
yarro 49
yarrh 33
yarza 53
yards 3 5 6 9 10 11 12 13 14 15 16 17 18 19 20 21 22 23 25 27 28 29 30 31 32 33 34 37 38 39 40 41 42 43 44 45 46 47 48 49 51 52 55 56 57 60 65 67 68 69 70 71 72 73 74 76 77 78 79 81 82 84 85 90 94
yarat 53
yarns 27 31 40 46 55
yawed 6 40
yawns 10 12 50 55 71 78 84 92
ysole 53
ysola 53
ye’ve 10 27 40 72
ye’re 27 40 72
ye’ll 6 10 27 40 72
yulia 41
yukon 30 67
yukhn 39
