yokels 31
yssida 53
yoking 40
yander 94
yushin 37
yushka 39
yawing 6 40 46
yvetot 12
yanina 79
yanked 55
yankee 4 27 28 40 44 51 55 85 94
ynolli 49
ysabel 30
ylovna 39
you’ve 3 4 5 6 10 12 13 14 17 18 21 27 29 30 31 33 34 35 37 39 40 41 42 43 47 48 49 50 51 55 56 59 61 67 68 69 71 72 75 76 77 79
yelden 9
yojo’s 40
you’re 3 4 5 6 10 12 13 14 17 21 27 29 30 33 34 35 36 37 38 39 40 41 42 43 47 48 50 51 55 56 59 60 61 67 68 69 71 72 75 76 77 79
you’ll 3 4 5 6 10 11 12 13 14 18 21 23 25 27 28 29 30 33 34 35 37 38 39 40 41 42 43 47 48 49 50 51 54 55 56 59 66 67 68 69 71 72 75 76 77 79
yelped 12 30 39 41 55 58 60 72 94
yelpin 46
yellow 1 4 5 6 8 9 10 12 13 14 16 17 18 20 21 22 23 25 26 27 28 30 31 32 33 34 35 37 38 39 40 41 42 43 46 47 48 49 51 52 53 54 55 56 57 58 60 61 62 63 64 65 66 67 68 69 70 71 72 73 74 76 77 78 79 81 82 84 85 90 92 93 94 97 100
yeller 5
yelled 1 3 10 12 13 17 21 23 27 31 33 37 38 39 40 41 48 55 61 68 70 72
yclept 55
yorker 66
yaller 4 69 70
yallow 27
yeomen 9 49 52 73
yeoman 9 43 55 73
yapped 33
yule’s 53
yodels 55
yields 12 22 28 39 40 46 49 51 53 64 65 73 77 78 79 81 84 88 89 92
youths 11 12 22 23 26 28 31 34 39 41 44 49 50 55 57 63 64 65 68 71 76 77 79 80 83 88 90 92 94
youth. 80
yinder 78
yodled 55
your’n 69 71 76
your’s 19
yukiya 66
yvonne 55
yours. 3 22 38 41 71
yoused 91
younge 11 53
young. 71
yuther 70
yah’ll 72
yah’re 72
yawled 70
yawler 71
yawned 3 5 10 11 12 13 14 17 18 23 26 27 28 30 31 33 37 39 40 43 47 55 58 61 66 67 68 69 72 76 77 79 84
yolden 9
yarrow 12
yarter 70
ytalia 53
yarman 40
yarosl 39
yoghin 55
yumyum 55
yarlet 70
yseult 77
yarded 28
yards. 79
yailer 55
yonsei 62
yahoos 42 55 73
yard’s 73
yonder 9 10 12 13 14 17 20 21 22 26 28 32 37 38 39 40 41 43 47 48 49 51 55 57 60 61 64 65 68 69 70 71 72 76 77 78 79 84 85 93 94 98
yer’ll 27 68
yer’ve 68
yonaka 66
yoways 12
york’s 55
yorick 41 78
yachts 13 48 79 84
yeates 55
yessex 55
yesses 12
yester 26 55 72 85
year’. 5
year’s 4 5 7 9 10 12 13 19 28 31 32 36 37 38 39 40 41 42 44 49 51 56 60 66 67 71 72 77 79 85
yesday 78
yeares 45 53
yearly 2 7 9 12 14 15 19 32 40 41 49 51 52 53 55 60 65 70 71 72 77 79 81 83 94 98
yearns 55 80 85
years. 5 38 71 77 79
yearst 91
ysov’s 39
ysolle 53
