yielded 4 7 9 10 11 12 14 16 17 18 19 22 23 27 28 37 38 39 40 41 44 46 48 49 51 53 55 56 57 60 65 68 69 71 72 73 74 76 77 78 79 84 85 88 90 94 97
yielden 9
yunagan 53
yawneth 26
yawning 3 5 11 12 13 20 21 26 27 30 37 39 40 42 49 50 51 55 61 65 66 69 70 71 72 78 79 84 93 94
yorkers 34
ylovich 39
younker 6 20 68
yellows 92
yellowy 67
yelling 12 13 20 23 31 33 39 40 42 46 48 50 55 56 60 67 68 69 70 71 72 78 99
yacht’s 79
yusupov 37
young’s 71
yankees 4 28 40 51 83 94
younger 1 4 5 6 9 10 11 12 13 14 16 18 19 20 21 22 23 26 27 28 29 30 31 32 33 34 35 36 37 38 39 40 41 42 43 44 45 46 47 48 49 50 51 54 55 56 58 62 65 67 68 69 70 71 72 73 74 75 76 77 78 79 80 82 83 85 88 89 90 91 92 93 94 97 99
youngly 55
youngun 55
yarders 34
yahoo’s 73
yashmak 55
yadgana 55
yucatan 49 53
ymagina 53
ymagine 53
yelping 9 14 30 33 39 46 48 52 55 58 72 80 99
yockney 81
yonder. 10
yeelded 45
youth’s 12 14 18 23 26 38 44 55 56 65 77
yoroshi 66
yapping 55
you.187 22
yulelog 55
yerself 27 68
yerseln 72
ybusson 53
yulia’s 41
yanina. 79
yaninas 79
yowling 84
yolande 51
yearned 4 10 22 27 29 35 41 52 55 69 72 74 76 79 90 93
yeehats 30
yukkuri 66
