yuletide 55
yummyyum 55
younited 91
youthful 4 10 12 13 14 16 18 19 20 24 26 27 28 32 36 37 39 40 41 44 46 49 55 65 68 69 71 72 74 76 77 78 79 80 85 88 90 92 94
yataghan 79
yistiddy 70
yourn’ll 69
ywimpled 55
yellower 5 14 26 65 70 78 80 94 100
yellowed 12 46 55
yellowly 55 56
yabblins 46
yokohama 66
yrocoles 53
yourself 1 3 4 5 6 7 8 9 10 11 12 13 14 15 16 17 18 19 21 22 23 27 28 29 31 33 34 35 36 37 38 39 40 41 42 43 44 46 48 49 50 53 54 55 56 57 58 59 60 61 64 66 67 68 69 70 71 72 73 74 75 76 77 78 79 80 81 82 83 84 85 86 87 90 91 93 94 98 100
younkers 20
yalerick 73
yearling 2 22 33 60
yawingly 40
yoorghis 13
young’un 68
yielding 6 9 10 11 12 14 16 18 20 22 26 27 28 29 37 39 40 42 44 46 47 52 55 56 64 65 68 69 71 72 76 77 78 79 80 84 85 88 92 97
yieldeth 20 26 77 88
yachting 42 55 67
yeelding 45
yardarms 53
yellings 60 83
yearning 4 10 13 22 27 28 30 35 38 41 46 51 55 59 66 69 72 76 77 79 94
yonder’s 51 69
ylovna’s 39
youngest 2 4 6 8 9 10 11 12 13 16 17 18 19 22 26 27 28 29 32 34 37 38 39 40 41 42 43 44 49 52 53 56 57 65 68 71 73 74 76 77 78 79 80 81 83 84 85 90 93 94 100
yarmouth 14 60 71
youngish 40
yrmenlaf 20
yeomanry 16 55
