10 6 7 11 12 13 15 16 20 21 22 24 26 27 34 39 40 43 44 45 46 48 49 53 54 55 58 60 63 64 65 70 71 73 74 79 80 81 82 83 84 86 89 92 96 97 98
11 3 4 6 11 12 20 21 22 26 34 39 40 43 44 45 46 49 50 51 53 55 60 63 64 65 71 74 79 80 82 83 84 86 89 92 97 98
12 2 3 6 7 11 12 13 15 20 21 22 24 26 29 34 39 40 41 43 45 46 48 49 51 53 55 63 64 65 67 71 74 79 80 81 82 83 84 86 89 91 92 95 97 98
13 5 6 10 11 12 20 22 24 26 27 34 39 40 43 45 46 49 50 53 55 59 60 63 64 65 71 74 75 79 80 81 82 83 84 86 89 90 91 92 94 97 98
14 6 11 12 13 15 17 20 21 22 24 26 27 34 37 40 43 44 45 46 49 52 53 55 60 63 64 65 71 74 79 81 82 83 84 86 89 91 92 97 98 99
15 5 6 10 11 12 13 17 20 21 22 24 26 27 32 34 39 40 43 45 46 49 53 55 60 63 64 65 67 71 73 74 79 81 82 83 84 90 91 92 97 98
16 6 9 10 11 12 17 19 20 22 26 27 33 34 40 43 44 45 46 49 51 53 55 60 63 64 65 71 74 79 80 81 82 83 84 88 91 92 97 98
17 2 6 7 11 12 13 15 20 21 22 24 26 27 32 39 40 43 44 45 46 49 53 55 60 63 64 65 67 71 73 74 79 80 81 82 83 84 86 87 89 90 91 92 97 98
18 6 11 12 20 22 26 27 39 40 45 46 49 53 54 55 60 63 64 65 66 71 74 79 80 82 83 84 92 94 97 98 99
19 6 11 12 13 20 22 24 26 27 34 36 40 45 46 49 51 53 54 55 60 61 63 64 65 71 74 77 79 81 82 83 84 85 88 90 92 94 97 98
1d 55
1s 55
