1.00 28
1.12 45 63
1.13 63
1.11 45 63
1.04 28
1.24 45
1.21 45 63
1.20 45
1.16 45
1.17 45
1.14 45
1.15 45 99
1.32 45
1.33 28
1.25 28
1.40 28
1.73 28
10.5 45
10.4 45
10.2 45
10.8 45
10.7 45
1000 21 22 44 55 63 80 81 83 84
1005 20
1004 65
1009 20
1032 49
1027 49
1023 78
1041 49
1039 49
1037 49
1050 49
104k 77
1064 49
1062 49
1058 65
105k 77
1070 49
1080 2
106k 77
1085 77
1084 20
1099 49
1098 12 20
1095 49
1093 49
108k 77
109k 77
11.4 45
11.3 45
11.2 45
1110 20
1103 49
1100 65
1109 49
1118 20
1131 49
1130 20 49
111k 77
1126 49
1123 49
1143 77
1140 12 49
112k 77
1151 49
1148 12
1165 49
1164 8
1157 49
115k 77
1184 79
1190 55
118k 77
119k 77
12.2 45
12.1 45
12.9 99
12.7 45
12.6 99
1200 55
120k 77
1231 49
122k 77
1236 77
1232 7
1251 9
1250 8 53
123k 77
1248 63
1247 20 79
10pt 62 63
1264 53
1260 10
124k 77
125k 77
1269 53
126k 77
10th 12 21 49 53 55 60 66 73 79 81 83
1284 7
1281 20
127k 77
129k 77
13.3 45
13.1 45
13.8 45
13.5 45
1305 49
1303 20
1300 7 53
130k 77
131k 77
1326 49
1321 20
1320 7
1328 7
132k 77
1334 20
1333 20
1350 49
133k 77
1347 20
11pt 63
1345 20
1342 11 53
134k 77
135k 77
1366 20
11th 12 32 60 66 73 74 81 83 90
1383 7
137k 77
1394 7
1390 7
138k 77
1399 79
139k 77
14.9 45
14.7 45
14.6 45
14.3 45
1403 7
1402 49 53
1401 7
1400 14
1409 7
1408 53
140k 77
1412 12
12mo 12 49
1417 53
141k 77
1425 12
1423 7 53
1422 15 53
1440 63
142k 77
1436 53
1432 7
1431 49
1430 53
1438 7
143k 77
1448 7
12pt 62 63
1443 7
1442 7
1462 7
1461 7
1460 7
144k 77
1459 7 53
1457 7
1452 7
1470 7 9 53
145k 77
1469 7 9
1468 9
1466 7
1464 53
1463 7
12th 6 12 21 46 49 54 60 66 74 79 89 90
1484 53
1483 7
1481 53
1480 53
1479 53
1478 7
1477 53
147k 77
1495 7
1494 7 53
1493 53
1492 40
1491 20 53
1489 15
1487 7
1486 53
1485 9
148k 77
1499 7 53
1498 7 9 49 53 79
1497 80
1496 53
149k 77
13cm 63
15.1 45
15.7 45
1503 7 53
1502 7 53
1501 7 53
1500 1 2 3 4 5 6 7 8 9 10 11 12 13 14 15 16 17 18 19 20 21 22 23 24 25 26 27 28 29 30 31 32 33 34 35 36 37 38 39 40 41 42 43 44 45 46 47 48 49 50 51 52 53 54 55 56 57 58 59 60 61 63 64 65 66 67 68 69 70 71 72 73 74 75 76 77 78 79 80 81 82 83 84 85 86 87 88 89 90 91 92 93 94 95 96 97 98 99 100
1509 7 53
1508 7
1507 7
1506 7 53
1505 53
150k 77
1514 7 80
1513 7 49 53
1512 7 53
1511 7 53
1510 7 53
1519 7 53
1518 7 53
1517 7 53
1516 7 53
1515 7 49 53
151k 77
1525 7 53
1524 53
1523 7 49 53
1522 53
1521 7 20 53
1520 7 53
1529 9
1528 49
1527 7 49 53
152k 77
1536 49 53
1535 53 79
1534 53 55
1533 49
1532 49
1530 49 53
1538 20
1537 49
1550 7 12
1547 20 77
1546 7 49
1545 49
1544 49
1543 49
1542 53
1540 49
1560 12
154k 77
1557 20 49
1556 49
1555 53 83
1554 49
1553 49
1559 9 49
1572 49 77
1571 49 53 77
1570 49 77
155k 77
1569 49 77
1568 49 77 80
1567 12
1566 49
1565 53
1563 49
1562 49
13th 7 12 28 39 43 49 53 66 73 74 79 81 90
1583 49 77
1582 49 77 83
1581 49
1580 49 53 77
156k 77
1578 49 53
1577 49 53
1575 77
1574 49
1594 82
1592 49 77
1591 49
1590 49
157k 77
1589 49
1588 49
1587 49 63
1585 9 49 53 77 98
1584 49
158k 77
1599 20
1598 77 79 83
1597 77
1596 95
1595 49 77
159k 77
16.6 45
1601 77
1600 12 20
1609 49 97 98
1608 77
1607 53 77 98
1606 53
1605 77
1604 98
1603 49 77 97
1613 49 77
1612 77
1611 77
1610 77 82 98
1616 53 77 98
1615 77 79
1614 77
1624 98
1623 98
1620 53 77
160k 77
1626 49
1635 20
1634 9 77
1633 98
1632 60 83
1631 83 98
1639 80
1637 12 77
163k 77
1646 95
1645 84
1644 12 82
1642 34
1641 53 83
1640 7 53
1649 12 28
1648 77 98
1647 43
1660 83
164k 77
1657 12
1655 12 83
1654 12
1653 12
1652 12 40
1651 45 60
1650 12 28 49 95
1659 60
1671 40
1668 40
1667 83
1663 12 83 98
1662 12
1661 21 27 98
14th 12 43 54 60 66 73 75 81 83
1682 82 83
1681 83
1680 97
1679 53
1676 82
1675 83 99
1674 28 83
1673 63 82
1672 77 82
1693 49
1690 40 82 83 97
1689 49
1688 12 80 83
1687 49 60 77
1686 60
1685 12 49 95
168k 77
1699 73 83
1698 1
1697 82 83
1696 82
1695 40
1694 60
169k 77
15ex 63
17.9 45
17.8 45
17.7 45
17.6 45
17.2 45
1701 73 82
1700 49 77 83
1709 73 82 83
1708 73 83
1707 73 83
1706 73 83
1705 82
1704 83
1703 49 73 83
1702 73 83
1712 12 77 83
1711 49 73 83 95
1710 73
1719 82 83
1717 28 83
1716 95
1715 73
1714 12 73 83
1713 77
1723 83
1722 83
1721 83
1720 65 82 83
170k 77
1729 2 40 82 83
1728 65 83
1727 12 22 73 82 83
1726 40 73 83
1724 53 73 83 95
172k 77
1734 83
1733 83
1732 83
1731 78 83
1730 27 43 82 83
171k 77
1739 82 83
1738 27 49 77
1737 83
1736 83
1735 82 83
173k 77
1745 6 27 81 83
1744 83
1743 28 49 83
1742 28 43 83
1741 27 79 82 83
1740 12 49 82
1749 83
1748 79
1747 27 83 91
15pt 62 63
1746 83
1756 63 82 83
1755 77 82 83
1754 83
1753 83 95
1752 82 83
1751 83
1750 27 40 51
1759 27 81 82 83
1758 63 81 83
1757 15 76 81 82 83
1770 12 81 82 83 91 95
1767 76 81 82
1766 53 73 81 82 83 84
1765 81 83
1764 63 81 83 97
1763 55 81 82 83
1762 63 81 82
1761 81
1760 12 27 63 83
1769 77 81
1768 27 81
1781 83
1780 27 83
15th 7 12 40 43 45 51 54 55 60 66 79 81 95
1778 40 72 83
1777 46 81 83
1776 12 15 32 40 81 82 83 91
1775 15 20 40 81 83
1774 49 77 81 83
1773 79 81 83
1772 12 40 41
1771 77 81 83
1779 12 27 40 81 82 83
1792 12 27 28 53 76
1791 27 40 83
1790 12 51 83 84
1789 12 39 81 83
1788 27 40 81 82 83
1787 12 81
1786 38 81 83
1785 12 38 81 83
1784 81 83
1783 12 81 84
1782 7 82 83
178k 77
1799 12
1798 27
1797 39
1796 12 79 91
1795 12 27 53
1794 12 27 84
1793 12 40
18.6 45
18.4 45
1809 12 39 79
1800 12 27 51 53 79
1808 12 39 51
1807 39 40 79
1806 12 39 79 83 89 91
1805 12 39 91
1804 12 20 27 79 91 95
1803 49
1802 12 72 83
1801 27 72
1811 12 19 39 79
1810 12 39 51 83 84
1819 12 40
1818 12 32 53 77 83
1817 9 12 27 32 79 83 90
1816 9 12 79 90
1815 12 20 39 79 91
1814 12 38 51 79
1813 7 12 39 53 79 84
1812 12 28 38 39 41 84
1822 12 51 55 79
1821 12 27 40
1820 7 12 20 23 39 40 41 51 55
180k 77
1829 12 79 82
1828 12 40 49
1827 12 83
1826 20 27 41
1825 12 40 41 53 79
1824 12 28
1823 12 38 79 89
1833 12 20 27 32 40
1832 12 32
1831 12 51 84 89 90 95
1830 12 51 79 96
181k 77
1839 12 20 22 40 49 84
1838 32 53 79
1837 51 53 55
1836 12 40
1835 12 32 53
1834 12 22 32
1844 79 89
1843 7 12 93
1842 27 28 33 40 49 51 53
1841 32 65 98
1840 12 18 20 27 40 75
1849 4 12 20 37 55
1848 10 12 22 27 28 41 53 89 91
1847 10 12 20 28 49 89 96
1846 27 28 40 49 53 96
1845 12 27 28 32
1855 20 32 53 55
1854 46 49
1853 49 78
1852 7 27 55
1851 40 53 89
1850 27 28 40 49 71 85
1859 4 20 37 38 44 53 83 89
1858 21 49 89
1857 7 20 89
1856 9 89
1866 44 51 53 55
1865 51 55
1864 37 51 83
1863 20 38 51 53
1862 12 51
1861 4 12 37 51 94
1860 12 34 51 55
1869 21 26 51 53 71 75 82 89
1868 9 51 83
1867 14 51 83
1880 37 51 53 55 77
16th 12 28 40 49 66 73 82 95
1877 20 49 53 55 85
1876 20 43 51 69 79
1875 26 51 53 83
1874 51 53 55 85
1873 7 26 27 44 46 89
1872 1 49 51
1871 27 51
1870 21 51 55
1879 26 53
1878 21 34 55 85
1891 42 53 55
1890 21 51 53
1888 20 21 26 53 55 96 100
1887 1 2 3 4 5 6 7 8 9 10 11 12 13 14 15 16 17 18 19 20 21 22 23 24 25 26 27 28 29 30 31 32 33 34 35 36 37 38 39 40 41 42 43 44 45 46 47 48 49 50 51 52 53 54 55 56 57 58 59 60 61 63 64 65 66 67 68 69 70 71 72 73 74 75 76 77 78 79 80 81 82 83 84 85 86 87 88 89 90 91 92 93 94 95 96 97 98 99 100
1886 26 55
1885 26 51 53 55 92
1884 21 26 43 51 53 55 66
1883 7 20 21 26 43 55
1882 20 26 27 43 55
1881 20 26 32
1889 9 53 55 83 100
188k 77
1899 53 55 65
1898 7 22 51 53 55
1897 9 10 22 30 46
1896 9 13 20 51 53 55
1895 32 42 51 53 75
1894 48 53 55 79
1893 48 49 51 53 55
1892 20 22 44 53 55
19.6 45
19.5 45
1909 26 92
1908 100
1907 100
1906 7 13 63 67
1905 7 26 53 83 100
1904 13 53 55
1903 13 51 53 55 92
1902 53 66 67 100
1901 24 55 66 83 89
1900 13 22 49 51 53 55 61 66
1919 64 67
1910 83 100
1918 63 64 82
1916 83
1915 67
1914 55
1913 92
1912 13 50 95
1911 17
1921 22 55 63
1920 55 64
1929 7 32
1928 64
1926 64
1924 20
1923 64
1922 63 67 83
1932 64
1931 64
1936 55
1934 24 64
1933 64
1948 64
1944 86
1954 87
1953 87
1952 25 55
1956 87
1963 87
1968 87
17th 12 39 46 66 73
1978 20
1981 20
1980 63 97
1998 7 8 10 11 14 26 79 80
1997 2 20 63 73 75 78 98 99 100
1996 51 60 68 71 72 94
1995 27 28 31 34 46
1994 5 6 12 13 15 16 18 19 23 76
1993 61 69 70 74
1992 32 47 48 52 54 56 93
1991 3 17
1999 22 25 26 63
18th 7 11 12 28 39 45 49 53 55 66 74 81 90 96
19th 10 12 21 49 60 66 73 74 81 83
