20 1 2 3 4 5 6 7 8 9 10 11 12 13 14 15 16 17 18 19 20 21 22 23 24 25 26 27 28 29 30 31 32 33 34 35 36 37 38 39 40 41 42 43 44 45 46 47 48 49 50 51 52 53 54 55 56 57 58 59 60 61 63 64 65 66 67 68 69 70 71 72 73 74 75 76 77 78 79 80 81 82 83 84 85 86 87 88 89 90 91 92 93 94 95 96 97 98 99 100
21 4 6 8 10 11 12 20 22 26 27 34 39 40 45 46 49 53 55 60 63 64 65 66 70 71 74 76 78 79 80 82 83 84 92 97 98
22 6 11 12 20 22 26 32 34 39 40 45 46 47 49 51 53 55 60 63 64 65 71 74 79 81 82 83 84 85 91 92 97 98
23 6 11 12 15 20 22 24 26 29 32 34 39 40 45 46 49 53 55 56 58 60 63 64 65 71 74 79 82 83 84 91 92 97 98
24 6 11 12 20 22 26 34 39 40 41 45 46 49 53 55 60 63 64 65 67 68 71 74 79 81 82 83 84 91 92 97 98 99
25 6 7 9 11 12 13 20 21 22 23 24 26 27 32 34 39 40 45 46 49 52 53 55 60 63 64 65 70 71 79 80 81 82 83 84 92 96 97 98 100
26 6 11 12 13 20 21 22 24 26 34 39 40 45 46 49 53 55 60 63 64 65 71 77 79 81 82 83 84 91 92 97 98
27 6 7 11 12 14 17 20 21 22 24 26 34 39 40 43 45 46 49 53 55 60 63 64 65 71 77 79 80 81 82 83 84 91 92 97 98 99
28 2 6 11 12 13 18 20 22 26 28 32 34 38 40 45 46 49 51 53 55 60 63 64 65 71 79 82 83 84 89 92 97 98
29 6 11 12 15 16 20 21 22 24 26 34 40 45 46 49 51 53 55 60 63 64 65 69 71 73 79 81 82 83 84 91 92 97 98
2d 4 12 49 55 71 73 74 90
2e 45
2h 83
2s 55
