3rdly 60
3.032 63
3.031 63
3.001 63
3.142 63
3.143 63
3.144 63
3.141 63
3.263 63
3.261 63
3.262 63
3.251 63
3.221 63
3.201 63
3.202 63
3.203 63
3.341 63
3.342 63
3.343 63
3.344 63
3.331 63
3.332 63
3.333 63
3.334 63
3.321 63
3.326 63
3.327 63
3.328 63
3.322 63
3.323 63
3.324 63
3.325 63
3.315 63
3.316 63
3.317 63
3.318 63
3.311 63
3.312 63
3.313 63
3.314 63
3.411 63
3.5ex 63
38.14 99
30.25 45
30254 44
31.30 45
31.33 45
31.10 45
31.16 99
32.39 99
32.27 45
329th 81
33.14 45
32mos 12
34901 89
35.31 45
35.30 45
36.78 28
36.31 45
