5.131 63
5.132 63
5.133 63
5.134 63
5.135 63
5.136 63
5.141 63
5.142 63
5.143 63
5.151 63
5.152 63
5.153 63
5.154 63
5.155 63
5.156 63
5.101 63
5.121 63
5.122 63
5.123 63
5.124 63
5.251 63
5.252 63
5.253 63
5.254 63
5.231 63
5.232 63
5.233 63
5.234 63
5.241 63
5.242 63
5.501 63
5.502 63
5.503 63
5.511 63
5.512 63
5.513 63
5.514 63
5.515 63
5.521 63
5.522 63
5.523 63
5.524 63
5.525 63
5.441 63
5.442 63
5.451 63
5.452 63
5.453 63
5.454 63
5.461 63
5.471 63
5.472 63
5.473 63
5.474 63
5.475 63
5.476 63
5.621 63
5.631 63
5.632 63
5.633 63
5.634 63
5.641 63
5.526 63
5.531 63
5.532 63
5.533 63
5.534 63
5.535 63
5.541 63
5.542 63
5.551 63
5.552 63
5.553 63
5.554 63
5.555 63
5.556 63
5.557 63
5.650 53
58585 64
50000 63
5000i 63
5000s 63
55.22 99
