60 1 2 3 4 5 6 7 8 9 10 11 12 13 14 15 16 17 18 19 20 21 22 23 24 25 26 27 28 29 30 31 32 33 34 35 36 37 38 39 40 41 42 43 44 45 46 47 48 49 50 51 52 53 54 55 56 57 58 59 60 61 63 64 65 66 67 68 69 70 71 72 73 74 75 76 77 78 79 80 81 82 83 84 85 86 87 88 89 90 91 92 93 94 95 96 97 98 99 100
61 11 12 20 22 24 40 49 53 63 64 65 71 79 83 84 92 96 97 98
62 12 20 22 24 39 40 49 53 55 63 64 65 71 79 83 92 97 98
63 12 20 22 24 40 45 49 51 53 63 64 65 71 79 83 92 97 98
64 1 2 3 4 5 6 7 8 9 10 11 12 13 14 15 16 17 18 19 20 21 22 23 24 25 26 27 28 29 30 31 32 33 34 35 36 37 38 39 40 41 42 43 44 45 46 47 48 49 50 51 52 53 54 55 56 57 58 59 60 61 63 64 65 66 67 68 69 70 71 72 73 74 75 76 77 78 79 80 81 82 83 84 85 86 87 88 89 90 91 92 93 94 95 96 97 98 99 100
65 12 20 22 24 28 40 42 49 53 55 63 64 65 79 83 85 92 97 98
66 12 20 22 40 43 45 53 55 63 64 65 79 83 92 97 98
67 12 15 20 22 24 40 49 53 63 64 65 79 83 92 97 98
68 12 20 22 24 40 46 49 51 53 63 64 65 79 82 83 85 92 97 98
69 7 12 13 20 22 24 40 49 53 63 64 65 79 83 92 97 98
6d 55 83
6h 83
6l 77
