80 15 20 22 39 40 49 50 53 55 63 64 65 79 81 82 83 85 92 97 98
81 20 22 40 49 53 55 63 64 65 79 81 83 92 97 98
82 6 12 20 21 22 26 40 49 53 55 63 64 65 79 83 84 92 97 98
83 12 20 21 22 26 40 49 53 55 63 64 65 79 83 92 97 98
84 7 20 21 22 40 49 53 63 64 65 74 79 83 92 97 98
85 15 20 21 22 40 49 53 55 63 64 65 79 83 92 97 98
86 12 20 22 40 49 53 63 64 65 79 83 92 97 98
87 6 12 20 21 22 28 40 49 53 55 63 64 65 79 83 85 92 97 98 100
88 20 21 22 40 49 53 55 63 64 65 79 83 92 97 98
89 12 20 21 22 40 49 53 55 63 64 65 75 79 82 83 92 97 98
8d 55
8s 55
