aldermen 13 22 40 52 93
anaconda 40 52
assabeth 85
another. 31 47 71
anothers 45
albanese 79
albanezi 53
alderman 13 28 42 55 83
atrocity 12 32 34 39 48 68 84
astigmia 49
africans 4 39 40 51 79 81
aphareus 65
appetite 5 6 10 11 12 13 14 15 16 18 19 23 25 26 27 28 29 31 35 37 38 40 41 44 45 46 47 49 52 54 55 56 57 64 65 68 69 71 72 73 74 75 77 78 79 80 83 85 88 90 92 93 94 95 97 98 99
anchor’s 55
alacoque 42
appoints 49 78 89 97
allureth 26
antinous 12 13 22 23 49 84
appalled 4 10 12 13 14 17 18 29 30 31 32 37 39 40 46 47 50 52 54 56 67 68 69 71 72 79 84 85 93
austin’s 84
alcaldes 77
anointed 4 9 12 22 26 38 39 40 42 44 45 49 53 55 68 79 80 84 94 97
abeilard 12
acquiesc 83
apuleius 12 49 65
accredit 26
aiulella 55
albicore 40 53
alguacil 53 77
arsewipe 55
amissing 26
adjectum 49
automata 45
acquires 7 26 27 28 49 52 73 77 78 79 81 86
acquired 7 10 11 12 13 14 16 18 19 21 26 27 28 29 32 34 37 39 40 41 43 44 45 46 48 49 50 53 55 56 57 59 65 68 69 71 72 73 74 76 77 78 79 80 81 83 84 85 88 89 90 92 95 96 97
apanoaan 53
addendum 46
arobin’s 18
austrian 1 5 12 22 37 39 40 46 55 63 73 74 79 84 89 90 94
ascanius 65 82
aufidius 49
aufwande 63
ascanian 65
anderson 6 21 43 55 94
assertor 97
andersen 46 61
assertio 49
already. 38 71
asserted 7 10 11 12 13 15 16 18 19 20 21 27 28 37 40 41 44 46 48 53 55 56 63 65 66 67 68 72 73 74 76 77 78 79 80 81 82 83 84 89 90 95
anchored 6 12 26 28 31 40 53 55 57 67 77 79 81
assassin 1 12 34 43 49 51 68 71 72 74 79 90
abjectam 49
attiring 85
albanian 79
alighted 5 6 9 10 11 12 13 14 17 19 27 28 38 39 42 43 49 55 65 67 68 71 72 73 74 76 77 78 79 80 82 85 90 94 100
alcmaeon 22 49
adoperta 49
anxious. 71
atrouare 53
accuracy 6 10 11 12 14 26 27 28 34 39 40 46 51 55 57 68 71 74 77 78 79 80 84 85 90 91 93 94
accurate 6 9 10 11 12 14 20 21 23 27 32 34 39 40 43 46 50 51 53 55 63 65 66 68 71 74 75 76 77 78 79 80 84 85 90 94 95
aubrey’s 55
adjuring 71 78
arabians 49 53 73 79
abjectus 40
abjectly 30 37 40 55
africa’s 77
arlesian 79
arousing 4 10 18 27 28 39 41 49 79 80 84
articulo 55 82 84
awaken’d 65
arboreal 55
almohaza 77
anspruch 63
abandons 12 21 28 39 43 49 53 65 77 78 79 97
angelegt 63
apheidas 22
actionum 49
arangani 53
ancestor 1 12 14 20 28 30 39 45 55 65 66 73 77 78 79 80 83 84 85
arveiron 74 90
alcestis 12
aheating 55
ancestry 40 47 51 55 77 79 83 85
allready 45
aegreque 49
animorum 49
angelina 70
auguries 55 68 74 90
attaches 12 27 28 39 65 77 92
attached 1 2 3 4 5 6 7 8 9 10 11 12 13 14 15 16 17 18 19 20 21 22 23 24 25 26 27 28 29 30 31 32 33 34 35 36 37 38 39 40 41 42 43 44 45 46 47 48 49 50 51 52 53 54 55 56 57 58 59 60 61 63 64 65 66 67 68 69 70 71 72 73 74 75 76 77 78 79 80 81 82 83 84 85 86 87 88 89 90 91 92 93 94 95 96 97 98 99 100
aramburo 42
angelica 49 74 77 79 90
abington 81
amberoid 55
airtight 13 61
astonied 9 45
aranghai 53
affaires 45 49
articled 14 49 71 78 83
articles 4 6 10 11 12 13 14 15 16 17 20 21 23 27 28 29 30 34 37 39 40 41 42 43 45 48 49 51 52 53 54 55 56 63 65 67 68 71 72 73 74 76 77 78 79 80 81 83 84 85 89 90 92 94 96 98
adormire 53
annehmen 63
accosted 10 11 12 14 16 19 34 40 48 49 51 54 65 68 69 71 72 76 79 81 82 84 85
asiatics 40 66 74 90
arrigere 49
affairs. 71
aufgehen 63
antennae 59
aweeping 99
auderent 49
acquaint 11 17 49 55 60 65 71 79 81 82 83
attested 1 10 12 14 37 40 49 60 65 69 71 73 78 79 88 95
ambaaren 84
aetolian 22
achelous 65
achreoin 65
applepie 55
absurdum 77 80 92
astyllus 49
autocrat 39 43 94
arboring 40
absurdly 6 12 14 17 21 22 23 36 37 39 40 45 66 75 78 83 85 88 92
alburnum 28
abberent 12
allhorse 55
archduke 12 39 55 77
anguille 79
ausonian 65
adenoids 55
acerbity 68 78
ausonius 49
amnemque 49
aptitude 12 18 19 22 27 39 40 41 44 45 49 51 77 78 79 80 92
accursed 1 6 10 12 13 23 27 28 31 32 34 37 38 40 41 45 46 48 49 51 54 65 72 74 76 77 78 79 80 81 84 85 88 90 98
astonish 1 11 12 16 18 22 25 27 28 29 32 34 39 44 49 55 69 71 77 78 79 84 91 93 94
attack’d 65
attack’s 39
artistic 7 12 13 18 21 23 25 26 28 39 40 41 44 47 50 55 56 67 71 77 78 79 80 84 92 94 100
apostles 10 12 13 41 45 48 50 51 55 79 80 88 89 92 93
artistes 42
artistry 92
adultery 26 32 44 45 49 55 80 81 88
alphaeus 65
aromatic 9 10 23 39 40 42 44 49 55 57 71 77 79 84 93 94
apposito 49
apposite 55
amartema 45
antidote 1 4 12 16 23 29 40 45 46 55 77 79 80 88 92
arbeiten 63
apposing 80
amusedly 35
adjacent 14 28 39 40 44 45 46 47 48 52 55 62 68 71 74 76 78 79 83 84 85 90
ableiten 63
alcamies 60
aurora’s 65 69
attorney 11 12 16 28 37 45 49 55 60 68 69 71 72 73 76 78 79 81 83 84
analyzes 12
analyzed 12 23 41 56 69 79 80 84 85
andarebe 53
aristoni 49
aristoph 80
ardently 1 10 11 12 17 18 26 29 32 39 41 42 44 49 55 68 71 72 74 78 79 88 90
afterwit 55
ardentis 49 98
allusion 4 10 11 12 14 16 19 21 22 26 27 29 34 39 40 41 42 44 45 46 50 54 55 57 65 68 71 72 73 74 75 76 77 78 79 80 83 84 89 90 94
alphabet 12 14 16 19 28 32 39 45 49 50 51 55 62 63 66 68 71 73 77 78 79 80 83 93 94
appresso 49
abbatial 12
aegadean 22
ahumming 55
antimony 84
addicted 10 12 17 21 27 32 34 39 44 49 55 79 84 91
aegyptus 22
absences 6 10 12 16 23 27 44 49 55 68 73 84
absence. 22 71
azrael’s 84
amsfonts 63
ambracia 49
attacker 39 44
attacked 1 6 7 11 12 13 14 15 16 17 19 20 21 22 26 28 29 30 31 33 37 39 40 41 42 43 44 46 47 48 49 51 53 55 60 61 65 69 71 72 73 74 77 79 80 81 82 83 88 89 90 94 98
affluent 12 14 40
abrahams 45 91 93
artlessy 94
adjoined 10 12 14 18 37 71 79
afranius 49
alkinous 65
arnold’s 55
accordin 71 94
accorded 7 9 10 12 17 27 39 49 53 55 74 76 77 79 82 85 90
anxiety. 37 38
atomatic 63
andarono 53
amacarey 91
artist’s 4 10 13 26 40 72
aspenall 55
abutting 12 68 71
alledges 45
alledged 45
arsenals 12
amazando 53
angler’s 49
abundant 1 4 5 9 10 11 12 16 22 27 28 32 37 39 40 41 44 47 48 49 53 55 56 60 66 69 71 72 76 77 78 79 83 85 88 89 92 94
airslits 55
alicante 12 77 79
abducere 49
assailed 1 7 9 12 13 14 16 17 18 26 29 30 39 40 41 42 44 47 49 55 59 65 68 74 77 79 82 84 88 89 90
annulled 12 71 79
apostasy 77
apostate 15 45 49
abdomens 28 39
armchair 5 6 10 12 13 17 21 36 39 43 44 55 56 59 66 79 100
assail’d 65
assigned 7 8 9 10 12 14 15 19 20 28 37 38 39 40 41 45 46 49 51 53 55 56 60 64 65 68 71 73 74 76 77 78 79 80 84 85 86 88 89 90 92 93
assignat 39
alluring 12 18 37 40 41 49 55 71 74 75 79 88 90
arraying 14 78 85
antron’s 65
alcithea 49
alleluia 12 55
analysis 10 14 21 23 26 34 37 39 40 41 45 46 48 49 50 55 56 63 65 74 78 79 80 84 85 89 90 92 95
analyses 80 95
analysed 10 37 40 46 63 73 80
anceau’s 12
agrarian 12 40 55 96
analytic 28 40 95 98
anticyra 49
analysts 48
alagones 77
auecques 53
adversum 49
adversus 97
adversis 49
abutment 28
adverted 10 14 71
amplexus 49
advertas 49
assamese 33
acrobats 23
acrostic 16 55
attitude 6 10 11 12 13 14 16 17 18 19 21 23 26 27 28 29 30 31 34 37 39 40 41 42 43 44 46 47 50 51 55 56 57 63 68 69 70 71 72 74 75 76 77 78 79 80 83 84 85 86 89 90 92 93 94 95
aerugine 49
absinthe 12 13 55
agonized 12 18 39 40 41 44 71 79 85
auckland 21
aemilius 49
adjutant 12 39
agamedes 49
apothegm 49
audacity 1 4 7 10 12 19 31 39 40 41 43 44 50 57 66 71 72 77 78 79 80 84 85 92 94
andrea’s 79
andorono 53
accidunt 49
anglican 55
arethusa 22 40 49 78 98
animique 49
ablative 49
acanthus 23 28 84
ablation 55
alegreza 53
andred’s 9
antuerpe 98
againsay 9
adequacy 95
against. 71
adequate 4 10 11 16 18 19 20 26 28 29 31 32 40 41 49 51 53 63 66 68 71 74 78 79 80 83 84 85 89 90 95 96
approved 5 8 9 10 11 12 14 15 16 19 22 27 32 37 39 40 41 42 44 45 46 49 51 53 54 55 59 65 66 67 68 71 72 73 74 76 77 78 79 80 81 82 83 84 88 89 90 92 94 97
antigone 65 80
amestris 49
approver 16 49 68 80
approves 10 12 16 41 45 49 65 80 89 94
approval 5 6 8 10 12 13 14 16 18 20 23 26 35 37 39 40 41 42 43 44 46 47 49 50 55 65 66 68 71 72 76 77 78 79 80 92 94
augsburg 20 49 77
armfeldt 39
antiphon 65
arcturus 55
antiphus 22 65
affirmed 10 12 28 30 31 41 42 44 45 49 52 55 67 68 71 72 73 77 79 80 82 85 88 89 95 97
aetion’s 65
apicides 12
adestrer 49
araucana 77
adspicit 49
amateurs 23 80
attila’s 39
aperient 55
accoules 79
amelia’s 40
amassing 6 37 41
animal’s 3 5 23 33 39 55 68 71 73 84
astyoche 65
auerbach 67
arkansaw 70
arkansas 40 51
accented 12 20 28
appendix 4 15 20 22 26 32 55 65 83 84 91
appended 6 7 12 34 53 54 65 67 80 84 85
argosies 98
antipope 12
aglitter 55
arcalaus 77
account. 71
accounts 1 3 4 6 10 11 12 13 14 15 16 17 19 21 22 23 27 28 33 36 37 39 40 41 42 43 44 45 46 48 49 50 53 54 55 56 57 60 61 68 70 71 73 74 75 76 77 78 79 81 83 84 86 89 90 94 99
avenging 12 14 20 22 27 28 31 34 37 41 51 65 71 77 78 79 81
augustus 32 45 49 55 73 77 79 94
augustin 12 39 49 53
agonised 10 37 43 44 46 47 48 54 68 74 76 88 90 93
anacreon 49 65
augusta. 16
assaults 9 12 20 26 32 37 40 45 49 54 65 77 85
almadies 53
antipapa 45
agreabel 91
autonomy 51 55 92
airplane 62
avenged. 79
autonous 65
auftritt 63
abeyance 1 14 78 79 84
avengers 22
avengest 88
approach 1 2 3 4 5 6 7 8 9 10 11 12 13 14 15 16 17 18 19 20 21 22 23 24 25 26 27 28 29 30 31 32 33 34 35 36 37 38 39 40 41 42 43 44 45 46 47 48 49 50 51 52 53 54 55 56 57 58 59 60 61 63 64 65 66 67 68 69 70 71 72 73 74 75 76 77 78 79 80 81 82 83 84 85 86 87 88 89 90 91 92 93 94 95 96 97 98 99 100
appanage 10
annealed 92
accoutre 49
altumque 49
afforded 4 10 11 12 14 16 18 19 20 21 22 27 28 32 37 39 40 42 43 44 46 48 49 50 55 56 60 63 68 69 70 71 73 74 76 77 78 79 80 81 83 84 85 89 90 93 94 95 97
allenham 19
arsehole 44
assorted 12 16 34 55 56 61 68 71 76 78
avoided. 71
alexandr 37 41
alpinula 12
almadiya 53
adjusted 10 12 13 18 21 27 39 44 46 49 56 66 67 68 71 76 77 78 79 80 86 93
absently 18 36 39 55 56 67 69 79 94
applyeth 45
annesley 11 55
andauano 53
andauamo 53
allotted 10 12 14 20 22 26 27 34 39 40 49 55 56 65 68 71 73 74 77 78 79 80 81 83 88 90 98
absentes 49
absentem 49
absentee 34 51 55
absented 12 16 18 72 83
autumnal 21 28 39 40 52 56 60 65 66 78 79 85 94
alcandra 22
absolved 9 10 12 21 26 39 41 45 46 49 55 72 77 79 82 84 97
absolves 49 71 77
alquando 53
alcander 65
absolute 1 6 7 10 11 12 14 15 16 18 19 20 21 23 26 27 28 29 32 34 36 37 39 40 41 43 44 45 46 47 48 49 52 55 56 60 65 67 71 72 73 74 75 76 77 78 79 80 81 82 83 84 85 88 89 90 92 95 96 97
alquante 53
alquanto 53
alquanti 53
alquantj 53
adhering 10 11 12 19 20 22 34 40 43 44 53 55 60 79 81
allusive 65
agitator 13 92
avoiding 4 7 11 12 14 16 18 19 20 21 22 28 34 35 37 39 41 44 45 49 51 55 60 65 67 68 71 72 76 77 78 79 83 84 88 89 90 95
assister 45
assisted 4 7 10 11 12 14 16 18 19 21 23 27 28 32 34 39 40 42 44 45 46 49 52 55 60 65 66 68 70 71 73 74 76 78 79 80 81 83 90 91 93 97
agitates 18 49 74 90
agitated 1 5 6 10 11 12 14 16 17 18 19 21 23 27 28 29 31 32 34 36 37 39 40 41 42 43 44 45 46 49 52 55 59 60 66 68 71 72 73 74 75 76 77 78 79 81 82 84 85 90 93 94
applying 10 11 12 14 16 19 21 26 27 28 29 34 39 40 41 42 44 45 49 55 57 60 63 65 68 71 72 73 77 78 79 80 81 84 86 92 95 98
affiance 9 66
alcancia 77
attilius 49
allround 55
amadises 77
almorzar 77
agatha’s 23 55
adherent 69 78 92
artybius 49
aschanie 53
animiles 46
astynous 65
amazedly 26 78
arecorda 53
acceding 11 68
alartico 53
anyone’s 5 29 37 39 44 55 71 72 77 79
axiochus 49
allaying 10 40 44 46 84 88
antonius 49
antonio. 53
aflluere 49
agarista 49
annoying 12 13 18 23 31 37 39 41 46 49 52 55 66 68 72 73 74 79 90
abstiens 39
auditing 12 39
admonuit 49
auditive 55
atheists 12 37 41 45 49 55 73 89 95
atheist. 41
awfulest 69 70
azpeitia 77
atheisme 45
apugnate 53
aliqalli 53
aforeset 9
abbilden 63
abbildet 63
abstrakt 63
assoiled 9
abstract 10 12 13 20 23 24 27 28 31 37 39 40 41 42 45 46 47 48 49 55 56 57 63 71 72 73 77 78 80 84 86 88 89 92 95
adolph’s 27
antony’s 14 49 56 73
awakened 4 5 6 10 11 12 13 14 16 18 19 21 23 26 27 28 31 32 35 38 39 40 41 42 44 46 47 48 49 51 52 54 55 56 60 61 68 69 71 72 74 76 77 78 79 80 84 85 89 90 92
asterisk 12
asterius 65
asterian 65
ashantee 40 76
annoyeth 26
arbiters 7 39 41 51 74 90
altering 13 14 15 19 20 26 28 39 40 45 49 63 65 71 72 77 78 80 82 98
alterius 49 97
anhelitu 79
almidano 55
attemper 80
archness 11 19 78
appiness 71 78
albracca 77
attempts 1 3 6 7 10 12 13 14 16 19 20 21 23 26 27 31 34 35 39 40 42 43 44 45 46 47 48 49 50 51 52 53 55 60 65 71 72 73 74 76 77 78 79 80 81 83 84 85 86 89 90 92 94 95 96 97 98
auricula 12
agencies 7 13 34 39 40 42 43 48 51 55 77 79 80 89
angustos 49
abnehmen 63
adducing 39
angustae 98
anyt’ing 30
aphorism 26 76
adolphus 70
anythink 14 68 71 78
anything 1 2 3 4 5 6 7 8 9 10 11 12 13 14 15 16 17 18 19 20 21 22 23 24 25 26 27 28 29 30 31 32 33 34 35 36 37 38 39 40 41 42 43 44 45 46 47 48 49 50 51 52 53 54 55 56 57 58 59 60 61 62 63 64 65 66 67 68 69 70 71 72 73 74 75 76 77 78 79 80 81 82 83 84 85 86 87 88 89 90 91 92 93 94 95 96 97 98 99 100
arsinous 65
answerer 77
answered 1 3 4 5 6 7 8 9 10 11 12 13 14 16 17 18 19 20 21 22 23 26 27 28 29 30 31 32 33 34 35 37 38 39 40 41 42 43 44 45 46 47 48 49 51 52 53 54 55 56 57 59 60 61 63 64 65 66 67 68 69 70 71 72 73 74 76 77 78 79 80 81 82 83 84 85 88 89 90 91 93 94 95 97 98 99 100
archer’s 64
accused. 37
acadenmy 12
achaeans 7 22 80
altered. 71
accusers 9 12 26 39 45 49 73 92
arraigns 27
academia 45
academic 12 26 47 49 50 51 55 71 79 80
achilles 7 12 22 23 28 37 39 49 52 55 65 77 79 80 84 98
aprirono 53
academus 45 51
anathema 41
availeth 9
anemones 47 55 82 85 94
asinelli 22
abrogate 45
answer’s 68
answer’d 65
atreidae 79
accusing 4 9 10 11 12 14 23 26 27 37 39 41 45 49 56 66 69 71 72 73 77 78 79 88
alacrity 10 11 16 18 19 27 28 31 41 44 46 49 55 68 69 71 72 73 76 77 78 79 81 83 85 94
adornare 53
adornato 53
advowson 49
archways 23 31 93
availing 1 7 16 29 39 40 48 55 71 77 79
assessor 37 39 77 88
affected 4 5 6 7 10 11 12 14 15 16 17 18 19 21 22 23 25 27 28 29 30 32 33 34 36 37 38 39 40 41 42 43 44 45 46 47 48 49 51 54 55 56 57 60 65 67 68 69 71 72 74 76 77 78 79 80 81 82 83 84 85 87 88 89 90 92 94 97 100
accidere 49
accident 1 2 3 4 5 6 7 10 11 12 13 14 16 17 18 19 21 23 26 27 28 29 30 31 32 33 34 37 38 39 40 41 42 44 45 46 47 48 49 51 54 55 57 60 61 63 67 68 70 71 72 73 74 76 77 78 79 80 81 83 84 85 89 90 91 92 94 95 98 100
accidens 55 65 98
aurelius 12 49 51 89
annuntio 55
arcesila 49
affectus 49
acercare 53
astaroth 98
agenbite 55
aphelion 55
albion’s 24 55
alicujus 49 97
assessed 12 51 77
assesses 26
ascended 1 9 10 11 12 13 14 18 19 20 21 26 27 30 31 34 35 38 39 40 42 45 46 48 55 56 65 66 68 71 72 73 74 76 77 78 79 80 84 85 88 90 94
amoureux 12
arrogate 10 41 45 46 79
arrogant 11 12 13 20 26 35 37 39 41 45 49 50 55 65 67 71 77 78 79 80 88 92 95
adorning 12 39 40 41 44 45 49 65 66 71 77 88
augments 12 49 78 79
ashton’s 23
attendez 39
attender 83
amoretti 53
attended 1 3 4 5 9 10 11 12 13 14 15 16 17 18 19 21 22 27 28 30 32 33 34 35 37 38 39 40 42 43 44 46 47 49 51 53 55 56 57 60 61 65 68 71 72 73 74 76 77 78 79 80 81 83 84 85 88 89 90 93 94
admonish 9 39 40 49 76 88
attendre 39
almanacs 49 78 83
almanack 40 72 83
aumbries 9
arbitrio 49
arbitror 49
accolade 77
agressor 97
agrestes 49
accustom 10 12 19 39 44 49 71 73 78 79 82 92
aminidab 81
aquarium 41
aquarius 40
auditory 29 32 48 49 69 71 76 84
auditors 10 12 13 19 27 42 46 49 55 78 79 80 83 85 88
accendit 49
andirons 12 28 40 52
alsatian 17 39
agendath 55
asturian 53 77
asturias 12 77
axletree 98
ambush’d 65
avanzano 53
adhorent 49
asphodel 22 23 84
avouched 45
aviaries 12
artfully 7 11 14 17 20 31 32 37 46 73 77 94
alemates 55
ajutarli 53
aubignys 18
aranjuez 55 77
aluarono 53
asbestic 84
armrests 55
asbestos 23 83
abhorr’d 65
amerikey 66
adrian’s 23
allmoist 55
assensum 49
anwenden 63
agravine 9
assented 1 9 10 11 13 14 16 18 19 22 23 27 29 31 34 37 39 40 41 44 45 46 48 55 56 57 69 71 76 78 79 80 84 85 88 95 99
altruism 26 55
acceptat 49
acceptam 97
accepted 1 2 3 4 5 6 7 8 9 10 11 12 13 14 15 16 17 18 19 20 21 22 23 24 25 26 27 28 29 30 31 32 33 34 35 36 37 38 39 40 41 42 43 44 45 46 47 48 49 50 51 52 53 54 55 56 57 58 59 60 61 63 64 65 66 67 68 69 70 71 72 73 74 75 76 77 78 79 80 81 82 83 84 85 86 87 88 89 90 91 92 93 94 95 96 97 98 99 100
annuaire 12
acceptum 49
alhucema 77
apollo’s 22 65 77
adrestus 65
artful’s 68
attentat 92
arecanut 55
arigatos 66
aquacity 55
affretta 49
airedale 67
ambushed 6 12 55
allowing 4 6 7 10 11 12 13 16 19 21 26 28 29 30 31 32 34 37 39 40 41 44 45 49 55 60 65 68 69 71 72 73 74 75 76 77 78 79 80 82 84 85 88 89 90 92 95 97
ambushes 6 12 49 77
ambusher 26
ayamonte 53
alluvion 28
alluvium 12
abstaine 45
abstains 7 12 49 80
ambrogio 49
armament 12 46 48 65 77
alluvial 12 55 65 76
abode.12 22
atachano 53
applause 3 12 13 17 18 23 27 32 39 41 42 45 47 49 51 55 56 65 68 69 71 72 76 77 78 79 80 84 91 94
amicitia 49 55
a’mighty 4
applauds 12 49 88 89
aresouns 55
anybody. 38 71
abhorred 10 12 16 19 22 32 40 42 46 49 57 72 73 74 77 88 89 90
allegory 39 40 41 45 77 78 79 80 88 92 94
ambrosia 10 22 49 65 77 79
ambrosio 77
alluding 10 11 12 14 16 29 31 34 37 39 40 42 44 45 55 71 77 78 79 80 94
adrastus 65
agnathia 55
ashtrays 67
alcinous 22 80
armand’s 18
applique 12
aeternum 45 49
amatheia 65
androdus 49
a’shiver 40
arnaldii 84
arktinus 65
advising 2 11 12 16 20 22 27 39 41 42 43 44 49 55 65 72 73 77 78 79 80 83 88 89 94
advision 9
ashowing 55
all’erta 55
acquegia 53
alloweth 45
abstruse 12 19 23 26 27 45 49 71 74 83 84 85 90
asunder. 71 80
amicable 10 12 18 39 53 78 79 94
amicably 17 36 38 41 68 71 76 77 79 83
adjudged 27 32 45 65 85
amputate 10 40 70
adhiberi 49
adhibere 49
alhombra 77
amalacha 53
arthur’s 9 21 74
aliosque 49
adhibent 49
alehouse 24 71 83
athletes 22 28 80
athletic 4 10 13 14 22 30 31 39 40 41 43 72 78 79 89
amphiara 12
arponate 53
aphrodis 55
aperture 4 6 10 12 17 21 44 46 47 48 55 68 79 84
amphidus 65
aufheben 63
albarghe 53
anzahlen 63
abstinet 49
allegest 49
assotted 9
alleging 12 21 27 44 49 55 73 74 79 83 88 90
alupalan 53
anthedon 65
athaliah 45 82
ammianus 45 49
annie’s. 71
alemagna 7
apoplexy 6 12 37 40 49 55 75 78 79
antiquae 65
aligning 39
armorers 12
alamanni 7
arcadian 65 80
antiquum 49
alewives 40
antiques 55
anteroom 12 21 39 67 68 79 94
algernon 75
anagrams 55 73
agridare 53
adelaide 4 12 16 28 40 55
amniotic 55
alforjas 77
artifoni 55
ateranno 53
afasting 55
ambition 3 7 10 11 12 15 16 17 18 19 21 26 27 28 30 32 39 40 42 45 47 49 50 51 54 55 56 60 65 68 69 71 72 73 74 76 77 78 79 80 83 84 85 88 89 90 92 94 97
armorial 1 12 55 76 78 79 84 85
abednego 40
admirari 49 79
admirati 53
averages 40
averaged 30
although 1 2 4 6 7 8 10 11 12 13 14 15 16 19 21 22 23 26 27 28 34 36 37 38 39 40 41 43 44 45 46 47 48 49 50 51 53 54 55 56 58 59 60 61 63 65 66 67 68 69 71 73 74 75 76 77 78 79 80 81 82 83 84 85 86 87 88 89 90 92 93 94 95 96 97 98 99 100
artifice 10 16 17 20 26 27 39 45 49 51 55 65 66 71 74 77 78 79 83 88 90 92 93 97
arrested 1 4 7 10 11 12 13 14 17 18 21 23 27 29 30 31 32 34 37 39 40 41 43 44 46 48 49 51 53 54 55 71 72 74 76 77 78 79 82 84 86 90 94
aspiring 12 14 28 40 49 60 65 72 73 77 79 84 85 89 94 98
angriest 78
admirals 9 12 15 31 40 55 81
assyrian 40 65 69 80
armauano 53
author’s 7 26 29 39 41 49 55 65 66 68 71 73 77 80 84 85
atalanta 23 49 51 80
anoynted 45
albertos 53
anteacta 49
astyplus 65
appraise 46
albertus 49 74 90 98
almahera 53
accompli 21
authorem 97
apparant 45
advisers 7 14 39 55 80 94
adviseth 45
admirers 10 14 19 21 40 44 49 52 55 65 66 68 69 71 76 77 79 80 83 85 94
admireth 49
affronts 39 49
auxilium 49
admiring 1 10 11 12 13 14 16 18 19 21 22 26 27 28 33 35 36 37 38 39 41 42 44 45 49 55 56 65 66 68 69 71 73 76 78 79 80 83 88 94
anterior 12 22 55 73 79 89 92
armatura 53
armature 86
auxiliar 65
astley’s 16
aspirare 49
apparent 4 5 7 10 11 12 14 16 18 19 20 21 23 26 27 28 30 37 39 40 41 44 45 46 49 50 52 53 54 55 56 60 63 65 68 71 72 73 74 76 77 78 79 80 81 83 84 88 89 90 92 94 95 97
aspirant 10 12 50 55 71 80 94
apparell 45
appareat 98
aspirate 65 88
ancients 8 12 15 20 28 39 45 46 49 53 63 65 73 77 78 79 80 82 89 92 94
attayned 45
algerian 23 79
algerine 40 77
afodsegn 20
aquiring 55
angrily. 37
aureoles 55
assuaged 28 44 49 65 88 94
abounded 12 18 19 28 32 40 44 48 49 67 73 77 78 79 81 88 89
albert’s 79
alberico 7
audierit 49
alembics 79
alberigo 7
aquatani 98
achieves 78 85 95
achieved 7 8 9 10 13 14 16 20 21 29 30 35 39 40 42 44 46 49 50 52 55 59 63 65 68 71 72 74 76 77 78 79 80 85 86 89 90 92 93 95
argolica 49
allardin 9
agricola 28 49
aussagen 63
averroes 55
audience 9 10 11 12 13 14 22 23 27 31 32 37 39 41 42 45 47 49 51 55 56 61 65 66 68 69 70 71 72 73 76 77 78 79 80 82 84 85 88 91 94
amadavaz 53
awayward 9
apigliar 53
auctions 55
attritio 49
assembly 1 11 12 14 15 20 22 27 33 39 40 41 42 45 49 51 55 56 65 66 69 71 72 73 78 79 80 81 82 83 84 88 89 97
assemble 7 9 10 12 15 27 39 42 45 49 53 65 76 77 78 79 83 97
adoubted 9
andrey’s 41
atkinson 21 42 55
auster’s 65
averring 71
acrimony 10 11 12 49 55
atheling 3 20
aniele’s 13
ascribes 53 80 83 89 92
ascribed 10 27 37 39 40 41 45 48 55 65 72 73 74 77 80 81 83 88 89 90
ardiaeus 80
aspersed 41
animalia 49
animalle 53
armitage 21 81
alienist 31
andrew’s 39 55 68 71 74
afrasiab 84
amwaiter 79
amethyst 10 21 23 41 55 56
antequam 49 97
apprised 4 10 14 18 40 49 73 75 76 78 79
albogues 77
anadeers 78
asmodeus 79
abruptum 49
aglovale 9
abruptly 4 10 11 12 13 16 17 18 19 21 22 27 28 31 34 37 39 40 41 42 47 48 50 54 55 56 59 66 67 68 71 72 76 77 78 79 83 84 94
abiathar 45 91
annibale 7 49
archytas 49 80
attonita 49
avoutres 9
asperges 45
admire’s 49
american 2 4 6 12 13 15 18 20 21 23 27 28 32 34 37 40 41 42 43 46 50 51 52 53 55 56 62 63 66 67 72 74 78 79 80 81 82 83 84 85 90 94 97
americas 40 51
arebenno 53
asperity 7 10 11 12 16 43 45 49 55 68 77 78 79 85
atymnius 65
atlantis 28 49 80
atlantic 10 12 21 22 28 32 34 40 42 48 49 51 53 55 67 72 74 82 85 90
amenable 10 44 46 49 55 71 80 85 89
anglaise 10 39
animarum 49
apollyon 10 94
adhesion 10 12 39 84 89
alarming 1 6 10 11 12 14 15 16 17 19 22 26 27 28 29 34 37 39 41 44 46 47 48 49 52 56 65 67 68 69 71 74 76 78 79 81 84 90 92 93 94
adhesive 21 55 59
amazon’s 10
atlantes 49
abigails 10
animates 12 49 65 78 79
animated 1 10 11 12 13 14 16 18 19 21 27 28 30 31 32 34 37 39 40 41 45 47 48 49 52 55 56 60 65 66 68 71 72 74 76 78 79 80 84 90 92 94 97
anchises 65
animatur 49
austerum 49
antartic 98
alienate 7 14 28 71 79 89
abelleus 9
assuring 1 4 10 11 15 16 19 21 23 29 31 32 37 39 40 41 44 45 49 53 56 60 65 68 71 72 73 77 78 79 80 82 83 88 94
acardiac 55
apricots 55 79
auctifer 49
alphonse 12 18 39 74 90
amounted 1 9 10 12 13 16 19 28 33 39 40 41 49 53 60 69 70 71 72 73 74 77 79 81 83 84 85 90 92
arisba’s 65
anticlus 22
amaranth 77
anticlea 22
abortion 40 51 55 74 78 90 92
abortive 4 7 43 49 60 67 71 73 74 81 83 84 90
awaiting 8 9 10 12 13 14 17 18 20 21 22 26 27 28 29 34 35 37 38 39 40 41 43 44 48 51 53 54 55 56 66 68 71 72 74 76 77 78 79 80 84 88 90 94
aballare 53
ankecher 6
aliments 49 55
acoustic 12 55
armstrap 55
aldridge 81
akanbowa 66
arriving 11 12 13 14 15 16 19 20 28 31 34 35 37 39 40 41 42 44 45 46 47 49 51 53 55 60 65 68 69 70 72 74 76 78 79 80 83 88 90 92 95
addition 1 2 3 4 5 6 7 8 9 10 11 12 13 14 15 16 17 18 19 20 21 22 23 24 25 26 27 28 29 30 31 32 33 34 35 36 37 38 39 40 41 42 43 44 45 46 47 48 49 50 51 52 53 54 55 56 57 58 59 60 61 63 64 65 66 67 68 69 70 71 72 73 74 75 76 77 78 79 80 81 82 83 84 85 86 87 88 89 90 91 92 93 94 95 96 97 98 99 100
affinity 11 12 14 23 39 49 53 55 68 71 80 84 85 92
assign’d 49 65
aquilone 49
arisbe’s 65
armoured 48 66
armourer 65 78
anregung 63
actually 1 3 4 5 6 9 10 11 12 13 14 16 18 19 21 22 23 26 27 28 29 31 34 35 36 37 38 39 40 41 43 44 45 46 47 48 49 50 51 54 55 56 58 59 60 61 63 65 67 68 69 71 72 73 74 75 76 77 78 79 80 81 82 83 84 85 88 89 90 92 94 95 97 100
acolytes 12 55
ariuando 53
arriveth 45
artesian 30 55 79
absorbed 1 4 5 7 10 12 14 15 18 21 23 26 27 28 29 31 34 35 36 37 39 40 41 43 44 46 47 49 55 56 57 66 67 68 69 71 72 73 74 76 77 78 79 80 83 84 85 90 92 94
aiutarne 53
avowedly 16 27 89
aiutaria 53
argyment 6
antilles 40
abdicate 12 23 39 94
abramoff 46
amontero 53
astutely 43
airiness 39 71
aqueduct 12 55 79
astutest 26
aventred 9
asphyxia 12
apennine 77
aventryd 9
aluatore 53
arrivals 4 13 28 35 37 39 48 67 79 83 86
almighty 9 13 14 15 18 20 22 26 27 32 34 37 39 40 41 42 45 46 49 51 55 56 65 68 74 77 79 81 84 85 88 89 90 97 99
annexing 96
abnormal 5 12 21 37 39 41 46 54 55 67 80 84
attracta 55
attracts 12 28 35 39 41 49 65 74 77 78 79 80 85 88 90 92 94
altitude 13 40 45 55 69 73 76 77
assummon 9
actuates 85
actuated 11 20 26 28 39 40 41 42 48 55 56 60 68 71 74 78 79 80 81 84 90
ascetics 35 41 92
antedate 65
afflicts 32 49 65 79
abeakuta 55
assuming 4 5 10 12 14 15 16 20 22 26 27 32 37 39 40 41 42 44 49 50 51 55 59 63 65 68 71 72 76 79 80 83 84 85 89 90 94 95
agenor’s 65
astounds 12 49
aprutino 53
aluatici 53
aventine 12
agnostic 55
arroused 47
atreus’s 65
admitted 1 4 5 6 7 9 10 11 12 13 14 15 16 17 18 19 21 22 23 27 28 32 35 37 38 39 40 41 42 43 44 45 46 47 49 51 52 54 55 56 58 60 61 63 65 67 68 69 70 71 72 73 76 77 78 79 80 81 83 84 85 88 89 90 92 93 94 95 97 100
alkalies 4
araminta 70
antelope 26 31 40 69 73 74 90
amending 55 83
announce 11 12 14 16 19 21 23 26 39 41 44 46 49 54 55 57 66 68 71 72 74 76 77 78 79 80 83 85 88 90 94 95
astyanax 65
abetting 22 27 43 55 71
alkaloid 34
abulafia 55
amantque 49
arnott’s 55
asphytic 84
avvocato 55
avvocati 49
artisans 12 18 22 39 41 49 51 55 80
alcippus 12
accrueth 45
alcarria 77
adopting 12 22 26 27 28 39 40 41 44 56 77 79 80 83 89
adoption 3 10 14 16 40 41 49 79 81 88 89 90
abantian 65
astyages 49 82
adapting 27 39 44 49 67 71 77 78 84 92
amalucho 53
amaynare 53
aruntius 49
aversion 4 10 12 14 18 21 26 27 28 31 37 39 41 45 49 55 60 65 66 68 69 71 72 73 74 76 78 79 80 82 84 89 90 92 94 97
ashworth 11 81
alignsep 63
altamaha 51
ahbeesee 55
accruing 13 80 84
agesilan 49
activity 1 5 7 10 11 12 13 16 21 23 26 27 28 29 32 37 39 40 41 43 44 47 48 49 51 54 55 57 63 72 73 74 77 78 79 81 83 84 85 86 89 90 92 95 96 99
attained 7 10 11 12 16 19 20 21 26 27 28 37 39 40 41 44 45 47 48 49 51 53 54 55 56 63 65 66 68 71 72 74 76 77 78 79 80 81 83 84 85 88 89 90 92 95 96 97
ajoutant 12
agrafena 41
astyalus 12 65
avaricum 49
atchieve 45
ambiorix 12
arminius 46 49
ablution 11 35 44
agreeing 11 12 14 16 19 20 39 44 46 49 53 55 60 65 71 78 80 83 84 92 97
accessed 1 2 3 4 5 6 7 8 9 10 11 12 13 14 15 16 17 18 19 20 21 22 23 24 25 26 27 28 29 30 31 32 33 34 35 36 37 38 39 40 41 42 43 44 45 46 47 48 49 50 51 52 53 54 55 56 57 58 59 60 61 63 64 65 66 67 68 69 70 71 72 73 74 75 76 77 78 79 80 81 82 83 84 85 86 87 88 89 90 91 92 93 94 95 96 97 98 99 100
accesses 12 92
attuning 80
abettors 27 32 89 97
anywhere 1 2 3 4 5 6 7 8 9 10 11 12 13 14 15 16 17 18 19 20 21 22 23 24 25 26 27 28 29 30 31 32 33 34 35 36 37 38 39 40 41 42 43 44 45 46 47 48 49 50 51 52 53 54 55 56 57 58 59 60 61 63 64 65 66 67 68 69 70 71 72 73 74 75 76 77 78 79 80 81 82 83 84 85 86 87 88 89 90 91 92 93 94 95 96 97 98 99 100
anywhers 70
ausdruck 63
aspiciam 49
aedifice 45
advocacy 26 77 89
actively 9 10 14 27 29 37 39 40 41 42 44 48 51 55 65 68 71 76 78 86 89
apodosis 55
advocate 10 12 15 16 21 26 32 40 41 45 49 51 55 56 68 71 73 74 76 78 79 80 86 89 90 92 95 97
apseudes 65
abrading 86
astrorum 49
angering 41 68 76
ailments 8 13 19 27 55 57 77
acroneos 22
adroitly 1 7 9 27 39 40 41 47 53 72 77 79
adoranno 53
assaying 88
almeries 9
appeases 49 65
affright 12 17 27 39 40 46 49 65 68 74 77 84 88 90
appeased 4 10 11 12 14 16 18 19 22 23 38 39 44 45 46 49 55 65 69 71 74 77 79 80 82 90 94
arteries 12 21 34 42 45 47 49 54 73 74 90
arterial 40
appeares 45
appeared 1 3 4 5 6 7 8 9 10 11 12 13 14 15 16 17 18 19 20 21 22 23 24 26 27 28 29 30 31 32 34 35 37 38 39 40 41 42 43 44 45 46 47 48 49 50 51 52 53 54 55 56 58 59 60 61 63 65 66 67 68 69 70 71 72 73 74 76 77 78 79 80 81 82 83 84 85 88 89 90 92 93 94 95 96 97 98 99 100
apologia 26 89
apologue 55 65 77
achaians 49 65
allfours 55
adorarla 53
afflatus 12 55 94
assegais 31
anforhte 20
arabella 55
anthoyne 53
agapenor 65
aptnesse 45
aloysius 21 55
abattoir 12 55
armbrust 92
apthorps 70
amphissa 49
auntie’s 13 34 44 69
acetones 21
ardilaun 55
alliance 7 8 10 11 12 13 15 16 20 21 23 29 39 44 46 47 49 51 65 71 72 73 75 77 78 79 80 83 89 96 97
agarenes 49
aculeata 49
appian’s 49
anthonio 53
abridges 53
abridged 12 22 40 45 53 55 81 88
ashplant 55
archives 12 26 39 40 49 51 53 71 77 79 85
anzeigen 63
amythaon 22
airfield 86
architas 49
arthurus 9
asinaria 26
avtixeip 49
analoges 63
athenian 10 12 45 49 55 63 65 80 92
auspices 7 10 16 26 32 40 44 46 49 53 55 65 69 78 79 80 89
amorites 78
advanced 1 2 4 6 9 10 11 12 14 15 16 17 18 19 20 21 23 26 27 28 30 31 32 34 37 38 39 40 41 42 44 45 46 47 48 49 51 53 54 55 56 57 60 61 65 66 67 68 71 72 73 74 75 76 77 78 79 80 81 82 83 84 85 89 90 92 93 94 95 96
advances 4 7 10 11 12 13 16 18 19 20 26 28 30 39 40 41 43 47 48 49 52 55 56 65 69 71 72 77 78 80 84 92 95 97
ampliter 49
anthon’s 65
antlered 20 22 40 55
aumarais 12
arridens 49
auvergne 12 49
amoungst 49
armenius 80
abydeans 49
anthoine 53
aberdeen 14 21
adorably 5 12 79
adorable 12 18 29 39 44 66 67 76 79 92
acts.1.6 45
anoiston 65
armenian 39 79
adriatic 7 49 67
alloquar 49
adjuncta 49
adjuncts 14 77 90
appear’d 65
annually 2 12 28 32 40 53 55 79 81 83
albacora 53
albacore 53
aurumque 49
aneurism 34 84
arranges 11 12 71 77 78 80
arranged 1 3 4 5 7 10 11 12 13 14 15 16 18 19 20 21 22 23 25 26 27 28 29 30 34 36 37 39 40 41 42 43 44 46 48 49 51 53 54 55 56 59 66 68 71 72 74 76 77 78 79 80 82 83 84 85 88 90 92 94 95 100
averting 16 39 55 65 68 72 79
anecdote 6 11 16 18 27 29 32 39 41 47 49 57 66 72 78 83 84
armantur 49
avoyding 45
alyoshka 37
alpechin 53
aquileia 7
avertere 49
averters 80
ademptum 27
agacleus 65
acushnet 40
appealed 3 9 10 12 16 17 26 27 29 30 32 37 39 41 42 49 50 51 55 56 57 63 66 68 69 71 73 76 77 78 79 80 81 85 89 94
agiutare 53
archaism 20
axillary 55
aquiline 10 12 21 27 41 46 53 55 76 77
argument 3 4 6 7 10 11 12 13 14 15 16 18 19 20 21 22 26 27 31 32 34 37 39 40 41 43 44 45 46 47 48 49 51 55 56 57 63 65 67 68 69 71 72 73 74 75 76 77 78 79 80 83 84 85 86 88 89 90 92 94 95 97 98
