b’ye 68
b.’s 71
be’s 56
baal 45
baba 53 55 79 93
back 1 3 4 5 6 7 8 9 10 11 12 13 14 15 16 17 18 19 20 21 22 23 24 25 26 27 28 29 30 31 32 33 34 35 36 37 38 39 40 41 42 43 44 45 46 47 48 49 50 51 52 53 54 55 56 57 58 59 60 61 62 63 64 65 66 67 68 69 70 71 72 73 74 75 76 77 78 79 80 81 82 83 84 85 86 87 88 89 90 91 92 93 94 95 96 97 98 99 100
bach 94
baci 65
bad. 31 38 79
babe 4 12 13 24 27 34 37 39 40 41 42 44 49 51 55 64 65 68 73 74 77 79 85 88 90 99
bacc 55
baby 3 4 5 7 10 12 13 14 16 17 18 19 21 22 25 27 28 29 31 32 33 35 36 37 38 39 40 41 44 46 48 49 50 51 55 56 57 61 62 66 67 68 69 70 71 72 73 75 76 78 79 84 85 87 88 93 94
bade 4 6 9 10 12 13 18 20 21 22 26 27 28 32 33 34 37 38 39 40 41 42 43 44 46 49 51 53 54 55 56 60 61 65 66 68 69 71 72 73 74 77 78 79 80 81 82 83 84 85 88 90 93 94 98 99
bags 4 6 10 11 12 13 14 19 21 22 23 24 27 28 30 37 39 40 41 43 44 46 48 49 53 55 60 68 69 70 71 77 78 79 81 83 85 93 94 99
bagn 79
bait 13 18 22 26 28 34 39 40 43 44 49 55 60 65 68 69 70 71 72 78 81 88 99
bais 44
bain 9 89
bail 4 6 13 55 68 69 71 77 78 81 83
baht 72
bahn 72
baia 53
balk 18 39
ball 1 6 10 11 12 13 14 16 17 18 19 21 22 23 26 27 28 30 31 32 33 35 36 37 38 39 40 41 42 44 45 49 52 53 55 56 57 60 61 63 65 66 67 68 69 70 71 72 73 74 76 77 78 79 81 82 83 84 86 88 90 91 93 94 100
bale 12 20 26 27 33 38 40 53 55 85
bald 5 6 12 13 14 18 20 21 23 31 32 33 37 39 40 41 44 49 51 55 56 61 65 66 68 69 70 71 76 77 78 79 80 85 90 94 95 98 100
bala 53
bake 4 5 10 12 14 16 27 28 38 40 49 56 60 64 66 70 71 73 77
bank 1 3 5 6 7 9 10 12 13 14 16 18 19 20 21 22 23 27 28 29 30 31 33 35 36 37 38 39 40 41 42 43 44 46 47 48 49 50 51 52 54 55 56 57 58 59 60 61 62 64 65 66 68 69 70 71 72 73 76 77 78 79 81 82 84 85 94 96 98 99 100
bani 53
bang 5 12 13 14 18 21 29 31 33 39 40 42 43 48 50 55 58 62 70 71 72 77 78 93 94 100
bane 10 13 15 22 24 39 55 65 71 72 79 85
banc 94
band 1 4 7 10 12 13 14 16 17 18 20 21 22 23 27 30 31 32 33 34 38 39 40 41 42 43 46 47 48 49 50 51 52 53 55 56 61 65 66 67 68 69 70 71 72 76 77 78 79 80 81 83 84 85 91 92 94 98
baly 16
balu 53
balt 52
balm 9 10 11 12 27 44 46 55 57 65 69 77 79 80 84 85 88 94
baot 91
bans 12 46
bara 53
barb 28 40 65
baro 45
barn 4 6 10 12 13 14 27 28 32 37 38 39 40 49 51 52 55 56 57 58 61 65 66 70 71 72 74 78 82 83 90 94 99 100
bark 3 5 6 10 12 17 20 21 22 26 27 28 30 33 34 35 38 39 40 41 46 49 52 53 55 56 58 60 61 64 65 68 69 70 71 72 73 76 77 78 79 80 82 84 85 88 92 94 97 99
bari 53
bare 4 5 6 7 8 9 10 11 12 13 14 16 17 18 20 21 22 23 24 25 27 28 29 30 31 33 34 35 37 38 39 40 41 42 43 44 45 46 47 48 49 51 52 53 54 55 56 57 59 60 64 65 66 67 68 69 70 71 72 73 74 76 77 78 79 80 82 84 85 88 89 90 91 92 93 94 95 96 97 98 99 100
bard 14 20 22 23 24 51 55 65 77 78 83 84
bata 53 55
bast 35 39 49 55
bats 3 10 18 22 26 33 40 46 48 49 53 55 56 69 71 77 78 79 80
bato 53
bati 53
bath 9 10 11 12 13 16 17 18 19 21 22 26 28 31 33 35 37 38 39 40 41 42 43 44 46 48 49 50 53 55 56 58 61 65 66 67 69 70 71 76 77 78 79 80 82 83 88 92 94 100
bate 53
basa 53
bars 4 5 6 8 9 10 12 13 14 16 18 21 23 25 26 27 28 30 33 36 38 39 40 42 43 45 46 47 48 49 51 55 57 60 61 64 65 68 69 70 71 72 73 76 77 78 79 86 91 94
bart 12 78 81
bass 10 11 12 13 14 28 37 39 40 42 51 53 55 67 69 71 72 73 78 79 80 91 93 94
bask 10 17 22 34 39 40 55 78 80 85 94
bash 55
base 4 8 10 12 13 14 15 16 17 21 22 26 28 29 32 34 35 37 39 40 41 42 44 45 46 47 49 54 55 56 63 65 68 69 70 71 72 74 76 77 78 79 80 84 85 86 88 90 92 93 94 98
bava 53
baud 49
baum 55 61
bawd 44 49 55
bawn 55
bawl 12 38 40 41 49 55
bazd 39
baya 53
bays 6 12 28 40 53 55 79
bdit 53
beal 32
beam 1 4 6 8 10 12 13 14 16 17 21 22 23 26 27 28 32 37 38 40 43 46 48 49 53 55 60 61 65 68 69 71 73 74 77 78 79 81 83 84 85 86 90 94
beak 3 5 10 12 22 36 38 40 41 43 48 49 53 55 60 65 68 73 78 79 80 84 85 89 100
bead 10 18 49 56 57 70 73 77 78 94
beat 1 2 3 4 5 6 7 8 9 10 12 13 14 16 17 18 19 20 21 22 23 24 26 27 28 29 31 32 33 34 35 37 38 39 40 41 42 43 44 45 46 47 48 49 50 51 52 55 56 57 60 61 64 65 66 67 68 69 70 71 72 73 74 76 77 78 79 80 81 82 83 84 88 90 91 93 94 98 99 100
beau 3 10 12 16 19 23 39 44 49 55 56 68 71 78
bear 1 2 3 4 5 6 7 8 9 10 11 12 13 14 15 16 18 19 20 21 22 23 24 26 27 28 29 30 31 32 33 34 35 36 37 38 39 40 41 42 43 44 45 46 48 49 50 51 52 53 54 55 56 57 58 59 60 61 64 65 66 67 68 69 70 71 72 73 74 75 76 77 78 79 80 81 82 83 84 85 88 89 90 91 92 93 94 95 97 98 99
beas 53
bean 5 13 21 28 38 46 49 55 66 69 77 78
beco 53
beck 10 22 32 41 55 65 68 72 78 88
becs 12
bed. 12 16 24 38 65 71
bebe 66
been 1 2 3 4 5 6 7 8 9 10 11 12 13 14 15 16 17 18 19 20 21 22 23 24 25 26 27 28 29 30 31 32 33 34 35 36 37 38 39 40 41 42 43 44 45 46 47 48 49 50 51 52 53 54 55 56 57 58 59 60 61 63 64 65 66 67 68 69 70 71 72 73 74 75 76 77 78 79 80 81 82 83 84 85 86 87 88 89 90 91 92 93 94 95 96 97 98 99 100
beef 2 5 12 13 14 17 19 21 28 32 33 37 38 39 40 41 42 44 46 49 52 53 55 60 66 68 70 71 72 73 77 78 80 81 85 89 93 94 98
beet 16 56 79
beer 5 12 13 14 16 18 20 21 23 27 31 37 38 39 40 42 44 46 48 49 55 59 60 62 66 68 71 76 78 82 83 89 92 93 94 98 99
bees 5 10 12 13 17 18 22 23 26 28 31 33 34 35 38 39 40 45 46 48 49 55 56 57 61 64 65 69 70 71 72 73 75 77 78 79 80 83 84 94
beda 13 45 77
beds 1 3 4 5 6 8 9 10 12 13 14 16 17 18 19 20 21 22 23 25 28 30 32 35 37 38 39 40 41 42 44 46 48 49 51 53 55 56 59 60 61 65 67 68 69 70 71 72 73 74 76 77 78 79 80 81 83 84 86 90 91 93 94 98
begr 63
begs 11 12 13 16 17 20 22 34 37 41 49 54 64 65 71 77 78 79 80 85 95
befo 70
bein 5 27 46 70 94
beil 63
beim 63
beni 53 55
benj 83
bene 22 28 46 49 53 55 77 83 91 98
benc 20
bend 3 5 6 10 12 13 14 16 18 20 21 22 23 26 27 28 29 30 31 33 35 37 38 39 40 41 44 48 49 51 53 55 56 57 59 60 61 64 65 67 69 70 71 72 74 77 78 79 83 88 89 90 94
belt 1 3 5 6 12 14 15 17 18 21 22 28 30 34 37 39 40 42 44 46 47 49 51 53 55 56 57 60 65 69 70 73 76 77 78 79 80 81 84 86 93 94
bell 1 4 5 6 8 10 11 12 13 14 16 17 18 19 21 23 26 27 28 31 32 34 36 37 38 39 40 41 42 43 44 46 47 48 49 50 51 53 54 55 56 61 66 67 68 69 70 71 72 75 76 77 78 79 84 90 92 93 94 95 98
beli 53
bema 80
bely 19
bent 2 3 4 5 6 8 10 11 12 13 14 15 16 17 18 19 20 21 22 23 26 27 28 29 30 31 32 33 35 37 38 39 40 41 42 43 44 45 46 47 48 49 51 52 55 56 57 59 60 61 64 65 66 67 68 69 70 71 72 73 74 76 77 78 79 80 81 84 85 88 89 90 92 93 94 99 100
beno 12
berg 12 37 39 40
bere 53 55
best 1 2 3 4 5 6 7 8 9 10 11 12 13 14 15 16 17 18 19 20 21 22 23 24 26 27 28 29 30 31 32 33 34 35 36 37 38 39 40 41 42 43 44 45 46 47 48 49 50 51 52 53 54 55 56 57 58 59 60 61 63 64 65 66 67 68 69 70 71 72 73 74 75 76 77 78 79 80 81 82 83 84 85 88 89 90 91 92 93 94 95 96 97 98 99 100
bess 5 40 50 55 94
beth 55 91 94
beta 49 55 80
bery 27
bert 12 55
bero 45
bets 11 27 32 39 56 79
beuk 46
beug 12
beue 53
bevy 22 40 48 52 55 56 72 77
beza 45 49
bezw 63
bias 10 15 16 19 41 43 49 51 55 65 73 79 80 84 89 92
bian 53
bibs 71 94
bibo 78
bibl 65
big. 38
bier 9 12 20 34 38 40 46 55 65 68 71 74 77 79 88 90 99
bien 10 12 18 39 44 49 55 79 83 84 92
bide 10 14 19 20 30 55 68 71 72 77 93
bids 10 12 16 20 22 26 27 37 39 40 41 45 49 55 64 65 68 71 74 77 78 79 80 81 83 85 89 90 92 94 97
biff 55
bild 63
bind 4 6 7 9 10 12 13 19 20 21 22 24 26 27 32 36 38 39 40 41 43 45 49 51 53 54 57 64 65 66 68 71 72 73 74 76 77 78 79 80 83 84 85 88 89 90 94 97 98
bina 49
bill 3 4 6 10 12 13 14 15 17 18 20 21 23 27 28 30 32 37 39 40 41 42 45 46 49 50 51 55 60 62 66 67 68 69 70 71 73 74 76 77 78 79 81 82 83 90 94 96 98
bili 53
bile 12 14 21 26 27 39 42 53 55 70 77 78 80 91
bime 51
bion 49
bins 71
binn 78
bini 12
bing 55
bird 3 4 5 6 8 10 12 13 14 16 17 18 20 21 22 23 24 26 27 28 30 31 33 34 35 36 37 38 39 40 41 42 43 44 45 46 47 49 50 51 52 53 54 55 56 57 58 60 61 62 64 65 66 67 68 69 70 71 72 73 74 76 78 79 80 82 84 85 88 90 92 93 94 98 100
biss 68
bite 3 4 5 6 10 12 13 14 17 18 20 21 26 27 28 30 33 34 35 36 37 38 39 40 41 42 43 46 49 55 56 57 58 59 61 62 65 66 67 70 71 72 73 76 77 78 79 80 81 92 99
bit. 71
bish 91
bits 1 4 5 6 10 12 13 14 17 18 23 27 28 31 35 36 37 38 39 40 41 42 43 44 46 47 48 49 51 53 55 57 60 66 68 69 70 71 72 73 77 78 79 81 84 86 91 94
bitt 91
bito 49
biwa 66
blab 37 68 69 77
blas 12 34 50 53 55 71 77 79
blam 70 83
blan 91
blay 55
blee 9
bled 6 9 10 12 21 27 38 39 40 41 45 46 48 60 64 65 69 72 77 79 81 84
blew 3 4 5 6 8 9 10 12 13 14 17 18 21 22 23 26 27 28 29 30 31 32 33 34 35 37 38 39 40 41 42 43 44 45 46 48 52 54 55 56 57 59 60 61 65 66 67 68 69 71 72 73 74 76 77 78 79 81 82 83 84 85 88 90 93 94 98 100
bleu 12
bles 67
blim 70
blin 79
blot 4 6 10 12 14 15 16 21 27 46 54 55 67 68 74 76 77 78 79 84 85 90 93 94
bloo 55
bloi 9
blow 1 3 4 5 6 7 8 9 10 11 12 13 14 16 17 18 19 20 21 22 23 26 27 28 29 30 31 32 33 34 35 37 38 39 40 41 43 44 45 46 47 48 49 51 53 54 55 56 57 59 60 61 65 66 67 68 69 70 71 72 73 74 75 76 77 78 79 80 81 82 84 85 86 88 90 91 92 94 97 98
bloc 21
blod 91
blob 55
blur 6 13 14 18 21 37 43 57 69 94
blum 55
blue 1 3 4 5 6 8 9 10 11 12 13 14 16 17 18 19 21 22 23 24 26 27 28 29 30 31 33 34 35 36 37 38 39 40 41 42 43 44 46 47 48 49 50 51 52 53 55 56 57 58 59 60 61 63 65 66 67 68 69 70 71 72 73 74 75 76 77 78 79 81 82 84 85 90 92 93 94 95 100
blud 55
blub 55
bnoe 39
boar 9 12 14 20 22 23 26 33 38 49 53 55 65 71 73 76 77
boca 53
boco 53
boaz 91 94
boat 4 5 6 9 10 12 13 14 17 18 20 21 22 25 26 27 28 29 30 31 33 34 35 37 38 39 40 42 46 48 49 51 53 55 56 60 65 66 67 68 69 70 71 73 74 76 77 78 79 81 82 83 84 86 90 91 94
bobs 17 55 58
body 1 2 3 4 5 6 7 8 9 10 11 12 13 14 15 16 17 18 19 20 21 22 23 25 26 27 28 29 30 31 32 33 34 35 36 37 38 39 40 41 42 43 44 45 46 47 48 49 51 52 53 54 55 56 57 58 59 60 61 62 63 64 65 66 67 68 69 70 71 72 73 74 76 77 78 79 80 81 82 83 84 85 87 88 89 90 91 92 93 94 95 97 98 99 100
boer 55
bode 20 55 69
bogd 39
bogy 41
bogs 13 28 32 43 55 61 97
bofe 70
boij 53
boii 53
boia 55
bois 10 12 51 55 67 79 94
boil 6 10 12 14 16 22 26 28 38 39 40 49 51 53 54 55 56 60 65 66 71 72 80 81 82 83 88 99 100
boho 53
bomb 12 40 55 81
bolk 39
bole 9 12 28 47 55
bold 1 2 4 5 6 7 9 10 11 12 13 14 17 19 20 21 22 23 26 27 28 29 32 33 34 35 36 37 38 39 40 41 42 44 45 46 49 50 51 52 53 55 56 58 60 63 64 65 66 68 71 72 73 74 76 77 78 79 80 81 82 83 84 85 88 89 90 92 93 94 98
bolt 5 6 10 12 13 14 17 22 27 28 32 34 35 37 38 39 40 41 43 44 46 49 53 55 57 65 68 70 71 72 74 76 77 78 79 84 86 90 92 94
boon 3 4 8 9 10 12 17 20 22 38 39 40 41 46 49 51 52 53 55 65 71 77 79 80 84 85 94
bool 53
boom 6 14 28 33 37 39 40 51 55 60 67 68 69 70 76 79 100
book 1 3 4 5 6 7 8 9 10 11 12 13 14 15 16 17 18 19 20 21 22 23 24 26 27 28 29 30 31 32 33 34 35 36 37 38 39 40 41 42 43 44 45 46 48 49 50 51 52 53 54 55 56 57 58 60 61 62 63 65 66 67 68 69 70 71 72 73 74 75 76 77 78 79 80 81 82 83 84 85 86 88 89 90 91 92 93 94 97 98 100
boof 55
boot 5 9 10 12 14 16 18 21 22 23 27 31 32 33 34 37 39 40 41 42 43 46 47 48 49 55 56 68 69 70 71 76 77 78 79 94
boor 12 14 72 77
bono 10 45 49 53 55
bonn 94
boni 49 53 82
bong 20
bone 3 5 9 10 12 13 14 16 17 20 21 22 23 26 27 28 30 31 33 34 35 37 38 39 40 41 42 44 45 46 47 48 49 50 51 53 55 58 59 60 65 66 70 71 73 74 77 78 79 81 84 90 91 93 94 95 96
bond 4 7 8 10 12 13 15 16 18 19 20 21 22 23 27 31 32 36 37 38 39 40 41 42 43 44 45 49 51 54 55 60 64 65 67 68 71 76 77 78 79 80 81 83 85 88 92 94 97
bona 42 49 53 55 67 94 97
bony 12 14 27 28 30 31 33 37 38 39 40 41 42 53 55 57 68 71 72 76 79
bons 7 39 91
bont 10 12
bord 12
boss 6 12 13 18 20 23 27 28 29 30 31 39 42 51 55 59 65 70 74 76 86
bosh 12 55 69 78
bote 9
bota 77
bors 9
bort 91
born 1 2 4 5 6 7 8 9 10 11 12 13 14 15 16 17 18 19 20 21 22 23 24 26 27 28 30 32 33 34 35 36 37 38 39 40 41 42 43 44 45 46 48 49 50 51 53 54 55 56 58 60 61 62 64 65 66 67 68 69 70 71 72 73 74 75 76 77 78 79 80 81 82 83 84 85 88 89 90 91 92 93 94 95 97 98 99 100
bore 1 3 4 6 8 10 11 12 13 14 16 17 18 19 20 21 22 23 24 26 27 28 29 30 34 35 36 37 38 39 40 41 42 43 44 46 48 49 50 51 52 53 54 55 56 57 60 65 66 67 68 69 71 72 73 74 75 76 77 78 79 80 81 82 83 84 85 88 90 92 93 94 97 100
bose 28
boru 55
bout 1 4 12 17 18 19 22 27 28 37 39 40 41 44 49 51 55 57 69 70 72 77 78 85 91
bous 55
boun 27 70
boul 55
boum 12
bouh 12
bove 27 70
bova 39
bouy 94
bots 70
boto 53
both 1 2 3 4 5 6 7 8 9 10 11 12 13 14 15 16 17 18 19 20 21 22 23 24 25 26 27 28 29 30 31 32 33 34 35 36 37 38 39 40 41 42 43 44 45 46 47 48 49 50 51 52 53 54 55 56 57 58 59 60 61 62 63 64 65 66 67 68 69 70 71 72 73 74 75 76 77 78 79 80 81 82 83 84 85 86 87 88 89 90 91 92 93 94 95 96 97 98 99 100
boue 53
bouc 79
bows 6 11 12 14 16 17 22 28 31 32 35 36 37 39 40 41 42 44 46 48 49 50 51 53 55 56 60 64 65 66 68 70 71 73 75 77 78 79 81 82 88 94
bowl 4 5 11 12 13 14 17 22 23 26 27 28 35 38 39 40 42 46 49 50 52 53 55 56 57 59 60 61 65 66 67 68 69 70 71 72 73 76 77 78 80 81 83 84 93 94
boy. 14 27 39 71
box. 71
bovi 26
boys 4 5 6 7 9 10 11 12 13 14 16 17 18 19 20 21 23 24 25 26 27 28 29 30 31 32 33 35 36 37 38 39 40 41 42 43 44 46 48 49 51 52 53 55 56 57 60 65 66 67 68 69 70 71 72 73 76 77 78 79 80 81 82 83 84 85 88 90 91 93 94 98 100
boyo 55
boyl 55
boyd 55 83
bram 46 91
bran 6 12 28 53 60 61 68 70 72 93 97
brak 91
brag 9 14 22 28 31 34 37 39 40 41 49 69 71
brac 12 23 63 92
bray 5 49 55 70 77 91 98
braw 46 55
bras 12 53
brat 4 10 12 28 33 39 41 55 68 72 79 85
bred 1 4 5 9 10 11 12 13 14 16 19 21 22 23 26 27 28 29 30 33 36 37 38 39 40 41 45 46 48 49 50 51 55 56 60 65 66 68 69 71 72 73 74 75 76 77 78 79 80 81 83 85 88 90 92 93 94 97 98 100
bres 21 53
brer 70
bref 44
brez 79
brew 13 14 37 38 40 55 60 71 94
brig 12 15 17 40 44 55 81 84 85
brie 12
bric 12 23 66 92
bris 43 55 84
brit 40
brim 5 9 10 12 13 14 17 20 21 22 27 29 33 39 40 41 42 48 50 55 56 65 68 69 70 71 72 73 76 78 79 84 88 94
brom 52
broe 39
brow 6 10 11 12 14 17 18 19 21 22 27 28 29 31 32 34 35 37 39 40 42 43 46 47 48 49 50 51 52 54 55 56 60 64 65 66 67 68 69 71 72 74 75 76 77 78 79 84 85 88 90 93 94 98 99 100
bros 55
brot 91
broo 55 78
brrr 12
brut 75
brun 12
brul 12
bruz 53
brud 55
brye 12
bsal 55
bubs 55
buck 12 13 27 28 30 33 40 42 43 55 57 69 70 93
buch 63
buca 53
buds 5 9 10 12 24 27 28 30 39 55 56 58 64 71 74 90 94 100
buda 46 49
bugs 26 28 41 55 70
bugg 55
buff 1 12 39 42 44 55 71 72 73 77 93 94
buil 70
buku 66
bums 13 44 55
bump 17 27 39 40 48 55 58 71 76 78 94
bulb 12 40 42 55 86
bulk 2 6 9 10 12 15 19 28 30 39 40 42 43 44 48 49 53 55 59 65 66 68 71 72 73 76 77 78 80 84 85 88
bull 6 10 12 13 14 21 22 26 27 28 30 32 33 34 35 39 40 41 42 44 49 50 53 55 58 65 67 68 69 70 71 72 73 76 77 78 79 81 82 85 91 92 93 94
buoy 6 10 18 40 46 55 60 71 81 85
bung 12 13 38 40
buns 5 13 42 55 56 81
bunt 39 49
bunk 6 13 40 46 55
buso 53
busk 28 49 55
bush 4 5 6 9 10 12 13 14 17 21 22 23 24 27 28 29 31 32 33 36 37 38 39 40 41 44 45 46 48 52 55 56 58 60 66 69 70 71 73 77 83 85 94
busy 1 3 4 5 6 9 10 11 12 13 14 15 16 17 18 19 21 22 23 27 28 30 33 34 35 36 37 38 39 40 41 42 43 44 46 47 48 49 51 52 53 54 55 56 57 58 60 61 62 65 66 67 68 69 70 71 72 73 74 76 77 78 79 80 83 84 85 86 88 90 93 94 97 99 100
bust 10 12 14 18 27 28 39 40 45 46 48 55 56 67 68 69 70 76 77 94
buss 55
burn 3 4 6 7 8 9 10 12 13 14 16 17 18 20 22 23 26 27 28 35 36 37 38 39 40 41 43 45 46 47 48 49 50 51 53 55 56 57 60 61 64 65 66 67 68 69 71 72 74 76 77 78 79 80 81 82 84 85 86 88 89 90 94 98 99 100
burg 20
burd 7
bury 4 9 12 13 15 18 19 20 22 26 27 28 31 32 33 35 37 38 39 40 41 43 46 48 49 51 53 55 56 60 65 66 68 69 71 72 73 74 77 78 79 80 81 82 83 84 85 88 90 99
burs 13 28 33 52
burr 58 84 94
buto 53
buts 37
butt 5 6 9 12 13 21 28 30 34 39 40 43 46 47 48 49 51 54 55 60 68 70 71 73 76 77 78 79 80 81
buys 5 10 12 13 27 28 32 37 46 55 56 67 70 73 77
buxo 49
buxh 39
buzz 4 12 21 23 26 31 37 38 39 46 49 55 69 71 76 78 79 80 84 88 94
byby 55
byes 17 94
byng 81 82
byre 33
byrd 55
