buzan 12
buyer 13 39 45 49 71 81 89 94
buyin 27 70
bee’s 39 55
bed’s 9 68 69 71 77 79
beady 34 42 100
beads 10 12 13 18 21 22 23 27 28 31 37 40 41 46 51 53 55 56 60 67 71 77 78 79 81 84 94 99 100
beach 6 12 13 14 18 22 28 30 33 35 40 46 47 48 49 50 55 56 57 58 60 62 65 66 67 71 74 76 77 78 79 81 83 85 90 94
beaus 56
beaut 10 12
beaux 11 12 19 28 39 67 78 82 83 96
beard 1 9 12 13 14 17 18 21 22 23 26 27 28 31 34 35 37 38 39 40 41 42 43 46 47 49 53 55 56 60 61 65 66 67 68 71 72 73 76 77 78 79 83 84 85 94 98
beare 45 53 55 98
bears 7 10 11 12 14 15 16 17 19 20 21 22 23 24 26 27 28 31 33 34 39 40 41 45 48 49 51 53 55 57 60 61 65 66 68 71 74 76 77 78 79 80 81 82 84 85 88 89 90 94 96 97 99
beat. 71
bearn 49
beast 1 3 4 5 7 9 10 12 13 14 17 20 21 22 23 24 26 27 28 29 30 32 33 34 37 38 39 40 41 43 45 46 47 48 49 51 55 60 61 64 65 66 67 68 69 70 71 72 73 74 76 77 78 79 80 81 84 88 89 90 91 92 94 97 98
beati 49 55 84
beats 6 10 12 14 22 23 34 35 37 39 40 41 42 44 46 49 55 58 64 65 68 69 70 71 75 76 77 78 79 80
beame 98
beams 7 9 10 12 20 22 23 24 27 28 35 39 40 41 43 46 48 49 53 58 60 65 66 68 69 71 76 77 78 79 80 81 84 85 88 90 94 98 99
beamy 55 65
beans 12 13 14 28 38 42 45 48 51 53 55 57 60 66 71 76 77 78 79 80 81 99
beale 9 40 67
beaks 5 12 22 26 40 53 55 68 79 81 100
beaky 46 65
bedim 74 90
bedew 65
beda. 77
bedad 55
becho 53
becky 68 69
becks 10 72
ben’s 5 6 55 69
ben’t 10
becha 66
becca 49
becuz 69 70
befor 91
befit 10 12 55 65 77
befel 49 81
begat 9 40 45 55 65 73 78 80 88
began 1 3 4 5 6 7 9 10 11 12 13 14 15 16 17 18 19 20 21 22 23 24 25 26 27 28 29 30 31 32 33 34 35 36 37 38 39 40 41 42 43 44 45 46 47 48 49 50 51 52 53 54 55 56 57 58 59 60 61 65 66 67 68 69 70 71 72 73 74 76 77 78 79 80 81 82 83 84 85 88 89 90 91 92 93 94 95 97 98 99 100
begad 55
been. 38 71 80
beene 45 98
beent 55
beer. 38
beein 71
beefy 33
beech 10 12 21 22 27 28 40 46 48 49 52 55 56 65 77 95
befal 49
beets 28
beers 99
beery 55 76 94
beest 55 98
beide 63
beige 21
begob 55
begon 91
begot 10 20 41 49 55 65 77 97
begin 1 3 4 5 6 7 8 9 10 11 12 13 14 15 16 17 18 19 21 22 23 25 26 27 28 29 31 32 33 34 35 36 37 38 39 40 41 42 43 44 45 46 47 48 49 50 51 52 53 54 55 56 57 58 59 60 61 62 63 64 65 66 67 68 69 70 71 72 73 74 75 76 77 78 79 80 81 82 83 84 85 87 88 89 90 92 93 94 95 96 97 98 99 100
beget 12 20 21 26 40 41 45 49 73 77 80 88
behem 53
behen 53
beham 53
behan 55
behav 83
begum 71
begun 1 3 4 5 6 7 8 9 10 11 12 13 14 16 17 18 19 20 21 22 23 26 27 28 29 31 33 34 36 37 38 39 40 41 42 43 44 45 46 47 48 49 50 51 53 54 55 56 57 58 59 60 61 65 66 67 68 69 70 71 72 73 74 76 77 78 79 80 81 82 83 84 85 88 90 91 93 94 95 96 97
being 1 2 3 4 5 6 7 8 9 10 11 12 13 14 15 16 17 18 19 20 21 22 23 26 27 28 29 30 31 32 33 34 35 36 37 38 39 40 41 42 43 44 45 46 47 48 49 50 51 52 53 54 55 56 57 58 59 60 61 62 63 64 65 66 67 68 69 70 71 72 73 74 75 76 77 78 79 80 81 82 83 84 85 86 88 89 90 91 92 93 94 95 96 97 98 99 100
bejar 77
belts 1 12 28 39 41 45 46 55 65 79 85
belov 20
below 1 2 3 4 5 6 7 8 9 10 11 12 13 14 15 16 17 18 19 20 21 22 23 24 25 26 27 28 29 30 31 32 33 34 35 36 37 38 39 40 41 42 43 44 45 46 47 48 49 50 51 52 53 54 55 56 57 58 59 60 61 62 63 64 65 66 67 68 69 70 71 72 73 74 75 76 77 78 79 80 81 82 83 84 85 86 87 88 89 90 91 92 93 94 95 96 97 98 99 100
belot 49
bembo 49
bella 16 28 49 53 55 79
belly 6 9 12 13 22 26 28 30 38 39 40 41 44 45 46 49 52 53 55 59 60 65 67 70 73 77 82 84 88 91 92 94 98 99
bells 3 4 5 6 9 10 12 13 14 17 18 23 24 26 28 29 30 31 33 37 38 39 40 41 42 46 47 48 49 53 54 55 56 57 61 66 67 68 69 70 71 72 73 76 77 78 79 84 91 93 94 95
belli 12 49 53 98
belle 10 12 13 17 18 27 39 41 42 49 53 55 66 69 79 81 84 93 94
bello 49 53 55
belie 26 30 40 42 49 55 72
belay 6 17 79
belch 55 65 70 77
belan 53
beorh 20
benny 4 67 69
benne 20 53
bengy 12
benin 81
bench 1 6 10 12 13 14 16 18 20 27 28 29 30 37 38 39 40 41 42 43 46 47 49 50 54 55 56 66 67 68 69 70 71 72 73 76 77 78 79 81 82 83
bends 10 12 13 16 28 30 31 41 49 50 55 64 65 68 71 75 78 79 84 88 98
benen 81
benef 49
bweed 39
bweak 39
beppo 79
beset 7 9 10 14 17 19 26 27 28 30 31 32 39 40 45 46 52 53 55 65 71 76 77 78 79 80 81 84 88 92 94 99
besan 12
beste 94
bessa 65
best. 31 71
bessi 39
besse 12
besom 5 13 26 77 85
berfl 63
bergs 39
bercy 12
berel 9
beren 63
beryl 9 21 23 43 55
berry 12 27 28 30 40 51 71 72 73 78 81
berri 12
berre 53
berth 6 10 21 27 40 44 55 69 70 71 77 83 85
berne 1 83 94
berol 65
bwing 39
beuve 92
beure 12
beths 94
betis 49 53 77
bethy 94
betid 9 20
beter 91
betel 53
betre 53
betsy 14 32 50 68 70
betty 4 5 19 40 67 73 94
bewty 53
bevel 73
beyle 92
beyon 18
by116 22
bob’s 55
bwute 39
boast 1 6 7 8 9 10 11 12 13 14 16 17 18 19 20 22 27 28 30 31 32 33 37 38 39 40 41 42 46 49 50 51 52 55 56 57 58 65 68 69 71 72 73 74 76 77 78 79 80 81 83 88 90 91 92 93 94 99
boats 1 6 12 14 27 30 34 35 37 38 39 40 46 48 53 55 56 60 67 68 69 70 71 73 74 78 79 81 82 83 84 85 90 93 94
boath 72
boars 9 22 35 43 49 53 65 77
boat. 71
board 4 6 9 10 11 12 13 14 15 17 18 19 20 21 22 23 26 27 28 31 32 34 35 38 39 40 41 42 44 46 49 51 55 56 57 60 64 65 66 67 68 69 70 71 72 73 74 76 77 78 79 81 82 83 84 85 89 90 91 93 94 100
bocha 53
bocca 53
bobby 10 12 55
bobsy 55
boers 55
bodin 12 49
bodie 45
boded 30 34 39 43 68 76
bodey 91
boden 83
bodes 21 65 79
bogus 55 66 70
boggy 28 40
boggs 70
bogie 43
bohee 55
bohea 83
boges 49
boite 10
boire 39
boils 10 13 16 32 37 41 65 68 70 74 79 80 88 90
bohol 53
bohoc 53
bolon 53
bolle 53
bow’d 65
boles 10 12 47 55 57
bolan 53
bonam 49
bonae 92
bonba 53
bone. 77
bonne 10 18 37 39 44 53 55 91
bonni 53
bonna 53
bonny 10 21 53 55 56 72 77
bonno 53
bonis 49
bonds 4 9 10 12 17 18 20 22 23 27 32 37 39 43 44 45 46 49 51 53 54 55 67 72 73 74 76 77 78 79 80 83 84 85 88 89 90 96 97
bondy 12
bonet 53
boney 34
bones 1 3 4 5 6 7 8 9 10 12 13 14 17 19 21 22 23 24 26 27 28 30 31 32 33 34 36 37 38 39 40 41 42 43 44 46 47 48 49 52 54 55 56 58 59 60 64 65 66 68 69 70 71 72 73 74 76 77 78 79 80 81 84 85 88 90 91 93 94 99
boner 13
boned 14 26 27 39 57 59 68 71 78
boy’s 5 6 12 13 14 17 18 19 21 23 27 28 29 33 35 37 38 39 40 41 42 44 50 51 55 56 60 66 67 68 69 71 72 74 76 79 100
bomba 53
bolus 6 49 55 73
bolts 12 13 15 22 23 28 31 36 39 40 46 50 55 60 65 68 72 74 77 78 79 81 84 86 90 93
bombs 12 13 15 39 73 86
boozy 6 40 79
booze 13 46 50
booby 12 14 28 39 41 44 51 77
boody 55
booed 55
bonum 45 49 55 77 98
bonus 49 55 77
boose 42 55
boors 49 77
booth 12 13 14 23 37 39 50 55 70
boost 12
boots 2 3 5 6 9 10 12 13 14 17 18 21 23 26 27 28 31 33 34 36 37 38 39 40 41 42 43 44 46 48 49 50 51 55 56 57 59 60 61 62 65 66 67 68 69 70 71 76 77 78 79 83 84 89 93 94 98 100
booty 6 10 22 26 37 38 39 41 49 50 55 60 65 68 71 77 79 81 82 94 98
boons 55 77
booke 45 98
books 1 3 4 5 6 7 8 9 10 11 12 13 14 16 17 18 19 21 22 23 26 27 28 29 31 32 33 34 35 36 37 39 40 41 42 43 44 45 46 47 48 49 50 51 52 53 54 55 56 57 58 60 61 63 64 65 66 67 68 69 70 71 72 73 74 75 76 77 78 79 80 81 82 83 84 85 88 89 90 91 92 93 94 95 97 98 100
boone 21 40
booms 6 40 81
book. 37
borid 91
bordo 53
bores 12 18 23 28 41 55 67 71 75 78 92
bored 4 5 6 8 10 12 21 22 23 28 30 35 37 39 40 41 42 49 50 55 62 65 66 67 70 71 73 75 77 78 79 82 84 95
borgo 46 49 79
borgh 44
borax 13 55
bore. 41
borus 55 65
borre 9
borry 70
born. 27
borne 1 4 7 9 10 11 12 13 14 16 17 18 19 20 21 22 23 26 27 28 29 30 31 32 34 36 37 38 39 40 41 42 43 44 45 46 48 49 50 51 53 54 55 56 65 67 68 69 71 72 73 74 76 77 78 79 80 81 82 84 85 88 89 90 91 92 93 94 95 97
borov 39
bothe 45
both. 38
botas 77
botan 66
botch 26 55 69
botty 55
botte 12
bosky 40 55 84
bosse 39
bossy 65
bosun 94
bosog 53
bosom 1 4 5 6 10 11 12 13 14 16 18 20 21 22 24 26 27 28 31 32 37 38 39 40 41 42 43 44 46 49 51 52 53 55 56 60 64 65 66 67 68 69 71 73 74 76 77 78 79 80 82 84 85 88 90 92 94
box28 63
box27 63
box26 63
bowes 40 53
bowel 55
bowen 51
bower 12 14 20 24 28 39 40 44 48 55 60 64 65 66 71 78 79 82 84 94
bowed 1 3 4 8 10 11 12 13 16 17 18 19 20 21 22 23 24 26 27 29 33 34 35 37 39 40 41 42 43 46 47 49 51 52 54 55 56 57 59 61 66 68 69 70 71 72 73 75 76 77 78 79 80 81 84 85 88 89 92 93 94 98 99
bovum 55
bourg 49
boull 91
boule 12
bound 1 2 3 4 5 6 7 8 9 10 11 12 13 14 15 16 17 18 19 20 21 22 23 24 25 26 27 28 29 30 31 32 33 34 35 36 37 38 39 40 41 42 43 44 45 46 47 48 49 50 51 52 53 54 55 56 57 58 59 60 61 62 63 64 65 66 67 68 69 70 71 72 73 74 75 76 77 78 79 80 81 82 83 84 85 86 87 88 89 90 91 92 93 94 95 96 97 98 99 100
bough 3 5 6 9 10 12 18 22 28 30 33 38 40 46 47 52 55 60 62 65 72 77 85 94 98
bouge 12
bouha 49
boubi 12
boucs 12
bouck 91
bouen 12
bours 98
bourr 91
bourn 27 49 91
boute 56
bouts 18 39 42 44 49 69 70 77
boxin 5
boyes 55
boyar 46
bowse 32
bowsy 42 55
bowls 6 12 13 14 21 22 27 28 35 40 42 52 55 65 67 68 77 78 93 94
bowie 27 40 46 69 70
boxes 1 8 10 11 12 13 14 17 21 27 28 30 31 34 37 38 39 40 46 48 50 51 53 55 58 60 67 68 70 71 72 73 75 76 77 78 79 80 81 84 85 86 93 94
boxer 12 14 21 22 34 48 80
boxed 3 6 10 12 14 21 46 55 58 68 69 70 71 82
boyne 55
boyos 42
boylo 55
boyle 45 55 83
bybel 91
byass 97
bydis 50
bycau 53
bygge 53
bygne 53
bying 91
bhaer 94
byrne 20 55 57
byrdu 20
byres 33
byron 12 27 46 51 55 79 90 92
bytes 63
bheag 55
b’low 71
byway 46 76
b’god 13
biaro 53
bible 4 6 9 10 12 13 18 21 23 27 28 32 37 39 40 41 45 49 50 51 54 55 56 57 60 65 66 68 69 70 71 72 77 78 81 83 85 88 89 91 92 94 98 99
bibel 91
bibat 49
biddy 14 19 55 58
bided 20 94
bidet 44
bin’s 39
biche 55
biers 49
bient 10
brazi 53
brazo 53
bravo 6 12 13 27 37 38 39 41 42 44 55 76 77 79
brave 3 4 6 7 9 10 12 14 15 17 18 20 21 22 26 27 28 29 32 33 34 36 37 39 40 41 42 44 46 48 49 51 55 60 61 65 66 67 68 69 70 71 72 73 74 76 77 78 79 80 82 83 85 89 90 92 93 94 96 98
bravi 79
brawn 40 44 49 51 55 65 93
brawl 12 13 23 49 52 55 77
braza 53
braze 53
brays 77
brayn 45
brast 9
brass 3 5 6 8 9 10 12 13 14 18 20 21 22 23 26 28 29 30 31 34 38 39 40 41 42 44 46 47 49 50 52 53 55 60 65 67 68 69 70 71 72 73 77 78 80 81 83 84 92 98
brash 70
brats 4 10 12 13 17 40 55 68 82
brava 79
bigas 49
brans 68
branl 12
brand 1 6 10 12 13 18 20 22 27 32 33 34 39 40 41 44 45 49 50 51 55 56 65 66 67 69 74 75 77 79 81 84 85 90
bigre 12
brake 9 10 20 45 49 52 55 65 67 68 74 86 90 91 94
braly 83
bigly 9
brags 12 40 49 56
bragh 55
brahm 33
brain 1 3 4 5 6 8 9 10 11 12 13 14 16 17 18 21 23 24 26 27 28 29 30 31 34 37 39 40 41 42 43 45 46 47 48 49 50 55 57 60 61 65 67 68 69 70 71 72 73 74 76 77 78 79 82 84 85 88 89 90 94 95
brail 79
bigot 12 15 40 44 66 89
braid 1 12 17 18 27 53 56 61 71 78 94
bight 20 69 94
brack 12 40 55 63
brace 5 6 10 13 14 16 21 27 29 39 40 41 46 49 53 55 60 63 65 67 69 70 72 79
brach 72
braci 53
braes 71
brady 55 81
bijou 14 21 55 94
bill. 6 71
bille 20
bilks 55
billy 6 13 33 42 55 56 58 69 85 92 98
bills 4 11 12 13 14 15 18 20 21 23 27 28 38 42 43 45 49 50 55 60 66 70 71 73 75 78 79 83 93 94 98
bilge 6 10 70
bilis 53
bilin 70 94
bilde 63
biler 70
biles 45
biled 14 71
breff 70
bream 28 49 55 77
breas 70
breca 20
breen 55
breed 2 14 19 22 23 27 28 30 33 39 40 41 43 45 46 47 48 49 51 55 57 60 65 67 68 69 70 71 72 73 76 77 78 79 80 83 85 91 97
bread 3 4 5 6 8 9 10 12 13 14 15 16 17 18 21 22 23 26 27 28 29 30 32 33 34 35 37 38 39 40 41 42 43 44 45 46 48 49 50 51 52 53 55 56 57 59 60 61 62 64 65 66 68 69 70 71 72 73 74 75 76 77 78 79 80 81 82 83 84 85 88 89 90 91 92 94 95 97 98 99 100
break 3 4 5 6 7 8 9 10 11 12 13 14 15 16 17 18 19 20 21 22 23 24 25 26 27 28 29 30 31 32 33 34 36 37 38 39 40 41 42 43 44 45 46 47 48 49 50 51 53 54 55 56 57 59 60 61 63 64 65 67 68 69 70 71 72 73 74 75 76 77 78 79 80 81 82 83 84 85 86 88 89 90 92 93 94 97 98 99 100
brevi 49 55
breve 62 77
bilat 53
brest 12 45 91
bress 4 40
breth 91
breta 53
breul 12
brent 4
binom 63
binos 49
biogr 53
binds 7 12 38 41 45 49 55 64 65 71 77 78 80 89 92 95 97 98
bring 1 2 3 4 5 6 7 8 9 10 11 12 13 14 15 16 17 18 19 20 21 22 23 25 26 27 28 29 30 31 32 33 34 35 36 37 38 39 40 41 42 43 44 45 46 47 48 49 50 51 53 54 55 56 57 58 59 60 61 62 63 64 65 66 67 68 69 70 71 72 73 74 75 76 77 78 79 80 81 82 83 84 85 86 88 89 90 91 92 93 94 95 96 97 98 99 100
brine 4 8 10 22 40 44 55 77 81 94
brink 4 10 11 12 13 14 15 20 23 29 31 34 38 39 41 49 55 56 57 65 68 71 72 74 76 77 78 79 80 84 90 97
brini 55
briny 49 55 65 81 94
brill 55
brile 71
brims 5 12 21 55 61 65 85
brier 68
brige 63 91
brigt 83
brigs 32 40 78
bribe 4 6 11 12 13 30 39 41 45 48 49 65 71 73 77 78 79 80 88 94 98
briar 10 21 38 55 58 71
brian 9 12 55 83
bride 4 9 10 11 12 13 14 16 20 21 22 23 34 36 37 38 40 41 44 45 46 49 51 55 56 61 65 66 68 71 72 74 76 77 78 79 80 81 84 85 88 90 94 100
brick 5 8 12 13 14 16 18 21 27 28 31 32 33 34 37 39 40 41 42 43 49 51 53 55 57 61 66 67 68 69 70 71 76 77 78 79 81 83 84 85 93 94 95 98
brief 1 4 5 6 9 10 12 13 14 16 18 19 20 21 23 26 27 29 30 32 34 37 39 40 41 42 44 46 47 48 49 51 52 53 54 55 56 57 59 63 64 65 66 68 71 72 73 75 76 77 78 79 80 82 84 85 92 93 94 95
biped 12 28 82
brisk 5 6 10 12 14 16 21 27 39 40 42 49 52 55 56 57 61 65 66 67 68 70 71 72 76 77 78 81 85 93 94
brito 53
brith 55
birth 1 4 7 8 9 10 11 12 13 14 15 16 17 18 19 20 22 23 24 26 27 28 32 33 35 36 37 38 39 40 41 42 44 45 46 49 51 53 54 55 64 65 67 68 70 71 72 73 74 75 76 77 78 79 80 81 82 83 84 85 87 88 89 90 92 94 96 97 100
biron 49 74 90
bison 27 28 40 48 55
bisca 12
biqui 53
bird. 38
birch 14 24 28 30 39 40 41 44 46 47 49 52 56 78 83 84 85
birds 3 4 5 6 8 9 10 11 12 13 14 17 18 21 22 23 24 26 27 28 29 30 32 33 34 35 37 38 39 40 41 42 45 46 47 48 49 51 52 53 55 56 57 58 60 61 62 64 65 67 68 69 70 71 72 73 74 76 77 78 79 80 81 82 84 85 88 90 92 93 94 96 97 99 100
birdy 55
bad’s 76
bag’s 40
bitts 40 70
broil 26 49 65 99
broke 1 3 4 5 6 7 8 9 10 11 12 13 14 16 17 18 19 20 21 22 23 24 26 27 28 29 30 31 32 33 34 35 37 38 39 40 41 42 43 44 46 47 48 49 50 51 52 54 55 56 57 59 60 61 65 66 67 68 69 70 71 72 73 74 75 76 77 78 79 80 81 82 83 84 85 88 89 90 91 93 94 97 100
broad 1 4 5 6 8 9 10 11 12 13 14 16 17 18 19 20 21 22 26 27 28 29 30 31 32 33 34 36 37 38 39 40 41 42 43 44 45 46 47 48 49 50 51 52 53 54 55 56 57 58 59 60 61 65 67 68 69 70 71 72 73 74 76 77 78 79 81 83 84 85 88 89 90 92 93 94 98 100
brocs 12
brock 60
brodo 53
bitis 53
bitin 40
bite. 38
bitch 12 19 22 39 53 55 62 67 72 77 82
biter 72
bites 12 14 26 30 33 38 40 49 50 55 56 58 61 65 68 70 71 73 75 77 79 92
brove 91
brows 4 5 6 9 10 12 13 14 18 21 23 24 27 28 34 37 39 40 41 42 43 46 47 48 49 52 55 56 57 65 66 68 71 72 73 74 76 77 78 79 81 84 88 90 94 98
browt 5
brown 1 3 4 5 6 8 9 10 11 12 13 14 18 19 21 23 26 27 28 29 30 31 33 34 35 37 38 39 40 41 42 43 44 46 47 48 49 50 51 52 53 54 55 56 57 58 59 61 65 66 67 68 69 70 71 72 73 76 77 78 79 81 82 83 84 85 87 92 93 94 95 100
brose 9
broth 9 12 13 14 16 27 29 38 49 55 60 66 68 71 73 78 79 99
brous 91
bronn 39
brook 10 12 20 24 26 27 28 32 38 39 40 45 46 49 51 52 55 56 58 60 61 64 65 66 69 73 74 77 78 84 85 90 99
brool 46
broom 5 6 12 13 14 18 28 37 38 39 40 41 48 59 66 69 71 73 77 78 83 85 94
brood 5 10 12 13 14 18 19 22 23 26 28 33 37 38 39 40 41 42 49 51 55 67 71 72 73 76 77 79 85 93 94 97
bront 10 72
baaaa 55
babui 53
babuy 53
baboo 71
baboy 53
bruce 4 51
babie 77
ban’s 9
bruys 12
brush 3 4 5 6 10 12 13 14 17 18 19 21 23 24 27 28 29 33 36 37 38 39 40 41 42 44 46 47 49 51 53 55 57 62 65 66 67 69 70 71 72 73 77 78 79 82 84 92 94 99
brute 4 5 8 12 14 15 17 18 21 22 23 26 27 28 31 32 33 37 38 39 40 41 43 45 46 48 49 50 51 54 55 60 67 68 70 71 72 73 74 76 77 78 79 80 81 82 83 84 88 90 94 97 99
baccy 6 55
bacca 46 72
bruto 53
brung 70
brune 12 18
brunt 16 22 39 40 42 52 98
bruno 23 27
bruit 45
bruin 39 55
baasa 82
bizet 92
babby 6 46 55 71 78
babe. 12
babet 12
babes 2 4 12 13 17 18 24 27 32 33 40 41 44 55 65 68 71 74 77 85 88 90 98
babey 91
babel 1 10 12 30 40 41 45 49 63 71 76 78 92 94
babay 53
babae 53
badly 4 6 7 10 12 13 14 16 17 20 21 22 23 26 27 30 31 32 33 34 35 37 38 39 40 41 42 43 44 46 47 49 50 53 55 56 57 59 61 68 69 70 71 72 75 77 78 79 80 82 86 92 93 94 100
bacon 2 5 6 7 12 13 14 27 28 30 38 42 46 49 51 52 53 55 66 68 69 70 71 77 78 79 80 82 85 92 94 98
bacot 12
bruza 53
back. 14 38 71 77 79
backe 98
backs 2 3 4 5 6 9 10 12 13 14 15 17 18 22 23 26 28 30 31 32 33 34 37 38 39 40 41 44 45 46 47 48 49 50 51 52 53 55 59 60 61 64 65 66 67 68 69 70 73 74 76 77 78 79 80 81 82 85 88 90 93 94 98 99
badge 9 10 13 14 15 21 27 28 31 39 40 42 55 68 71 77 79 85 88 89 94
baden 39 40 49 83 94
bagno 49 53
bagov 39
bagha 53
bar’l 69
baggy 21 46 55 94
baeza 53 77
baiai 53
baird 83
bairn 10 20 72
bat’s 33 85
bahar 53
bagun 66
baken 9
bakes 28 77
baker 12 14 21 28 34 38 40 43 48 49 51 67 68 69 70 71 76 78 79 81 83 93 94 97 100
baked 2 3 4 6 9 10 13 16 26 27 28 29 33 37 38 39 40 41 49 51 53 55 56 60 61 67 78 79 94 99
bakin 5 27
bajau 53
baize 14 39 44 54 60 71 77 78 94
baits 16 21 24 49
balfe 42
balin 9
balay 53
baldi 79
baldo 7
balde 20
bales 6 12 17 27 28 31 33 40 51 77 79 85 94
baldy 12 70
baled 6
balag 39
balai 53
balan 9
balal 39
balas 23
balum 70
balus 53
balut 53
balor 55
baloo 33
ball. 71
balks 33 55 78
balky 94
ballo 53
balls 3 4 6 10 11 12 13 14 16 17 19 21 23 27 28 31 35 36 37 38 39 40 41 42 44 45 49 53 55 56 59 61 63 65 70 73 77 78 79 82 88 90 91 94
bally 40 55
balla 53
balms 23 65
balmy 4 10 40 44 55 65 68 69 74 77 78 79 90 94
baour 12
banjo 55 67
banks 3 6 7 10 11 12 13 14 17 18 21 26 27 28 31 32 33 34 35 37 39 40 41 43 45 46 47 48 49 51 52 54 55 56 57 60 61 65 68 70 71 72 74 76 77 78 79 81 82 84 89 90 91 94 98 100
bangs 16 29 55 66 70 73 94
bank. 71
banio 98
banig 53
band. 79
banba 55
banca 53
bande 20 53
bands 4 5 9 10 12 13 18 20 21 22 24 27 28 30 32 33 39 40 45 46 49 51 55 57 60 61 65 77 78 79 85 86 88
banda 53
bandy 5 12 21 24 38 39 49 55
banag 53
banns 12 14 17 19 67
barba 49 53 77
barbi 23
baras 53
barca 53
barbo 53
barbs 40 55
barda 53
barde 53
bared 5 10 12 17 20 29 31 33 37 39 43 44 46 55 57 65 71 74 76 77 88 90 93 94
bards 22 27 42 51 55 65
bapty 55
bapti 53
basta 55
baste 77
basti 49
basso 40 55 65
bassa 49
basse 12 49 81
bassi 53
basle 49 77
bason 55 65
basil 5 12 23 39 65 77 100
basin 4 6 9 10 12 13 14 16 18 21 22 27 28 34 37 40 41 44 46 48 49 55 61 68 69 71 72 73 76 77 78 79 84 85 93 94
basis 11 15 16 19 21 23 26 28 30 34 37 39 40 41 43 46 47 49 51 55 59 62 63 65 71 75 77 79 80 83 84 86 89 90 92 95 96 97
basic 67 86 92
basia 49
basks 78
bates 10 16 68 73
bathe 6 10 12 13 14 18 27 28 33 35 37 39 40 44 46 47 49 55 60 65 66 73 77 78 79 82 88
batie 82
baths 7 12 22 33 37 39 41 49 55 67 69 70 74 78 79 80 88 90 94
batat 53
batch 12 13 18 27 31 46 55 71 76 78 86 94
bated 6 9 12 13 34 39 44 54 55 69
barry 12 55 56 66
barra 12 53
barre 12
barri 12 79
barts 34
barth 12 39
barus 53
barns 10 12 14 28 39 44 48 49 51 56 60 61
barne 12
baron 1 7 12 27 39 40 45 49 51 55 68 70 78 79 82 89 94
barop 63
barks 12 18 20 28 33 49 55 62 65 71 73 74 79 90
barer 93
bares 55 65
barge 9 12 14 23 30 37 41 50 55 56 60 71 79 81 86
bark. 38 49
basco 53
based 1 2 3 4 5 6 7 8 9 10 11 12 13 14 15 16 17 18 19 20 21 22 23 24 25 26 27 28 29 30 31 32 33 34 35 36 37 38 39 40 41 42 43 44 45 46 47 48 49 50 51 52 53 54 55 56 57 58 59 60 61 63 64 65 66 67 68 69 70 71 72 73 74 75 76 77 78 79 80 81 82 83 84 85 86 87 88 89 90 91 92 93 94 95 96 97 98 99 100
basen 63
bases 7 12 39 53 63 69 71 80 84
baser 12 22 26 37 39 40 41 49 80 89 92
basac 53
basai 53
barye 79
baulk 43 44 49 55 71
baule 53
bavin 49
baton 40 55 70 82
baudi 78
bauen 63
bauce 12
bawls 12 55 78
bawns 55
bawmz 50
bawds 49 73
bawdy 9 13 44 55
bazan 55 77
bazar 66
bayas 53
bayou 18 28
bayle 49 92
bayed 9 27 33 55
bayer 18
black 1 2 4 5 6 8 9 10 11 12 13 14 16 17 18 19 21 22 23 24 26 27 28 29 30 31 32 33 34 35 36 37 38 39 40 41 42 43 44 46 47 48 49 50 51 52 53 54 55 56 57 58 59 60 61 62 63 64 65 66 67 68 69 70 71 72 73 74 75 76 77 78 79 80 81 82 83 84 85 88 90 91 92 93 94 95 98 99 100
blaru 12
blare 55
blast 9 10 12 13 14 19 23 27 28 29 32 33 37 39 40 42 43 46 47 48 49 50 51 52 55 60 65 69 70 71 72 73 74 76 77 79 84 85 86 90 94 99
blase 94
blame 3 4 6 7 9 10 11 12 13 14 16 17 18 19 21 22 23 25 26 27 28 29 33 34 36 37 39 40 41 42 43 44 45 46 48 49 50 51 54 55 56 57 64 65 66 67 68 69 70 71 72 73 74 77 78 79 80 84 86 87 88 89 90 92 93 94
blank 6 10 12 13 14 16 18 19 20 22 23 25 27 29 31 33 34 36 37 39 40 41 42 43 44 46 47 48 49 54 55 56 63 66 68 70 71 72 76 77 78 79 80 83 84 85 87 90 93 94 95
blang 40
bland 6 12 13 21 40 51 54 71 78 89 94
blanc 12 23 37 40 41 44 53 55 69 74 79 90 94
blair 53 56 65 81
blake 24 28 55
blade 5 6 8 9 12 13 14 17 20 22 23 28 29 30 31 33 37 40 41 42 46 48 49 52 53 55 60 61 65 69 70 71 72 73 76 77 78 79 84 85 88 92 94
bchik 39
blaye 12
blaze 6 10 12 14 17 18 20 21 22 27 30 31 33 34 38 39 40 44 46 47 48 55 56 65 68 69 71 72 76 77 78 79 81 85 86 89 93 94
blaue 63
bleed 4 8 9 12 13 26 32 33 37 38 39 40 41 44 46 49 55 61 64 65 69 70 72 77 78 79
bleak 5 10 14 16 21 22 24 28 30 34 40 42 43 55 57 65 67 68 71 72 74 78 84 90 93 94
bleat 5 32 33 79 80 98
blear 22 49 55 77
blebs 46
bleue 12
bleve 14
blest 10 12 20 22 27 46 49 53 65 70 71 76 77 78 80 83 85 88 90 91 93 94 98
bless 1 4 5 6 8 9 10 11 12 13 14 16 19 20 21 22 24 25 26 27 28 29 32 34 36 37 38 39 40 41 43 44 46 49 52 54 55 56 60 61 64 65 66 68 69 70 71 72 74 76 77 78 79 81 82 83 88 90 91 92 93 94 98
blend 10 12 21 39 40 49 55 65 80 92
blent 10 40 94
bucks 12 15 33 39 40 67 70
bucko 55
bliss 9 10 12 13 14 17 18 19 22 26 27 35 37 39 40 41 42 44 49 55 56 57 65 66 69 71 72 74 76 77 78 79 80 81 82 83 84 85 90 92 94 98
blind 4 6 8 10 11 12 13 14 16 18 19 21 22 23 24 26 27 28 29 30 31 32 33 34 35 36 37 38 39 40 41 42 44 45 46 47 48 49 51 52 54 55 56 60 61 64 65 66 67 68 69 70 71 72 73 74 76 77 78 79 80 81 83 84 85 88 89 90 91 92 93 94 95 96 97 98 99 100
blink 10 12 26 29 39 41 67 76 78 80 89
buche 63
blick 63
blige 27
bubby 13 44
bueno 53
buena 28 53 55
blits 77
bucol 49
budge 6 12 17 21 22 30 39 40 41 55 69 70
budgy 55
buddh 55
bugle 20 39 77
bugge 20
buggy 13 18 27 51 56 57 66 94
buffy 78
but’s 69
blond 6 10 12 26 42 51 55 67 79 94
blood 1 4 5 6 7 8 9 10 12 13 14 15 16 17 18 19 20 21 22 23 24 26 27 28 29 30 31 32 33 34 35 36 37 38 39 40 41 42 43 44 45 46 47 48 49 51 52 53 54 55 56 57 60 61 64 65 66 67 68 69 70 71 72 73 74 76 77 78 79 80 81 82 83 84 85 88 90 91 92 93 94 97 98 99 100
blois 9 49
bloke 46 50 55
block 1 4 6 7 10 12 13 14 18 21 26 27 28 32 33 37 39 40 41 43 45 47 50 52 54 55 56 59 60 61 65 66 67 68 69 70 71 72 77 78 81 83 84 85 86 91 93 94
bloat 5
blobs 55
blowy 55
blows 3 4 6 7 8 10 12 13 14 15 20 21 22 23 26 27 28 30 32 33 37 38 39 40 41 43 44 45 46 47 48 49 50 51 52 53 54 55 64 65 67 68 70 71 72 74 76 77 78 79 80 81 82 83 84 86 90 91 92 94 97 100
bloss 63
bloue 91
bloud 45
blow. 38
blots 11 46 47 49 65 71 76 78 82 94
blown 3 5 6 8 9 10 11 12 13 14 16 17 18 19 21 23 24 27 28 29 31 32 33 35 38 39 40 41 42 43 44 45 46 47 48 49 55 56 57 58 59 60 65 67 69 71 72 73 76 77 78 79 80 81 83 84 85 86 91 92 94 98
bloom 5 10 12 13 14 16 19 22 23 27 28 29 38 39 40 43 44 46 55 56 62 64 65 66 68 69 70 71 72 74 75 76 77 78 79 80 84 85 88 90 92 93 94
built 4 5 6 7 8 10 11 12 13 14 15 16 17 18 19 20 21 22 23 24 26 27 28 30 31 32 33 34 35 37 38 39 40 41 42 43 44 45 46 47 48 49 50 51 52 53 54 55 56 57 58 59 60 61 64 65 66 67 68 69 70 71 73 74 76 77 78 79 80 81 82 83 84 85 86 87 88 89 90 92 93 94 95 96 97 98 99 100
build 2 4 5 6 7 8 10 11 12 13 14 15 16 17 18 19 20 21 22 26 27 28 30 31 32 35 37 38 39 41 42 45 46 47 48 49 51 53 54 55 56 60 61 63 64 66 67 70 71 72 73 77 78 79 80 81 83 84 85 89 92 94 95 97 98 100
bumps 12 40 46 55 71 94
bumpy 17 18 56
bulks 40 47 71
bulky 10 12 16 18 20 21 23 39 40 43 46 48 55 65 68 69 71 76 77 84 85 88
bulls 9 12 13 22 30 33 35 40 46 49 53 55 65 73 77 78 80 94
bully 12 13 14 17 22 30 33 39 40 41 50 55 58 66 68 69 70 71 76 77 79 100
bulge 12 21 33 40 55 70
bulgy 26
bulbs 5 14 40 48 55 57 94
bulff 39
bulan 53
buote 56
blush 4 5 7 10 11 12 13 16 18 19 20 21 23 26 28 29 31 34 37 39 40 41 42 44 46 49 55 57 65 66 68 69 71 72 76 77 78 79 80 84 85 88 93 94
buono 49 53
buoni 53
buona 12 53 92
blurb 82
blurt 37 39 41 55 75 77
blurs 21 37
blunt 1 5 6 10 14 16 18 19 21 26 27 28 32 33 34 37 39 41 42 46 48 49 51 55 68 71 73 74 76 77 78 79 88 90 91 92 93 94
buoys 14 28 40
bunks 13 17 39 40 79
bunch 5 6 10 12 13 18 21 23 27 28 31 36 37 39 40 41 42 44 46 50 55 57 58 60 65 66 67 68 69 70 71 76 77 78 79 85 94 100
bunel 49
bluey 55
blues 6 27 28 55 56 67 78 82 96
bluer 10 28 40 71 94
blued 55 94
bluff 6 17 21 30 34 39 40 46 51 52 68 69 70 71 72 76 78
burgh 9 10 15 55
burds 91
buren 51
bures 49
busum 56
bussi 53
busts 6 12 39 40 77 78 85 91 94
busta 98
bussy 65 79 84
butan 53
burrs 28 55 85 94
burst 3 4 5 6 8 9 10 11 12 13 14 16 17 19 20 21 22 26 27 28 29 30 31 32 33 34 35 37 38 39 40 41 42 43 44 46 47 48 49 50 51 52 53 54 55 56 57 58 60 61 65 66 67 68 69 71 72 73 74 76 77 78 79 80 81 82 83 84 85 88 90 93 94 96 99 100
burnt 1 3 6 7 9 10 11 12 14 15 18 19 20 22 23 24 26 27 28 31 32 35 36 37 38 39 40 41 44 45 46 47 48 49 50 55 56 57 60 66 68 69 70 71 72 73 74 76 77 78 79 80 81 82 83 84 88 89 90 92 93 94 98 99
burns 10 12 20 23 27 36 38 39 40 41 42 48 49 50 55 56 64 65 66 67 71 74 77 78 79 85 86 90 92 94
burke 12 40 42 51 55 71 80
burly 4 5 6 13 14 21 27 40 42 46 48 49 52 55 66 68 71 78
burne 50 53
busie 45
bushy 5 10 12 14 21 23 28 33 38 39 40 42 43 44 46 55 59 60 65 69 78 94
busks 40
bused 27
buses 5 17 48 77
blyme 46
bush. 38
bushe 55
busby 55
butts 12 14 39 40 49 55 71 81
butty 55
buxom 10 14 37 41 52 55 56 65 77 94
