bettah 39
betted 14 39 71
better 1 2 3 4 5 6 7 8 9 10 11 12 13 14 15 16 17 18 19 20 21 22 23 25 26 27 28 29 30 31 32 33 34 35 36 37 38 39 40 41 42 43 44 45 46 47 48 49 50 51 52 53 54 55 56 57 58 59 60 61 62 63 64 65 66 67 68 69 70 71 72 73 74 75 76 77 78 79 80 81 82 83 84 85 87 88 89 90 91 92 93 94 95 97 98 99 100
baltic 39 40
became 1 3 4 5 6 7 8 9 10 11 12 13 14 15 16 17 18 19 20 21 22 23 24 26 27 28 29 30 31 32 33 34 35 37 38 39 40 41 42 43 44 45 46 47 48 49 50 51 52 53 54 55 56 57 58 59 60 61 63 65 66 67 68 69 71 72 73 74 76 77 78 79 80 81 82 83 84 85 87 88 89 90 91 92 93 94 95 96 97 100
becalm 83
baltus 52
borron 9
balsam 4 26 41 53 56 77 78 82
borrow 4 9 11 12 13 14 16 19 21 26 27 28 36 37 39 40 41 45 49 55 56 66 70 71 73 76 77 78 79 80 83 85 88 92 94
borris 55
betsey 32 71 94
bibels 91
betray 4 8 9 10 11 12 13 14 15 16 17 19 21 22 24 26 27 28 29 31 32 33 34 37 38 39 41 42 43 44 45 46 49 56 60 65 68 69 70 71 72 73 74 76 77 78 79 80 82 85 90 92 94 97
baulks 40 43
bibere 12
bibles 6 12 14 28 32 40 45 50 55 60 69 72 81 83
betwix 97
becche 55
baluti 53
ballet 12 27 39 41 46 79 84
ballad 6 9 10 12 20 42 55 56 65 68 71 72 76 77 78 83 84 85 91 94
bygone 10 12 18 26 33 43 46 55 69 71 77 78 84 85 93
balked 10 28 55 85
baliol 98
baucis 12
baling 40
betime 99
bisons 34 40
balius 65
betide 9 32 33 55 77 79
boring 13 22 23 34 37 62 69 75 79 84
betise 92
bories 12
bauble 17 46 49 55 74 78 84 90
bethel 4 45 51 55
bacon. 38
balias 49
baloup 12
betook 7 9 10 12 14 20 27 38 39 44 54 56 68 69 71 72 74 76 77 78 85 88 90
betost 20
borney 53
borneo 40 53 55
bibber 88
bibbel 91
boitie 49
baloti 53
baloto 53
boishe 9
byplay 94
bister 68
boissy 12
ballot 12 13 15 51 73
balmed 9 40
balmly 10
bid’th 26
bellew 55
belles 12 28 53 56 77 79 94
belled 12 33 40
bellay 49
brekky 55
bellis 49
bellux 49
bellum 12 27 28 49
bellow 30 33 38 46 55 65 70 77 79 85
badly. 71
board. 22
boards 4 6 9 10 12 13 14 17 20 21 27 28 34 39 40 43 46 47 51 53 55 56 57 60 61 65 68 69 70 71 72 73 76 77 78 79 83 84 86 89 94
belly. 77
beueno 53
beuere 53
beueua 53
bloise 9
boscan 77
breite 20
become 1 2 3 4 5 6 7 8 9 10 11 12 13 14 15 16 17 18 19 20 21 22 23 24 26 27 28 29 30 31 32 33 34 35 36 37 38 39 40 41 42 43 44 45 46 47 48 49 50 51 53 54 55 56 57 58 59 60 61 62 63 64 65 66 67 68 69 70 71 72 73 74 75 76 77 78 79 80 81 82 83 84 85 86 88 89 90 92 93 94 95 96 97 98 100
believ 81 83
belies 12 28
belief 1 5 6 7 9 10 11 12 13 14 16 17 18 19 21 22 23 26 27 28 30 31 32 37 39 40 41 42 43 45 46 47 48 49 50 51 53 54 55 56 60 63 64 65 66 67 68 69 71 72 73 74 76 77 78 79 80 81 82 83 84 85 88 89 90 92 93 94 95 96
belied 10 12 46 55 65 72 79 84 94
belial 40 55 81
bitiis 53
becose 91
biting 6 7 9 11 12 13 14 17 18 20 23 26 28 30 31 33 35 37 39 40 41 45 46 49 50 54 55 61 66 68 70 71 72 73 76 78 79 82 88 93 94
belike 40 55 98
bibunt 49
bloias 9
burn’d 65
blood. 14 38 71
brenta 82
bloodz 55
bloods 6 28 68
bloody 6 7 9 10 12 13 14 15 20 21 22 26 27 28 30 32 35 38 39 40 41 42 43 44 46 47 48 49 50 55 60 65 66 67 68 69 71 72 73 74 76 77 79 81 82 83 85 88 90 91 92 98 99
belong 3 4 5 7 8 9 10 11 12 13 14 15 16 18 20 22 23 26 27 28 30 31 32 33 35 37 38 39 40 41 42 43 44 45 46 49 50 51 53 55 56 60 61 63 64 65 66 67 68 69 70 71 73 74 76 77 78 79 80 81 82 83 85 88 89 90 92 94 95 96 97 98 100
bitoon 53
burble 9
blooms 23 51 55 56 67 80 94 100
boater 55
boates 53
blonde 12 17 18 21 39 41 56 94
boss’s 13 59
boats. 71
buzzes 13 51
buzzed 23 31 35 37 38 39 46 51 55 66 76 88
bremen 39 40 60 82 84
bremer 94
boasts 4 12 16 20 33 40 49 55 58 65 68 79 97
blomet 12
blocks 4 6 7 12 13 18 27 28 33 40 42 45 47 50 51 61 66 67 69 77 78 79
badder 26
boat’s 6 14 17 22 29 40 55 60 69
breath 1 3 4 5 6 8 9 10 11 12 13 14 16 17 18 19 20 21 22 23 24 26 27 28 29 30 31 32 33 34 35 36 37 38 39 40 41 42 43 44 45 46 47 48 49 50 51 52 54 55 56 57 58 59 60 61 64 65 66 67 68 69 70 71 72 73 74 76 77 78 79 80 81 82 83 84 85 88 90 91 92 93 94 98 99 100
breast 1 2 4 5 6 8 9 10 11 12 13 14 16 17 18 19 20 21 22 23 24 26 27 28 29 30 31 32 33 34 35 37 38 39 40 41 42 43 44 45 46 48 49 51 53 54 55 56 57 59 60 61 64 65 66 67 68 69 70 71 72 73 74 76 77 78 79 80 81 84 85 88 90 92 93 94 97 98 100
brebis 49
boar’s 14 22 55 65 79
breams 28
borzoi 39
becher 21
breaks 1 5 10 12 13 15 16 17 21 22 23 26 27 28 30 34 36 37 39 40 41 42 44 45 49 50 52 53 55 56 63 64 65 69 70 71 72 73 77 78 79 80 83 84 86 89 92 94 96 97
breake 45 98
bread. 12 38
breads 78
breade 53
breach 1 2 3 4 5 6 7 8 9 10 11 12 13 14 15 16 17 18 19 20 21 22 23 24 25 26 27 28 29 30 31 32 33 34 35 36 37 38 39 40 41 42 43 44 45 46 47 48 49 50 51 52 53 54 55 56 57 58 59 60 61 63 64 65 66 67 68 69 70 71 72 73 74 75 76 77 78 79 80 81 82 83 84 85 86 87 88 89 90 91 92 93 94 95 96 97 98 99 100
balzac 12 21 49 51 84 92 94
bell’s 17 42 50 56
bamboo 12 18 23 27 33 35 40 53 55 66 68 73 78 79
belfry 10 12 28 37 39 40 42 55 77 79
breezy 10 22 40 55 65 66 69 78 93 94
breeze 3 4 5 6 10 12 13 17 18 20 22 26 27 28 30 31 32 39 40 42 46 47 48 51 52 53 55 56 57 60 61 65 66 67 70 71 72 74 77 78 79 80 84 85 90 94
badged 68
badger 14 33 40 55 68 78
badges 4 42 45 48 55 66 73 77 79 84 94
belgic 66
bites. 71
breedy 55
biteth 26 27
bitest 26
beleuv 91
breead 72
breeds 7 12 22 40 45 55 65 77 78 80 100
breech 9 12 33 39 49 55 73
bojean 12
burd’s 7
breeks 55
becker 67
becket 40
blodey 91
bredth 45 53
beleft 9
beleef 45
beckon 10 30 31 37 42 61
brujas 53
bruise 12 14 21 23 29 30 33 37 40 41 48 55 68 77 78 86
brujon 12
bative 12
bathos 10 72 77
brugui 12
bating 55 77 97
babtis 70
bathed 1 9 10 12 13 17 18 19 22 23 28 30 34 37 38 39 40 41 43 44 46 49 51 53 57 61 65 66 68 71 72 73 74 76 77 79 81 82 84 85 88 90 92 94
bather 28
bathes 7 20 49 65 77
births 12 35 39 45 49 55 73 77 80 81 83 87 88 97
brunet 49
brunes 49
brunei 53
brunai 53
brunos 92
brunny 55
bleach 28 34 51
bested 9
brumby 33
bester 55
brumal 30 49
bestia 49 55
biagio 22
bleats 26 55
bleary 77
bestir 22 27 38 40 49 55 72 77
bestow 4 10 11 12 14 16 19 26 28 32 38 39 40 45 46 49 55 56 60 61 65 66 68 71 72 73 74 76 77 78 79 80 82 83 84 85 88 89 90 92 93 97 99
buyeth 26 45
buyers 13 26 38 42 45 68 80 81 83 88 89
besser 63
batman 39
brulow 18
bessus 49
bessie 10 42 44 56 70
beatus 49
beatum 49
beatty 83
birnam 70
bugged 70
bugger 44 55
beauff 12
bughax 53
bo’sun 17
beauch 39
baboon 21 34 40 71
beasts 3 7 8 9 10 12 13 14 17 19 20 21 22 23 24 26 27 28 30 32 33 34 38 39 40 41 45 46 47 48 49 51 53 55 60 61 66 68 71 72 73 74 76 77 78 79 80 81 83 84 85 88 90 91 92 94 97 98 99
beast. 84
birmah 40
baby’s 4 13 14 18 19 27 33 39 40 41 56 66 71 73 85
beater 13 23 33 60
beaten 4 5 6 7 9 10 12 13 14 15 17 18 20 21 22 23 28 30 31 32 33 34 37 38 39 40 41 43 44 45 46 47 49 50 51 53 55 56 60 61 65 66 67 68 69 71 72 73 74 76 77 78 79 80 81 82 83 84 85 88 90 91 93 94 98 99
batave 12
batate 53
beaths 91
beseek 9
beseem 9 14
beseen 9
bakers 15 21 39 40 45 76 93
bakery 55 62 66
beard. 38
besets 84 88
bearer 6 12 13 14 16 20 22 26 27 32 34 38 39 40 46 49 54 55 58 63 64 65 68 71 76 77 78 79 80 81 82 88
beards 9 12 13 33 39 40 41 49 55 59 61 70 73 77 81 82 85 98
babler 91
babley 71
babson 91
bugler 39
bugles 55 77
bateli 12 53
batelo 53
bateia 65
bugine 28
beauty 1 4 5 8 9 10 11 12 13 14 16 17 18 19 21 22 23 24 26 27 28 29 32 33 34 36 37 38 39 40 41 42 43 44 45 46 47 48 49 50 51 52 55 56 57 58 61 64 65 66 67 68 69 70 71 72 73 74 75 76 77 78 79 80 81 82 84 85 88 89 90 92 94 98 100
baking 5 6 9 10 14 16 18 27 28 37 38 39 53 55 56 60 66 67 69 71 72 78 80 93 99
beauti 3
beside 1 4 5 6 8 9 10 11 12 13 14 17 18 20 21 22 23 24 26 27 28 29 30 31 32 33 34 36 37 38 39 40 41 42 43 44 45 46 47 48 49 50 51 52 53 54 55 56 57 58 59 61 62 63 65 66 67 68 71 72 73 74 76 77 78 79 80 81 82 83 84 85 88 90 91 92 93 94 100
best’s 55
brucea 79
beaver 9 10 12 14 27 30 39 40 55 67 68 70 71 72 77 90 91 99
bishup 91
bijoux 44
balcom 28
bisigu 20
bruzau 53
bygger 53
borand 12
borach 73
balboa 66
bishop 4 6 9 12 13 19 23 27 39 40 41 45 49 50 51 53 55 65 66 68 71 75 77 78 80 81 83 84 88 91 93 95 97 98
blends 10 18 41 89
balbus 49 50
bisher 63
biases 34 49
biased 19 40 41 53
ball’s 55
betake 10 12 20 40 44 49 65 68 77 78 85 88
balanc 83
balala 37
balaua 53
balash 39
balare 53
borgia 7 23 42 49 79 92
bisley 55
boiled 2 4 10 12 13 14 16 17 19 20 26 27 28 32 33 35 37 38 39 41 49 54 55 56 60 66 67 68 69 71 72 73 76 77 78 79 80 81 82 88 93 94 97 99 100
boiler 12 13 31 39 40 42 46 55 69 71 78 83 86 94
baleen 40
bisket 83
balene 53
balena 40
border 5 9 10 12 14 18 21 27 28 31 32 34 39 40 42 43 45 48 49 51 52 53 55 56 65 66 67 70 72 73 77 78 79 80 85 92
bordel 55
borean 40
boreal 65
boreae 49
boreas 49 65 85
balder 54
baldus 49
backed 5 6 8 10 11 12 14 17 18 21 22 23 27 29 30 33 34 37 38 39 40 44 46 50 51 55 57 58 65 67 68 69 70 71 72 76 77 78 79 84 85 89 94 97
backer 9 14 71
batson 83
batten 6 22 40 46 55 84
batter 12 26 27 29 42 49 55 71 73 78
battel 45
battas 53
bleeds 1 3 12 22 28 40 41 55 65 68 69 72 92
back’s 27 39 40
bleeve 69
buying 2 4 7 10 11 13 14 19 21 23 27 28 32 35 37 39 41 42 45 46 49 50 51 55 56 57 60 64 66 69 70 71 73 77 78 79 80 81 83 89 94 96
bleise 9
brutus 12 49 55 56 73 76 79
batuta 53
batuto 53
bleibt 63
biscay 46 49 60 77
bacche 12
bebius 49
boil’d 65
bekase 70
brusts 72
battle 4 5 6 7 8 9 10 12 13 14 15 16 17 20 21 22 23 26 27 28 29 30 32 33 34 37 38 39 40 41 42 43 45 46 47 48 49 51 52 53 55 56 58 60 61 65 66 68 69 70 71 72 73 77 78 79 80 81 82 83 85 88 89 92 94 95 96 97
battue 12
battre 39
brushy 28 33
brutes 6 12 15 27 28 30 31 32 37 39 40 41 44 45 46 47 48 49 55 60 61 73 78 79 80 81 97
brutal 4 7 12 13 14 16 17 23 26 27 28 30 31 37 39 40 41 42 43 48 49 50 51 55 60 65 68 71 72 73 78 79 80 81 82 85 92 94 96 97
bianqi 53
bianca 7 10 53 79
bisaya 53
benady 55
benaoa 53
botzen 49
banzai 55 66
browns 46 56 92
browne 40 42 55 98
browes 98
browed 18 22 27 33 39 40 41 68 69 72 85 93
banyan 35
browse 12 30 80
baffaw 83
baffle 10 14 20 22 31 40 46
bolder 6 7 10 12 14 17 19 20 22 26 28 37 38 39 40 41 44 46 49 51 60 68 69 77 78 80 85 94 95
bendis 80
boldly 3 4 5 7 9 10 11 12 13 14 17 18 19 20 22 28 29 30 33 34 37 38 39 40 41 42 44 45 46 47 48 49 51 55 56 60 61 65 66 68 69 71 72 73 76 78 79 80 81 84 85 88 92 93 94 97 98
blhiop 73
benche 53
beeing 45
bubble 9 12 13 17 23 26 28 40 49 52 55 56 68 78 84 85 91 99
bubbly 13 48 55
bender 34 79
bended 20 28 39 40 42 56 65 68 79
buster 14 27 55
busted 13 14 68 69 70
bochas 9
benben 55
benbow 6
bolbol 53
bustle 6 10 11 14 16 19 27 28 34 35 37 38 39 40 41 42 49 51 52 55 67 68 71 74 77 78 79 81 85 88 90 93 94
bustin 14
banquo 79 94
bawled 3 37 38 40 41 42 48 55 68 76
bawler 55 88 92
bidden 6 10 12 20 22 38 39 40 41 45 46 49 54 55 56 65 76 78 79 80 84 88 94
bidder 55 70
biddey 91
busily 3 5 10 11 12 14 18 19 22 27 34 37 38 39 40 41 44 48 49 50 52 55 65 66 68 71 74 76 77 78 79 83 90 94
biddel 73
busied 4 10 12 13 18 22 27 39 41 44 48 49 53 60 65 68 74 81 84 88 90 91 94
busies 10 12 36 49 78 84
busier 5 10 21 51 71 74 90
brophy 55
byron5 79
byrons 55
bronzy 56
bronze 10 12 18 22 23 28 31 37 39 40 41 42 43 47 53 55 56 57 66 76 77 78 79 94
bushel 12 13 14 16 28 32 33 40 49 51 55 69 71 77 78 80 88 94 99
bushes 4 5 6 8 10 12 14 21 22 25 26 27 28 31 33 34 35 37 38 39 41 42 43 44 47 48 51 52 53 56 57 58 60 61 66 67 68 69 70 71 72 74 77 78 79 81 82 83 85 90 94 98 99
bushey 48
brooks 12 26 28 40 52 56 61 71 72 73 77 81 88
brooke 94
brooms 8 12 30 32 55 78 83 94
broomy 71
brook. 39
broods 12 23 27 40 41 51 55 79
brooch 5 10 14 21 22 37 38 41 42 55 56 71 78 85 93 94
brood. 38
brooad 72
bannon 55
bronda 20
biding 9 20 37 76 77
busoni 79
brouse 91
bottle 1 3 5 6 10 11 12 13 14 17 18 21 23 27 28 31 33 34 37 38 39 40 41 42 43 44 46 48 49 54 55 56 57 59 60 61 62 66 67 68 69 70 71 72 75 76 77 78 79 82 83 84 93 94 98
blythe 38 56
bottom 1 3 4 5 6 8 9 10 11 12 13 14 16 17 18 19 20 21 22 25 26 27 28 29 30 31 33 34 35 36 37 38 39 40 41 42 43 44 45 46 47 48 49 51 52 53 54 55 56 57 58 59 60 61 62 64 65 66 67 68 69 70 71 72 73 74 76 77 78 79 80 81 82 83 84 85 86 88 90 92 93 94
broths 12 49 82
banter 18 27 35 37 39 57 68 80 84 88
bantam 40 42 55
brosse 41
bantry 55
bewley 55
boloto 53
butcon 53
bewick 10
benome 9
benoir 27
beeves 55 65 73
butiro 53
benumb 49
bounty 4 9 10 11 18 20 22 37 39 45 49 51 55 64 65 74 77 81 85 90 92 97 99
benton 51 69 81
bently 81
bolted 5 6 9 10 12 13 14 21 22 23 28 30 32 37 38 39 40 41 44 46 48 49 50 52 55 58 59 68 70 71 77 78 79 92 94
bryght 53
bolton 51 75
bolts. 72
bounce 6 14 27 28 34 40 50 55 56 67 69 70 73 94
bounds 7 9 10 11 12 13 14 16 20 21 26 27 28 31 33 37 39 40 41 43 44 45 46 49 51 54 55 56 60 64 65 66 68 71 72 73 74 77 78 79 80 81 84 88 89 90 93 94 95 96 97
bolter 68 78
bound. 24
bouloy 12
benson 44 81
bouloi 12
bouche 12 44
benito 53 82
bocone 53
bocock 81
benign 10 31 46 49 55 72 77 81 84 85
beware 1 4 9 10 12 20 22 23 26 28 37 38 39 40 41 45 46 49 55 65 66 70 72 74 76 77 78 79 80 83 85 88 89 90 92 93 94 97
bewail 22 38 39 55 64 65 68 72 77 79 88
bengan 83
bengal 21 40 79 100
bougon 12
bought 1 4 5 6 9 10 11 12 13 14 16 17 18 20 21 22 23 27 28 30 32 33 36 37 38 39 40 41 42 43 44 45 46 48 49 50 51 53 54 55 56 57 60 61 65 66 67 68 69 70 71 72 73 74 75 77 78 79 80 81 82 83 84 85 88 89 90 93 94 95 99
boughs 1 4 5 6 9 10 12 22 23 28 30 31 33 38 40 46 55 56 57 58 60 65 68 69 71 77 79 85 88 93 99
bennet 11 81
beetle 5 12 23 24 31 35 37 41 46 52 55 59 61 69 78 79 85
bocton 53
bryant 27 65 84 94
bouffe 82
bocque 53
bewept 12 55
boudin 55
beweis 63
bildad 40 51
bildes 63
bilder 46 63
bildet 63
bilden 63
bedeck 77
bedeau 79
burnt. 38 41
buroni 53
bedded 14 21 22 28 40 55 57 69
boston 4 12 13 15 20 27 28 32 39 40 51 53 56 67 70 79 83 85 91 99
bichot 12
bobase 53
biches 12
bilbao 53
bobbob 55
burnie 20
burnin 34
bavoux 12
burney 94
bobbed 17 40 55 67 94
burned 1 4 5 6 8 9 10 12 13 14 17 18 20 21 22 23 24 27 28 29 30 31 32 33 34 35 39 40 41 42 43 44 46 47 48 49 51 53 54 55 56 57 58 60 61 64 65 66 69 71 72 74 76 77 78 79 80 81 83 84 85 88 90 94 98
burneo 53
burnet 83
bilbos 55
bill’s 3 6 14 68
bossed 13 55
bosses 13 20 47 55 60 65 73 78 88
burmah 27
bicols 53
burton 30 40 53 55 70 73 81 83
burtot 12
bilges 86
bursts 1 5 12 16 19 20 26 27 28 33 39 41 46 50 51 55 56 57 65 67 68 69 71 72 77 78 79 84
burrow 5 12 26 28 33 43 48 49 85
burgon 12
burgos 53 77
blotch 33 39 46 55 93
burgen 46
burger 46
beluga 67
breton 12 49 53 81
belted 39 40 56 67 70
brests 7
bitten 4 5 6 12 20 21 23 26 30 32 33 35 37 39 41 42 43 45 46 48 49 55 61 71 72 77 78 79 85 94
bitter 3 4 5 6 10 11 12 13 14 16 17 18 19 20 21 22 23 26 27 28 30 31 32 33 34 35 36 37 38 39 40 41 42 43 44 46 47 49 50 51 53 54 55 56 57 58 59 60 64 65 67 68 69 70 71 72 74 75 76 77 78 79 80 81 83 84 85 88 89 90 92 93 94 96 99 100
bitted 55
blosse 63
bureau 13 18 21 25 27 37 39 41 51 56 66 67 69 70 71 78 94
builds 7 20 24 28 37 48 49 60 73 80 83 97
burden 2 4 5 7 8 10 12 13 14 18 20 21 22 23 25 26 27 28 29 32 34 35 37 38 39 40 41 42 43 44 45 46 48 49 50 51 52 55 56 57 60 64 65 66 67 68 69 71 72 74 76 77 78 79 80 81 82 83 84 85 88 90 92 94 96 97 98 99
beulah 10
burdon 23 46
brewed 6 14 18 40 41
brewel 9
brewer 13 14 21 67
blowsy 11 12
blowin 46
blowne 98
bloxam 46
beurla 55
burkes 40 51
bosque 77
blowzy 94
biceps 12 42 55
bwicks 39
brevis 49
brevia 49
brevet 12 40 79
brevem 49
breves 49
blowes 45
blowed 24 46 68 69 70 76 78
blower 78 94
blount 79
bavins 49
blouds 45
buried 1 4 5 6 7 8 9 10 12 13 14 16 17 18 20 21 22 23 26 27 28 29 30 31 32 33 34 36 37 38 39 40 41 42 43 44 45 46 48 49 51 52 53 54 55 56 57 60 65 66 68 69 70 71 72 73 74 75 76 77 78 79 80 81 82 83 84 85 88 89 90 92 93 94 98 99 100
buries 12 28 36 40 53 55 65 72 78 81
burial 4 12 20 22 32 34 37 40 41 46 48 49 51 53 55 65 68 71 72 76 77 78 79 80 81 82 84 85 88 91 93 94 99
breuse 9
breune 9
bosom. 76
bosoms 10 11 12 13 15 26 32 40 44 49 51 52 55 65 68 73 74 77 79 81 85 90 94 99
bosome 45
blouse 12 42 55 59 76 79
bothom 72
bemoan 14 49 65 94
banios 98
banish 9 10 11 14 19 22 26 27 28 42 45 49 60 72 73 74 77 80 89 90 92
bother 3 10 12 13 14 18 23 27 28 31 33 35 36 37 39 41 42 44 46 48 50 55 56 58 59 61 66 67 68 69 70 71 72 75 78 94
brogue 50 55
banged 6 12 21 33 39 42 47 55 66 69 70 72 73 94
bangle 55 56 75
bangor 81
bilson 97
botega 53
banned 10 20 26 40 92
banner 6 7 8 9 10 12 20 28 32 34 39 40 41 50 53 55 77 81 85 88 94 96
brow’s 65
brow’d 65
broken 1 3 4 5 6 7 8 9 10 11 12 13 14 15 16 17 18 19 20 21 22 23 25 26 27 28 29 30 31 32 33 34 35 36 37 38 39 40 41 42 43 44 45 46 47 48 49 50 51 52 53 54 55 56 57 60 61 64 65 66 67 68 69 70 71 72 73 74 75 76 77 78 79 80 81 82 83 84 85 86 88 89 90 91 92 93 94 95 96 97 99 100
broker 12 14 18 23 28 40 71 77 79
bedvow 55
broils 49 80 82 84 97
botill 91
banked 14 27 30 40 43 48 54 56 78
banker 10 12 21 23 40 41 49 51 62 66 74 76 79 82 83 84 90 93
bedwin 68
billyo 55
billon 53
billow 10 33 40 65 67 84
buryed 45
banana 33 35 53 55
bedlam 18 30 37 45 55 71 76 78 93
billat 53
billet 12 21 22 39 50 55 76 79 83
billee 30
billed 40 66
bawd’s 44
bedire 53
biling 14 68 70
both’s 9 55 69
bevers 98
brodie 51 65
bedpal 55
biloxi 18 67
banded 13 20 40 42 65 71 89
bandez 55
bandar 33
bandan 53
bandog 55
bandit 10 12 54 71 79
botcon 53
bancan 53
banchi 79
buryin 76
botany 10 12 14 21 34 39 43 46 79 84
broads 46
broach 13 27 34 36 53 55 78
boemia 53
blasts 3 6 12 13 14 24 26 28 40 46 49 55 65 71 85 88
beyant 55
budget 12 27 28 39 43 46 48 51 52 55 59 77 79
bongot 53
brigid 55
budged 40 69
bright 1 3 4 5 6 8 9 10 11 12 13 14 16 17 18 19 20 21 22 23 24 25 26 27 28 29 30 31 32 34 35 37 38 39 40 41 42 43 44 46 47 48 49 51 52 53 54 55 56 57 58 60 61 62 65 66 67 68 69 70 71 72 73 74 76 77 78 79 80 81 82 83 84 85 87 88 90 91 92 93 94 98 100
briggs 10 55
boy’ll 6
briers 4 6 28 32 88
boners 13
boneta 53
blases 55
buddhi 55
bridle 7 9 10 12 20 27 33 34 37 38 39 40 41 43 44 45 49 52 55 57 60 66 68 70 71 72 73 76 77 78 79 80 81 88 93 94
buddha 26 31 35 55 66 92
blared 55
briefs 71
briefe 45
blares 55
bricks 4 5 8 12 13 21 28 31 33 37 39 40 41 45 48 51 55 61 63 67 68 69 70 71 76 78 79 80 84 86 93 97
bricke 98
bondly 32
budded 12 38 48 56 72
bridge 1 5 6 7 9 10 11 12 13 14 21 26 27 28 31 32 34 37 38 39 40 41 42 43 45 46 48 49 51 52 53 55 56 61 65 66 67 68 69 70 71 73 74 76 77 78 79 81 84 86 89 90 92 93 94 98 100
bridie 55
bride. 21 38
brides 22 40 51 65 74 77 80 88 90
bonded 55
bridal 4 10 12 14 18 21 22 27 38 40 42 44 55 56 65 67 74 77 78 79 88 90 94
bondar 39
bowers 15 20 28 55 65 78 88
bowery 55 56
bowels 12 22 26 28 31 39 40 41 45 49 54 55 60 65 69 73 77 79 81 84 88 93 98 99
bowend 55
blawin 46
bumble 28 68 70
blavin 12
bonito 53
blavet 12
bonham 55
begone 1 12 17 18 20 22 24 38 40 42 46 49 55 65 70 72 74 77 79 80 82 90 94
begear 20
begehr 41
begets 7 40 41 44 45 49 68 77 97
boeckh 80
bayous 28
bayona 53
blaise 12
blague 55
begins 1 3 5 7 10 11 12 13 16 17 18 19 20 21 22 23 26 27 28 33 34 36 37 38 39 40 41 42 43 45 46 48 49 50 51 53 54 55 56 61 63 65 66 67 68 70 71 72 73 74 75 77 78 79 80 81 84 85 86 88 89 90 92 93 94 95 96 97 98 99
begirt 17 26 65 76 84
bonbon 18 53
briars 12 14 24 58 77 88
briant 9
blanks 10 40 78 83 86
blando 49
bonald 12
blanch 12 17 49 79
blanca 55
blanda 49
blanco 34 40 53 77
blancs 12
bylaws 55
bribes 13 22 37 39 41 45 65 68 77 80 94
bribed 12 13 14 29 39 41 43 45 49 65 66 67 72 77 78 79 80 94 96
beggin 94
blamed 5 6 7 9 10 11 12 13 16 17 19 20 31 37 38 39 41 44 45 46 49 51 54 58 60 65 69 70 71 72 73 77 78 80 86 88 89 92 94 97
blames 10 37 41 49 55 80 94
begged 3 4 5 6 7 10 11 12 13 14 16 17 18 19 20 21 22 23 27 30 31 33 34 37 38 39 40 41 42 44 49 51 53 54 55 56 57 58 59 60 61 66 67 68 69 70 71 72 73 74 76 77 78 79 80 81 82 83 84 88 90 93 94 99
bahars 53
blame. 38
bahama 81
bayton 68
briaco 53
baysan 51
beggar 5 6 8 10 12 13 14 21 22 23 26 27 28 31 33 35 37 38 39 40 41 46 49 51 55 66 68 71 72 73 74 77 79 82 84 88 90 94 100
bumped 5 14 33 39 40 55 56 67 76 94
bumper 20 42 55 76 84 91
briton 14 42 76 78 85 94
bazile 12
beyond 1 4 5 6 7 8 9 10 11 12 13 14 15 16 17 18 19 20 21 22 23 26 27 28 29 30 31 32 33 34 35 36 37 38 39 40 41 42 43 44 45 46 47 48 49 50 51 52 53 54 55 56 57 58 59 60 61 63 64 65 66 67 68 69 70 71 72 73 74 75 76 77 78 79 80 81 82 83 84 85 86 88 89 90 92 93 94 95 97 99 100
beyont 46
bracia 53
bracio 53
bracke 63
braces 14 17 20 22 34 39 40 41 44 48 55 65 69 73 74 78 90
braced 4 9 13 21 30 33 37 39 40 46 48 49 54 55 65 76 77
barb’d 65
bonzes 12 55
behave 4 7 10 11 12 14 16 17 19 22 23 27 28 32 33 37 38 39 41 44 46 49 50 55 56 60 66 68 69 70 71 72 73 75 77 78 79 80 81 83 85 93 94 95
bights 28 31 55
baquio 53
behalf 4 7 9 10 11 12 13 14 15 16 22 27 28 29 32 33 34 36 39 40 41 42 45 46 49 53 55 59 65 68 71 72 73 74 75 76 77 78 79 80 81 83 84 85 88 89 90 92
behaim 53
bigger 5 9 10 12 13 17 19 21 28 31 33 36 37 38 39 40 44 46 47 48 49 55 56 57 58 60 61 66 67 68 69 70 71 72 73 77 78 79 80 84 94 95
bowser 58
bowing 3 11 12 13 18 19 20 21 22 23 26 27 31 33 34 35 37 39 40 41 42 45 49 50 52 55 61 66 68 71 73 74 75 76 77 78 79 81 85 88 90 94
briony 21
brinks 68
bringt 63
brings 4 5 6 7 10 11 12 13 14 16 19 20 21 22 23 24 26 27 28 29 31 32 33 34 36 37 38 39 40 41 42 43 44 45 46 49 50 51 54 55 57 58 61 63 64 65 66 68 69 70 71 72 73 75 76 77 78 79 80 82 83 84 85 88 89 92 93 94 95 97 98
bonnie 33 94
bumgut 55
bonnet 4 5 10 11 12 13 14 16 18 19 21 23 27 28 38 39 40 42 44 50 53 55 57 67 68 69 70 71 72 76 77 78 79 93 94
blazer 48 55
blazes 6 12 14 20 27 40 51 55 65 68 80
blazed 6 10 12 13 18 23 27 29 30 31 38 39 40 43 46 48 60 65 67 68 69 70 76 79 81 84 94
boesme 53
bazaza 53
boetie 49
blazon 79
brimmy 78
boerio 53
bazaar 14 33 37 39 42 44 55 71 80
brrfoo 55
bonsul 53
bigamy 10 13
b’long 69
bowler 42 48
bowled 37 39 40 41 48 78
brised 9
brique 12
bodied 13 32 40 43 48 51 71 76 81
bodies 2 5 6 7 8 9 10 11 12 13 14 15 16 17 18 20 21 22 24 26 27 28 30 31 32 33 35 37 38 39 40 41 42 44 45 46 47 48 49 50 53 55 56 58 60 61 64 65 68 69 70 73 74 76 77 78 79 80 81 82 83 84 88 89 90 91 92 94 95 96 97 98 99
butuam 53
butuan 53
bodice 12 18 37 39 42 44 55 77 78 79 85
befits 12 33 39 49 65 73 85
buccal 55
bagdad 28 79 84
bodily 1 4 6 7 10 12 14 19 20 26 27 28 30 34 40 41 44 45 47 48 49 51 52 55 57 63 66 68 71 72 73 74 76 77 78 79 80 83 84 85 88 89 90
boding 20 31 52 65 69 72 77 81 83
butted 9 14 21 31 76 81
bienor 65
button 5 8 10 12 13 14 17 18 23 27 31 32 39 40 41 44 50 55 61 66 67 68 69 70 71 77 78 79 81 85 93 94
bombay 28 34 40 89
butter 3 5 10 12 13 14 16 17 18 26 27 28 30 37 38 40 42 49 50 51 53 55 56 59 60 61 68 70 71 73 75 76 77 78 79 83 93 94
blight 4 10 12 14 29 40 48 51 55 56 62 68 71 72 74 76 78 85 90
bliged 27
buck’s 30 55
bingen 47 56
body’s 16 19 37 40 49 55 65 69 73 80
blinks 78 80
bulaia 53
befoul 42 49
buches 63
before 1 2 3 4 5 6 7 8 9 10 11 12 13 14 15 16 17 18 19 20 21 22 23 24 25 26 27 28 29 30 31 32 33 34 35 36 37 38 39 40 41 42 43 44 45 46 47 48 49 50 51 52 53 54 55 56 57 58 59 60 61 62 63 64 65 66 67 68 69 70 71 72 73 74 75 76 77 78 79 80 81 82 83 84 85 86 87 88 89 90 91 92 93 94 95 96 97 98 99 100
buchan 84
bodmin 89
blimey 55
bull’s 23 30 33 40 54 65 68 76
baghin 53
blinds 5 10 11 12 13 16 17 21 23 27 28 31 39 40 42 43 44 46 48 49 55 56 67 68 71 72 76 78 79 94
byblus 22
bodley 42
bagful 46 60
bagger 51
bagged 40 55 69 70 94
baggot 42 55
bodkin 34 49 70 77
bar’ls 27
binbad 55
binary 1 2 3 4 5 6 7 8 9 10 11 12 13 14 15 16 17 18 19 20 21 22 23 24 25 26 27 28 29 30 31 32 33 34 35 36 37 38 39 40 41 42 43 44 45 46 47 48 49 50 51 52 53 54 55 56 57 58 59 60 61 63 64 65 66 67 68 69 70 71 72 73 74 75 76 77 78 79 80 81 82 83 84 85 86 87 88 89 90 91 92 93 94 95 96 97 98 99 100
bouton 40
befall 6 7 9 10 11 14 19 20 21 22 24 26 27 29 32 38 40 43 45 46 49 55 60 63 65 68 72 74 76 77 78 79 80 84 89 90 94
bousom 91
bourbe 12
butler 5 9 10 11 13 16 21 22 23 27 32 38 39 40 42 43 45 49 50 51 54 66 67 68 75 78 79 88
bourse 27 51 79
bourne 10 53 68 70 71 74 90 91 92
bourgh 11
bewray 45 55
butron 77
bliebe 63
befell 8 9 10 13 18 19 20 22 28 38 40 41 49 54 60 65 71 77 79 81 82 85 88 98
bodega 55
bhaers 94
bhaery 94
bindew 63
binder 13 84
buch’s 37
binche 12
baying 10 17 21 22 27 28 43 46 55 58 65 69 77
blacas 79
bayham 78
bayhon 53
begg’d 65
bullet 6 10 12 21 27 28 31 33 34 37 39 41 46 47 49 55 60 68 70 77 79 94 99
bulled 70
bulked 30 55
bovski 39
baynes 81
bovril 55
bapree 33
bahd’s 71
bayley 83
blacky 58
blacks 4 5 6 14 18 27 28 31 40 51 53 55 77 81 82 83
blacke 53 98
blades 3 5 6 10 12 14 17 18 28 31 32 39 40 44 53 55 61 64 71 73 76 77 84 85
bladed 20 40 43 77
bagman 55
bayard 12 49 77 79
bucked 30 33 55
bucket 6 12 14 17 18 22 28 37 38 39 40 43 49 55 56 61 66 69 70 71 73 77 78 84 86 94 97
buckle 12 14 26 34 39 40 42 46 49 55 70 73
buldeo 33
bulbul 55
bagong 53
bagnet 78
bulgar 46 55
bagnan 65
bliss. 71
baybai 53
bagnio 55
bulges 39 70
blithe 9 14 40 51 55 71 77 93 94
bulged 17 18 33 37 39 42 44 48 55 60 61 70 71
bogsby 78
berney 81
bass’s 55
bashee 40
bashan 32 55
bashaw 10 40
bernal 23 53
bernis 12
bermeo 53
basest 4 12 14 32 37 41 49 74 80 88 90 98
basely 14 20 25 37 39 46 49 65 72 81 94 98
berlin 12 37 39 40 42 48 53 55 84 92 94
beirne 42
bird’s 5 12 14 18 21 24 26 27 28 35 37 38 40 41 48 50 51 66 68 71 73 79 100
berrin 78
berrid 78
beak’s 68
beak’d 65
babe’s 41
basket 5 6 10 12 13 14 16 17 18 19 21 22 27 28 32 35 36 37 38 39 40 42 44 46 48 49 50 53 55 56 58 60 61 66 67 68 69 70 71 72 74 75 76 77 78 79 81 83 85 88 90 94 99 100
basked 72 78
boyish 1 5 13 14 16 18 19 21 23 27 29 31 37 39 41 43 44 51 55 57 66 68 69 71 78 84 85 88 94
baba’s 79
boguch 39
boguey 78
basics 35
blunts 49 65 77 89
basis. 80
basing 53
basins 10 12 16 39 49 55 72 73 77 78
basile 12
basils 12
bereav 20
bludso 55
berein 63
bereft 9 12 14 20 22 26 68 76 77 78 79 93 94 99
berete 53
bopeep 28 55
baalam 45
baalim 45
bihore 49
bufalo 53
bufali 53
bering 33
bogoak 55
byways 38 56 68 76 77
bluish 28 35 39 40 42 43 47 48 57 68 79
boyard 82
boyars 39 46
byward 40
beriah 51
bergin 42
berger 78
buffon 1 83
buffet 4 9 12 18 28 41 67 81
buffer 17 42 55 63
basalt 33
bluggy 55
beings 4 5 10 12 13 15 16 18 19 20 21 26 27 28 31 32 33 34 35 37 38 39 40 43 46 47 48 49 51 53 54 55 59 65 66 68 69 70 71 72 73 74 76 77 78 79 80 82 84 85 88 89 90 92 93 94 95 97
beinge 53
byelow 94
bask’d 65
bluest 28 51 55 70
bluffs 20 69 70
bluffy 78
bergan 55
bogles 46
bwoken 37
birds. 71 84
beaker 20 55 85
beaked 22 40 55
babeuf 12 96
bireno 77
babes. 41
birdie 39 51 66
birchi 33
buxton 55 71 81
beschr 63
bugabu 55
babies 4 5 13 14 17 18 27 29 33 37 39 40 41 50 51 55 56 61 66 71 72 75 76 78 85 94 95
beamed 4 5 10 12 14 17 18 19 21 39 40 41 44 46 67 69 71 78 79 85 94
besagt 63
buoyed 10 27 40 51 55 67 68 78 81
beacon 8 10 14 20 28 31 40 46 55 71 72 76 77 79 94
byword 42 55
beades 53
beaded 6 13 23 37 55 56 67 69 72 78
beadle 12 14 40 55 68 71 77 78 85
buoy’d 65
beruht 63
beachy 60
bean’s 69
bertin 12
berths 4 6 21 40 71 79 84
bertha 1 10 55 56
berton 12
blurts 37
blurry 55
boylan 55
blushy 94
babaye 53
babble 12 22 31 37 49 76 85
beryls 21 100
beagle 55 65
bear’s 38 40 55 60 71
boyshe 9
bastia 79
basted 10 38 55 77
bejaht 63
basses 12 55
bad’st 65
bassag 53
bassam 31
bassal 53
basque 12 37 49 55 63 77
barely 5 10 11 12 13 14 16 30 32 37 38 39 40 42 46 47 48 49 51 53 55 56 57 58 60 65 67 68 69 70 71 72 76 77 78 79 81 84 85 93 97
behote 9
booing 48
barded 49
branch 3 5 6 7 8 9 11 12 13 14 15 16 17 18 19 20 21 22 27 28 29 33 34 37 38 39 40 45 46 49 51 53 54 55 56 57 58 60 61 62 65 68 69 71 72 74 76 77 78 79 80 83 84 85 86 89 90 92 93 94 96 98
brands 10 12 13 27 28 45 55 65 85
brandy 3 4 6 12 13 14 18 21 23 27 28 32 33 39 40 41 42 43 46 55 60 68 70 71 72 73 74 76 78 79 83 90 93
boohoo 55
barcio 53
branle 12
behoof 14 55 71 78 85
barche 53
barcha 53
behold 1 4 5 6 8 9 10 12 13 14 15 16 19 20 22 23 24 26 27 28 31 32 35 37 38 40 41 44 45 46 48 49 51 52 53 54 55 56 60 61 64 65 68 69 70 71 72 73 74 76 77 78 79 80 81 82 83 84 85 88 90 91 92 93 94 98 99
barn’s 65
barang 55
barant 12
barata 53
bramin 28
barbed 10 14 22 40 55 65 67 85 92
barber 10 12 21 27 28 33 40 49 53 55 66 68 73 76 77 79 82 83 87 94
barbai 53
barbam 49
buenas 53 55
baring 12 14 22 37 39 44 79
behung 20 55
buenos 42 53 60 82
barius 12
brasil 53
boomed 21 28 30 39 40 41 46 55 70
boomer 40
bungle 40 55 78
bunger 40
bunged 55
brassy 21
brasse 45 53
bargin 72
boxful 46
barr’d 65
barget 9
barges 14 23 31 39 40 42 48 55 67 71 76 78 81 86
bargol 55
baresa 53
barest 10 18 40 41 80
booked 27 39 42 55 68 71 76 78
bookes 45 49
booker 51
bailed 13 70 78 79
bailer 40 55
bailey 6 14 32 55 68 71 76 78 89
bundle 4 5 6 10 12 13 14 17 18 21 27 28 30 31 33 34 36 37 38 39 40 41 43 44 46 48 49 50 51 52 53 55 61 68 69 70 71 72 73 76 77 78 79 85 93 94
bookay 94
boxers 22 49 80
brague 53
braham 91
book’s 69
bragge 16
baibai 53
behead 3 40 53 79
behelf 63
beheld 1 5 6 7 9 10 11 12 14 16 19 20 22 23 24 26 28 29 32 33 35 38 40 42 44 47 48 49 52 54 55 56 64 65 68 71 72 73 74 76 77 78 79 80 81 82 84 85 88 90 91 93 94 98
bard’s 55
behest 9 10 20 51 55 59 65 72 85
bipeds 40 48 79 85
bymeby 70
brakes 28 33 55 65 67 77 86
braine 12 45
brains 1 6 9 10 11 12 13 14 17 21 22 23 28 32 34 37 38 39 40 41 42 46 48 49 51 55 56 61 65 68 70 71 72 73 76 77 78 79 82 84 85 94 98 99
braime 55
boodle 55 78
bung’s 55
behine 70
behind 1 3 4 5 6 7 8 9 10 11 12 13 14 16 17 18 19 20 21 22 23 24 25 26 27 28 29 30 31 32 33 34 35 36 37 38 39 40 41 42 43 44 45 46 47 48 49 50 51 52 53 54 55 56 57 58 59 60 61 62 63 64 65 66 67 68 69 70 71 72 73 74 75 76 77 78 79 80 81 82 83 84 85 86 87 88 89 90 91 92 93 94 95 96 98 99 100
booble 40
brahme 28
brahma 10 28 35 40
brahms 50
brails 79
brat’s 12 68 72
braids 12 27 38 44 56 65 77 79 94
bigots 41
braide 9
bunton 81
boozed 37
barton 19 21 55
bunser 42
bunsen 34 67
berg’s 39
baruch 12 55
bartle 55
barter 20 28 37 53 65 71 81 85 92 96 97
bartel 46
barron 55
barrow 6 14 20 21 22 28 38 40 43 48 49 55 60 69 79 92 100
barros 53
barrie 17
barrus 49
barsad 76
barrys 56
berage 27
berate 51
bunyan 27 40 80 83
boyd’s 55
baryta 21
beides 63
beiden 63
barman 42
barmao 33
baiser 12
brayin 5
brayed 26 38 44 55 77
brayer 77
booser 55
boosed 55
baited 14 28 39 55 71 78
bunker 15 28 70
brawls 21 41 49
brawny 13 22 27 35 40 44 49 55 65 68 76
bairns 10 20 46 55 72
barley 3 12 14 22 49 55 60 65 69 73 77 78 79 80 83 97
barlow 55 69 70
bravos 49 54 79
barkis 71
barked 6 10 12 17 23 27 28 30 33 38 39 41 46 48 55 56 57 58 61 65 66 70 71 76 88 94
barker 68 78 94
brave. 65
braved 20 21 23 27 39 42 49 65 68 72 79
braves 17 20 34 40 65 68
braver 17 20 27 33 39 40 46 49 61 65 70 77 80 94
bunion 13
boxing 12 22 32 40 49 55 58 71 78 79 80
barque 17 21 39 53 55 60 79 83
barred 10 12 13 14 17 21 25 28 29 30 31 37 40 41 43 46 48 51 54 57 60 66 68 70 71 72 74 76 78 79 84 88 90 92 93 94
barrel 4 6 10 12 13 14 17 21 23 24 26 28 33 37 38 39 40 42 46 47 49 52 53 55 56 58 60 66 68 69 70 71 72 73 76 78 79 81 84 94
barren 7 8 10 22 23 31 34 39 40 41 42 43 45 46 49 55 57 59 60 64 65 66 72 73 74 76 77 78 79 80 81 82 84 85 88 90 92 93
barrao 33
barras 12
bezoin 53
baroco 49
baroda 18
barony 9 12 51 55 82
barons 7 9 12 38 44 45 51 55 79 82
baronj 53
bezoar 23
barote 53
barney 5 32 55 68
barnet 11 48 68 78
barnes 16 27 48 70 81 98
barnum 55
bootle 55
booted 12 13 14 21 27 34 39 49 55 57 66 68 76 93
bootes 22 77
brazil 40 49 53 60 71 97
booths 12 37 39 41 55 78
brazen 10 12 14 18 21 26 28 39 40 41 42 45 48 49 55 65 68 70 76 77 78 79 80 84 85
brazas 53
