craft’s 40
chinked 30 55 76 93
cagaiam 53
cagaian 53
caught. 38
corusco 49
candies 13 27 40
cockney 12 50 55 77
candide 12 41 82
cnossus 22
candied 82 93
cursing 6 9 12 13 23 27 28 30 31 32 37 38 39 40 41 45 48 49 51 55 67 68 69 71 72 77 79 80 81 82
canding 53
cordage 6 12 15 40 46 49 65 71 73 78
carlini 79
carlion 9
coming. 31 38 71
comines 49
cagajan 53
comings 12 14 19 22 27 28 32 39 64 65 77 94 98
cominal 9
cingani 53
cominus 49
cockles 55 94
cisseus 65
crubeen 55
crocker 94
candled 66
chienne 84
candles 1 4 8 10 12 13 14 16 17 18 19 27 28 29 31 36 37 39 40 41 42 43 44 45 46 47 55 56 60 66 67 68 69 70 71 72 76 77 78 79 83 84 86 93 94
caupene 49
cadogan 55
cockier 17
cowpath 70
coyotes 17
conduit 12 19
conduce 7 16 26 39 45 49 53 55 74 75 78 79 80 89 90 97
cocking 12 14 21 27 39 43 55 70 76 79
coffin. 68
conduct 3 4 5 6 7 9 10 11 12 13 14 15 16 18 19 21 22 23 26 27 28 29 30 31 32 34 37 39 40 41 42 43 44 45 46 49 51 53 54 55 56 60 64 65 66 67 68 69 71 72 73 74 75 76 77 78 79 80 81 82 83 84 89 90 92 93 94 95 97 98
coffins 1 12 24 26 38 40 41 42 46 55 57 68 70 72 79 81 85
convict 12 14 37 39 40 41 43 49 51 57 66 68 71 74 78 79 80 81 84 88 90
colecci 53
coupons 41 55
convinc 83
crimina 45 49
cursory 13 41 46 49 55 68 74 84 90
conviva 49
canvass 42 84 98
crocink 49
culture 1 12 13 16 23 26 27 28 37 39 41 42 45 47 49 50 51 55 56 66 69 75 77 79 80 81 84 85 88 89 92 96
catchin 5 27
crochet 56 94
catcher 14 27 33 39 40 41 77 92
catches 12 13 14 22 27 38 39 40 41 49 50 53 55 63 66 67 69 75 78 79 80 83 97
couples 3 11 12 13 19 21 27 33 39 40 42 44 48 49 51 52 55 67 69 73 75 77 78 93 94 95
couplet 12 14 16 49 84
catched 14 40 55 60 70 78 99
coupled 10 12 16 21 40 44 49 55 68 71 72 76 77 78 83
caruiao 53
candore 49
candors 12
comrade 6 10 12 13 14 21 22 26 28 29 30 37 38 39 40 41 43 48 52 53 55 60 61 65 68 69 70 73 76 77 78 79 80 82
coleage 91
crusted 10 21 41 49 55 56 58 77
carload 13
carloto 77
candour 10 11 14 16 17 19 23 31 37 44 49 55 60 65 71 73 74 75 77 78 83 89 90
chierte 9
chutney 55
clifton 16 55 83
coffers 12 14 45 71 73 79
clonius 65
chaotic 18 30 37 40 41 51 78 79 80 94
cuartos 77
caesars 39 45
convers 83
convert 1 2 3 4 5 6 7 8 9 10 11 12 13 14 15 16 17 18 19 20 21 22 23 24 25 26 27 28 29 30 31 32 33 34 35 36 37 38 39 40 41 42 43 44 45 46 47 48 49 50 51 52 53 54 55 56 57 58 59 60 61 63 64 65 66 67 68 69 70 71 72 73 74 75 76 77 78 79 80 81 82 83 84 85 86 87 88 89 90 91 92 93 94 95 96 97 98 99 100
crimean 39
clown’s 55
caesare 49
cullate 53
convent 10 12 23 27 39 40 42 44 55 74 76 77 79 80 82 90 94
convene 12 22 65
clumbus 70
conveys 7 12 40 55 65 74 78 80 84 85 88 90
candale 49
crimes. 79
cuartin 12
calvary 12 55 79 81 89
cotched 27
cotchin 27
chiefly 1 7 10 11 12 14 15 16 17 18 19 23 27 28 35 37 39 40 41 44 45 46 47 48 49 51 53 55 60 65 66 67 68 71 73 74 75 77 78 79 80 81 82 83 84 85 88 89 90 91 92 95 96 97 98
chivyin 46
carlata 53
clowdes 53
coating 12 13 40 68 78 79
comical 6 12 13 14 18 21 27 37 38 39 40 42 54 55 66 68 71 77 78 92 93 94
condole 11 45 55 76 77 88 99
choused 76
creechy 27
condone 43
calming 10 12 19 39 55 68 79
catch’d 65
corlley 91
cockade 12 16 41 76
chryses 65 80
cullest 40
chinese 12 21 23 28 30 36 39 40 41 47 50 53 55 66 71 73 77 78 79 82 89 92 96
cervice 49
caldron 13 14 55 65 76
cutaway 55
crantor 49
capulet 23
chliche 63
czarina 12 46
cohered 40
crawled 3 4 6 8 10 12 13 17 21 22 23 26 27 30 31 32 33 34 38 39 40 41 42 43 44 46 47 48 54 55 59 61 66 67 68 70 71 74 76 82 84 90
crawler 55
caruaie 53
coupees 49
caruaio 53
connect 11 14 16 19 25 27 28 31 39 40 47 55 65 71 72 79 80 84 85 86 89
carlyle 34 47 51 66 83 89 92
chapped 17 55
chappel 45 83
conneff 55
chappie 13
connery 55
cackney 77
cernere 49
criedst 88
cordova 53 77
clymene 22 65
coalman 55
cashier 12 14 21 36 40 42 49 55 59 79
caxtons 65
chapman 23 28 31 49 65
clair’s 21
chapmen 82 83
chapter 1 3 4 5 7 8 9 10 11 12 13 14 16 17 19 21 23 26 27 28 30 32 34 37 39 40 41 43 44 45 46 48 49 51 53 55 56 58 60 61 63 66 67 68 69 70 71 72 73 74 75 76 77 78 79 80 81 82 83 88 89 90 92 94 95 97 98 99
connait 18
caffrey 55
connais 39
cooings 77
clare’s 27
camirus 65
chiffon 10 21 67
catulle 49
coaling 23
codgers 76 92
catulus 49
calends 49
crewler 71
cingunt 49
canebat 49
claim’d 49 65
cordial 1 4 6 10 11 12 14 16 19 22 26 27 39 41 43 49 50 51 55 56 60 65 67 71 72 73 74 76 77 78 79 80 83 84 85 90 94 99
cording 5 9 39
cowpock 71
coalbin 94
coaches 12 14 16 32 39 40 45 49 51 55 68 69 71 73 76 77 78 79 93 94
coached 50
chuckle 5 6 19 22 27 28 33 38 39 40 41 47 58 68 70 71 78 79 84 93 94
clara’s 14 50 77
chodruc 12
coleman 28 40 55 83
chapels 12 40 55 68 77
comisky 55
chucked 6 14 21 27 39 50 55 71 72
cissy’s 55
caleant 49
comites 45 49
creeter 4 94
caestus 49 65
ceperat 49
carlton 23 50 91
creetur 14 68 70 71 78
chapeau 12 27
cashbox 21
curseth 26 97
creeses 79
chagrin 10 11 20 21 34 39 46 49 55 68 72 77 81 83 84 94 96
comique 12
cuddled 4 5 51 55 94
chaplet 12 46 56 77
cteatus 65
crimson 1 3 4 5 10 12 18 22 23 24 27 28 29 31 37 39 40 41 42 46 47 48 49 51 52 55 56 57 65 66 67 68 69 72 76 77 78 79 84 85 94 100
colnett 40
catlips 67
cernant 49
catlike 21 27 30 41 43 69
ctesius 22
curarum 49
curator 14 76
curates 12 42 46 55
curatio 49
convoke 12 97
cackled 3 37 41 46 85
clumped 40
cockpit 60
creeper 6 26 43 48 55 56 57 64 79
convoys 39 86
cagayan 53
camilla 14 65 77
camille 12
crimped 10 12 18 44 52 77 94
cannela 53
carvers 14 22 45 49
cannery 13
creoles 18
cunctos 49
canella 53
cuerunt 49
clogg’d 65
caisson 12 39
cunctas 49
cunctam 49
cunctis 45
cunctim 49
crucify 26 28 37 55 64 92
capel’s 12
crucial 21 34 51 55 59 82
cruches 12
ciolila 53
casqued 55
casques 12 65
carmody 56
ceteras 27
cahoots 67
canning 13 55 71 84
cannily 10
carving 1 13 14 40 41 42 46 47 56 71 72 77 78 85 91 93 94
culdees 55
ceiling 3 5 8 10 12 13 14 16 17 18 19 21 22 23 26 28 31 34 37 39 40 41 42 43 44 47 48 50 51 55 56 59 60 61 64 65 66 67 68 69 71 72 73 76 77 78 79 80 83 84 85 87 93 94
cutteth 26
cessato 79
cutters 12 28 31 39 72
cowhide 4 27 28 40 53 55 69 70 77
cessent 49
connoro 55
cuirass 9 10 12 49 65 79 85
crinkle 94
crinkly 55 56
curtsey 3 9 11 12 34 36 41 68 71 77 93
chowder 28 40
clairon 82
curtsys 78
cardiac 43
cardiff 9 69
creon’s 65
cuplike 43
clarens 94
comanda 53
comando 53
calepin 49
calepio 49
carding 22 80
coosa’s 69
claimed 4 10 11 12 13 14 15 16 17 19 23 26 27 28 31 32 34 39 40 41 44 45 46 49 51 55 60 68 69 70 71 72 74 76 77 78 79 80 81 85 89 90 92 94 97
cutting 3 4 8 9 10 11 12 13 14 15 16 17 18 19 22 26 27 28 30 31 32 34 37 38 39 40 41 43 44 46 48 49 53 55 56 57 58 60 67 68 69 71 72 73 76 77 78 79 80 81 83 84 86 88 89 94 95 97 99
ciences 12
conwict 14
cringes 14 49
caetera 49
calwell 81
cringed 7 40
cowherd 9 49
clipson 81
cowheel 55
cohorts 40 49 65
carmela 79
clarion 46 77 85
copeck. 41
conning 9 10 19 45 52 71
connive 49
copecks 37 41
coxcomb 16 19 41 49 52 55 72 78 94
carvaie 53
carvaio 53
ch.21.8 45
coactus 49 55
cadging 55
citorio 79
coactis 49
camacho 77
cistern 12 14 18 26 35 38 40 55 65 73 78
clipper 71
clipped 4 5 9 14 17 30 40 43 49 55 56 66 70 77 78 89 94
cernunt 49
chlamys 12
cuspide 49
carmina 49
carmine 10 28 48 55 77 79
cinyras 65
crystal 5 8 10 12 18 27 28 29 31 35 38 39 40 41 46 47 48 55 56 57 64 65 67 69 76 77 78 79 82 84 100
crybaby 39 69
cobra’s 33
coavins 78
caredst 88
coglire 53
coloure 53
colours 1 6 9 10 14 16 17 22 23 26 31 35 37 38 40 42 44 45 46 49 53 55 60 63 65 67 68 71 72 73 74 76 77 78 80 81 82 83 84 88 90 92 95 98
crayons 10 11 16 70 71 78 79 84
combine 10 12 13 14 16 20 21 23 28 32 39 49 50 55 56 65 72 78 80 85 88 89 95 97
curbing 4 7 22 49
combing 6 17 18 27 38 40 41 42 44 49 55 56 72 77 78
conform 7 10 19 28 32 34 39 44 49 51 71 77 79 80 81 85 88 89 90 95
courire 53
cilicia 65
courier 9 11 12 17 30 39 49 55 76 77 79 84
court’s 41 76
culling 49 51
capered 31 38 39 42 55 70
careens 40
career. 71
corerle 53
caperin 27
careers 41 42 55 69 77
conflux 45
chumped 33
casilda 77
canoe’s 84
colossi 12 48
ciliane 49
careful 1 4 5 6 7 9 10 11 12 13 14 16 17 18 19 20 21 22 23 25 26 27 28 29 30 31 32 33 34 35 36 37 38 39 40 41 42 43 44 45 46 47 48 49 50 51 52 53 54 55 56 58 59 60 61 65 67 68 69 70 71 72 73 75 76 77 78 79 80 81 83 84 85 88 89 92 94 95 97
carnage 12 17 20 28 37 65 74 76 82 90
clerics 55
cromyon 49
casimir 12
carnall 45
casinos 55
casings 13 28
curtana 55
ciconia 49
caitiff 42 69 80
caelius 49
curtail 10 49 80
curtain 1 3 4 5 10 12 13 14 16 17 18 21 23 26 27 28 29 31 37 38 39 41 42 43 47 49 53 55 56 57 66 68 69 70 71 72 74 76 77 78 79 82 83 84 85 90 94 98
combers 33
cityful 55
clash’d 65
colored 1 4 5 12 13 18 20 27 28 29 30 32 33 39 41 45 51 52 53 56 61 69 79 82 84 85 86 91 94
colonie 45
courant 83
colonel 5 10 11 12 14 16 18 19 21 28 32 33 37 39 41 42 43 48 50 51 55 60 65 66 70 73 75 78 79 81 82 83 85 94
courage 1 3 4 5 6 7 8 9 10 11 12 13 14 15 16 17 18 19 20 21 22 23 26 27 28 29 31 32 33 34 35 36 37 38 39 40 41 42 43 44 45 46 47 48 49 51 52 54 55 56 57 58 59 60 61 64 65 66 67 68 69 70 71 72 73 74 75 76 77 78 79 80 81 82 84 85 88 89 90 91 92 93 94 97 99
colonna 7 49 53 77
colonne 53
corenno 53
corenti 53
cornice 10 12 22 28 39 78 84
confide 1 4 10 11 12 14 16 17 21 32 34 37 39 44 45 46 49 56 66 68 71 72 73 74 76 77 78 79 90 94
confirm 10 11 16 18 19 21 22 27 28 29 34 37 39 41 45 49 53 59 65 68 71 73 74 76 77 78 79 81 82 83 85 88 90 94 95 97 98
confina 53
confine 10 12 15 16 21 22 27 28 39 40 41 43 46 49 56 63 65 71 72 73 74 77 78 79 80 82 84 85 86 88 89 90 92 94 95 97
cornish 9 73 78 81 100
corning 58
cornets 67
corneto 49
corners 3 4 5 6 8 10 12 13 14 15 17 21 22 23 26 27 28 29 33 35 37 39 40 41 42 43 45 46 48 49 51 54 55 56 57 63 67 68 69 70 71 72 73 76 77 78 79 80 83 84 85 88 92 93 94 97 98 99
corner. 77
corneus 9
colomba 79
colombo 53
colombe 9
colombi 53
curtesy 10
cruller 52
combate 53
cannot. 38
combats 7 10 12 14 20 44 49 53 65 77 78 79
cannons 12 39 73 78 82 98
cudelle 53
cession 6 65
clerk’s 12 32 42 55 59
cessile 55
czartor 39
clogged 10 12 19 23 40 45 55 66 70 78 79 85
cebrion 65
cleight 9
confess 1 2 4 6 7 8 10 11 12 13 14 16 17 19 21 23 25 26 27 28 29 31 34 35 37 39 40 41 42 43 44 46 47 48 49 50 53 54 55 56 60 63 65 66 67 68 71 72 73 74 75 76 77 78 79 80 81 82 83 84 85 88 89 90 92 93 94 95 96 97 98 99
conferr 83
confers 12 16 39 44 49 55 65 73 77 78 79 80 92
confert 49
cajoled 22 27 43 44 48
camargo 12
cuiquam 49
capello 53
capelli 53
curtius 49 77 79
ciphers 1 12 16 27 77
chrisen 71
coelius 84
coition 44 49 55
christy 13 42 74
christo 53 92
christs 12 45
christi 12 77 79 82 83 84
chummed 31
christ. 41
careags 91
canezou 12
coperta 53
coperto 53
coperti 53
coperte 53
caecina 49
carebis 49
chkov’s 39
cannuti 53
cologne 9 18 27 39 40 74 79 90 94
coevals 46
charets 45
canfora 53
croesus 49 55 71 80 82
cithara 49
carnose 55
chipper 27
chipped 14 40 55 69 70 71
chippit 53
covey’s 32
casades 81
clear’d 65
classic 1 6 9 10 12 14 18 27 28 39 40 41 44 49 55 56 57 65 68 77 78 79 85 92 94
charcot 46
classes 7 10 12 13 14 20 21 22 23 26 27 28 34 37 39 41 42 44 46 49 50 51 53 55 56 63 68 69 71 74 75 76 77 78 79 80 84 89 90 92 96
classed 12 16 19 28 39 40 49 51 61 66 79 83 85 89
charm’s 69
charm’d 65
cookers 39
cookery 23 28 31 41 49 56 60 71 72 78 79 80 81 94
crowell 12
camblin 12
calpe’s 55
charily 69
charing 12 21 40 41 43 46 50 55 71 83
chariot 9 12 13 14 17 19 22 23 26 28 40 41 45 48 49 51 55 56 61 65 68 71 73 76 77 78 79 80 98 100
charior 49
courtly 1 15 20 26 39 46 49 50 55 71 73 76 77 78 79 88
charity 2 4 6 10 11 12 13 14 16 18 19 21 23 26 27 28 29 37 39 40 41 42 43 45 48 49 50 51 53 55 56 60 64 66 68 69 71 72 74 75 76 77 78 79 82 83 84 85 88 89 90 92 93 94 96 97 99 100
cuckoos 12 28 55 72
cuckold 49 55
crowdst 26
crudity 12 28 49 89
coiling 18 26 39 40 47 48 51 55 56 68
crowded 1 2 3 4 5 10 11 12 13 14 15 16 17 18 21 22 23 26 27 28 30 31 32 33 34 37 39 40 41 42 46 47 48 49 50 51 54 55 56 58 60 63 65 67 68 69 70 71 72 73 74 75 76 78 79 80 81 83 84 90 93 96
crowder 21 97
cowries 55
cronies 40 46 54 55
catenae 49
crumble 12 14 26 29 41 43 46 76 78 79 85 94
cronius 65
crumbly 21
cronion 55
crown’d 49 65
crown’s 40 65
canonic 40
charges 1 2 3 4 5 6 7 8 9 10 11 12 13 14 15 16 17 18 19 20 21 22 23 24 25 26 27 28 29 30 31 32 33 34 35 36 37 38 39 40 41 42 43 44 45 46 47 48 49 50 51 52 53 54 55 56 57 58 59 60 61 63 64 65 66 67 68 69 70 71 72 73 74 75 76 77 78 79 80 81 82 83 84 85 86 87 88 89 90 91 92 93 94 95 96 97 98 99 100
charger 7 20 40 55 65 76 77 85 94
charged 4 6 7 9 10 11 12 13 14 18 19 20 21 22 26 27 28 29 30 33 34 35 37 39 40 41 43 45 49 51 53 54 55 57 58 60 65 68 70 71 72 73 74 76 77 78 79 80 81 82 83 89 90 92 93 94 97
canonry 7 77
cabin’s 17
coterie 12 68
ckets01 63
course. 31 71
courses 7 11 12 16 20 22 26 37 39 40 42 43 44 45 47 49 55 56 60 62 66 67 68 69 71 73 74 76 77 80 83 84 88 90 93
courser 9 12 20 49 65 73 98
coursed 12 20 44 65 67 68 72
chaines 45 98
chained 4 7 10 12 13 14 16 17 18 19 24 27 28 32 33 39 40 46 49 51 54 55 58 68 70 71 73 74 76 79 80 81 82 84 89 90
cushion 3 5 8 10 14 18 21 27 28 29 31 34 38 39 41 44 49 53 55 56 57 71 72 73 76 77 78 79 85 94
crowbar 32 37 47 55 68 76 77
cover’d 65
cymbals 39 41 54 67 79 94
capon’s 55
cossais 12
cossack 39
clasped 1 3 4 5 6 10 12 13 14 18 21 22 23 27 29 30 31 33 37 39 40 41 42 44 46 48 51 53 54 55 56 57 67 68 69 71 72 74 76 77 78 79 81 82 84 85 88 90 93 94 100
canopie 45
courted 10 11 19 39 42 49 65 69 71 77 78 79
courtin 5 12
clerval 74 90
charge. 71
chain’d 65
chain’s 55
crudely 23 41 95
crudele 39
chipico 53
cleitus 22
calomel 40 55 78
crudest 21 37 43 80 96
comtess 79
cloying 55
cambaia 53
chignap 53
ceppi’s 55
cambaya 53
calongg 53
carey’s 40 65
carency 12
cournet 12
cuishes 65
confuse 16 25 37 42 46 55 56 63 67 71 76 78 80 86
clopped 55
confute 14 45 49 88 89 95
canon’s 77
cuisine 55 62
clasp’d 65
charade 10 16 78
cooke’s 12 40
cudgels 12 39 55 73 77 96
curdken 38
clerkly 71
caloric 12 55 84
crepare 53
crowd’s 12 76
caoayan 53
curdled 22 55 56 77
curdles 10 74 90
clery’s 55
clashed 10 12 22 30 37 39 55 76 79 94
clashes 12 18 95
caresus 65
categut 40
catnaps 33
cheiche 53
cimeter 28
culvert 12 48
cambyse 12
cleaved 72 88
cleaves 49 55 65 77 82
cleaver 13 21 28 42 55
cabinet 5 10 12 21 23 27 36 37 39 40 41 43 49 50 51 54 55 65 71 72 73 76 78 79 84 94
congrio 12
caveman 23
cauagio 53
congrui 45
congruo 45
cuffe’s 55
curlews 51 60
charted 40
charter 10 12 13 15 39 40 45 46 55 77 83 85 94 98
cousine 39
cousins 5 9 10 11 12 16 18 19 21 28 30 39 41 42 43 44 48 55 56 67 70 72 74 77 78 82 83 84 90 93 94 99
cassino 11 19
cassiar 30
cassidy 42 67
cassius 49
calydon 65
clearer 3 5 6 7 8 10 11 12 14 15 16 19 20 21 25 28 32 34 35 36 37 39 40 41 43 45 47 48 49 51 55 56 59 63 64 65 66 68 69 76 77 78 79 80 83 84 89 94 95 97
cleared 3 5 6 7 10 11 12 13 14 16 17 19 21 27 28 29 30 31 33 34 37 38 39 40 42 43 44 45 46 48 49 51 55 56 57 59 60 61 65 67 68 69 70 71 72 74 75 76 77 78 79 80 81 83 84 85 88 90 91 93 94
curling 10 12 13 21 26 27 29 33 34 38 39 40 42 43 44 49 55 56 65 66 68 71 72 74 76 78 84 90 94
cookson 17
coronas 49
coronal 9 55
coronet 1 10 12 21 28 39 56 79
coroner 14 21 23 32 42 43 46 55 67 69 78
caverns 12 13 17 20 24 26 45 46 47 51 65 68 70 71 77 79 84 88 93
coronna 53
clearin 46
clearly 1 2 3 4 5 6 7 8 9 10 11 12 13 14 15 16 17 18 19 20 21 22 23 24 25 26 27 28 29 30 31 32 33 34 35 36 37 38 39 40 41 42 43 44 45 46 47 48 49 50 51 52 53 54 55 56 57 58 59 60 61 63 64 65 66 67 68 69 70 71 72 73 74 75 76 77 78 79 80 81 82 83 84 85 86 87 88 89 90 91 92 93 94 95 96 97 98 99 100
carogne 12
cassy’s 27
capotes 39 55
cauando 53
cycling 42 55
cyclist 13 55
corolla 84
cutlass 6 17 40 48 53 60 65 69 76 77 79
canopus 53
chooser 80
chooses 1 7 8 11 12 14 22 23 27 46 49 50 71 72 75 77 78 79 80 84 88 89
crumpet 5
charnel 10 13 26 40 74 84 90
cycloid 40 73
crumple 41 51 56 94
cyclone 13 26 48 55 61 66
cyclops 12 22 92 94
charlot 12
cestius 49
cambrai 7 12
cambric 11 27 37 39 41 44 68 71 72 79 94
cleanse 7 11 12 22 23 28 39 40 46 49 53 65 70 77 83 88
chaises 12 14 28 39
cleanly 6 10 12 21 26 30 32 39 49 62 71 73 77 81 83 84 89
charmed 1 10 12 14 16 17 18 19 20 22 23 27 28 29 31 37 39 40 41 44 45 55 56 57 65 68 69 71 72 74 76 77 78 79 80 81 82 83 88 90 94 98
charmes 45
charmer 5 10 37 39 66 80
curly’s 30
cleanax 65
cleaner 1 8 12 27 28 38 49 51 55 56 59 72 76 77 78 94
cleaned 6 8 10 12 13 14 21 22 23 27 28 30 34 37 38 39 43 47 55 61 66 67 68 70 71 73 78 82 94
catered 66
caterer 77
crazily 41
coverts 20 52
cookman 32
cabrank 55
charley 40 44 55 66 68 71 78
charlet 12
charles 1 7 9 10 11 12 14 15 17 18 21 23 27 30 32 34 39 40 42 43 44 49 51 53 55 56 57 65 68 70 71 73 74 76 77 78 79 81 82 83 84 89 90 92 93 95
charlie 13 31 42 44 50 56 72
crowned 9 10 11 12 14 15 19 22 23 27 32 33 34 37 38 39 40 42 44 45 46 49 51 52 55 56 66 69 71 73 77 79 80 84 85 88 91 94 97
coyings 40
carfare 13
coveted 1 4 10 12 13 27 28 30 41 44 48 49 51 55 69 74 77 79 81 83 84 90 92 94
cassava 60
charras 12
charred 10 21 39 41 43 47 48 55 57 76 78 94
cutlery 40 78
cutlets 14 19 39 40 41 78
cutlers 55
charrit 27
congees 49
charron 49
congeal 40 74 77 90
charrua 53
crumlin 55
covered 1 4 5 6 7 9 10 11 12 13 14 16 17 18 19 20 21 22 23 24 25 26 27 28 29 30 31 32 33 34 35 37 38 39 40 41 42 43 44 45 46 47 48 49 50 51 52 53 54 55 56 57 58 59 60 61 64 65 66 67 68 69 70 71 72 73 74 75 76 77 78 79 80 81 82 83 84 85 88 90 93 94 98 99 100
codicil 77 79
comtois 12
cookies 55 56 61 94
charpie 39
cooking 4 6 8 10 11 12 13 17 18 21 22 26 27 28 30 32 33 37 38 39 40 41 43 44 55 56 59 60 61 62 66 68 70 71 74 77 78 79 81 82 90 93 94
crowing 14 17 26 27 28 39 40 49 52 61 78 84 94
caillou 12
chequer 60
cheques 23 46 55
cuffing 69 79 84
charops 65
costing 11 12 39 56 77 83 94
copyist 32 65 84
copying 1 2 3 4 5 6 7 8 9 10 11 12 13 14 15 16 17 18 19 20 21 22 23 24 25 26 27 28 29 30 31 32 33 34 35 36 37 38 39 40 41 42 43 44 45 46 47 48 49 50 51 52 53 54 55 56 57 58 59 60 61 63 64 65 66 67 68 69 70 71 72 73 74 75 76 77 78 79 80 81 82 83 84 85 86 87 88 89 90 91 92 93 94 95 96 97 98 99 100
cities. 80
costive 49 55
clatter 9 10 12 18 20 21 23 26 27 31 34 38 39 42 46 47 48 49 52 54 55 61 65 66 70 71 72 76 77 78 79
cauayan 53
carosse 12
cappari 49
carotid 12
ctimene 22
crofton 42 55
cadronj 53
crooned 10 51 67
cadrony 53
chasers 65
cooling 4 6 12 14 16 26 27 39 40 47 48 53 55 60 65 67 68 71 77 78 79 86 94
cowskin 4 32
coolest 6 21 28 55 60 76 83
carouse 12 27 43 81 98
coolers 77
crofter 55
costeth 77
cruelty 1 2 4 6 7 10 11 12 13 14 15 18 19 20 21 23 24 26 27 32 37 38 39 40 41 45 46 47 49 51 54 55 57 60 61 65 68 69 71 72 73 74 76 77 78 79 80 81 84 85 88 89 90 91 92 94 96 97 99
criptam 98
cowslip 71 100
cruelly 1 4 6 10 11 12 13 18 19 21 23 26 30 32 37 39 41 44 46 49 51 56 69 71 72 73 74 76 77 78 79 81 82 90 92 97
cucullo 49
crooked 4 5 6 12 14 19 22 23 26 27 28 29 31 37 39 40 41 42 45 46 48 49 51 55 56 57 65 69 70 71 72 76 77 78 79 80 81 83 84 85 88 92 94 98
chopper 12 14 28 48 61 76
chopped 12 13 22 28 35 37 39 41 44 60 61 69 70 76 78 79 85 94 99
caskets 12 53 78 79
chasing 9 12 13 17 20 21 22 23 27 31 33 37 40 41 43 45 46 48 49 55 58 59 61 65 66 69 70 77 79 94
cheroot 23
cripple 4 5 6 10 12 13 21 22 26 31 32 39 40 41 42 49 64 68 71 77 92 93
caskful 14
cabanis 79
cassock 1 12 39 40 41 49 55 77 79
coenare 49
cangiar 79
coolant 86
cassova 46
cassons 12
cassone 23
costard 55
coustou 12
cowshed 37 39
costbag 55
chereas 12
coppice 11 12 56 68 76 78
cadreli 53
cilaton 53
coppers 4 6 21 22 37 40 42 55 68 69 83
caused. 79
carolea 77
caroled 41
cauarla 53
cauarlo 53
causers 49
coward. 80
causes. 21
cowards 6 9 12 20 22 26 28 33 37 39 40 46 50 65 70 71 72 73 74 77 78 79 80 84 90
causeth 9 26 27 45
carolus 98
cherche 12 92
chopine 55
cherish 4 7 9 10 11 12 18 24 26 28 32 37 39 40 41 42 44 49 54 55 56 66 68 71 72 74 76 77 78 79 80 85 88 89 90
cherita 53
carfuls 55
catfish 69 70
causing 4 7 12 13 14 18 21 28 29 32 37 39 40 41 43 44 45 49 52 53 55 59 60 67 68 69 71 72 74 76 77 78 79 82 84 86 88 89 90 92 95
calypso 22 55 65 77 79
coimbra 53 82
cohabit 12 28 49 83
castile 7 12 49 53 55 60 67 77
casting 4 6 9 10 12 13 14 18 21 26 27 28 33 34 39 40 41 43 44 45 46 47 48 49 55 56 57 60 65 68 69 71 72 74 76 77 78 79 80 82 83 84 86 88 90 94 97
colin’s 5
citrons 49 55 82
chabert 84
crash’d 65
cham’er 72
colicky 19 69 70
commire 84
clacton 48
comming 45 98
commits 12 23 34 37 39 41 45 49 64 65 71 77 79 88 97
cloised 72
carpets 4 10 11 12 18 21 26 27 28 35 39 40 54 55 65 70 71 77 78 79 84 92 94
chabeau 12
castle. 38
castles 7 9 13 14 20 28 44 45 46 49 52 55 56 70 71 74 77 78 79 80 82 90 94 96
croghan 83
castled 10
curvets 49
corpses 10 12 20 22 26 27 31 35 37 39 40 48 49 55 68 72 79 84 85
coinage 6 12 17 49 53 76 83 84 92
cobbs’s 14
celadon 65
cements 28 94
cap’ain 40
clauber 55
cargoes 22 40 60 81
chirino 53
castoff 55 94
cheaper 2 13 22 27 28 30 39 42 45 49 50 55 59 68 77 81 83
cheapen 49
citizen 4 7 12 13 15 16 23 27 28 31 37 39 41 42 45 48 49 51 53 55 56 65 69 73 76 77 79 80 83 84 85 86 88 89 91 92
castors 14 40 71
carping 10 22 55
commest 45
cheaply 6 12 13 25 28 40 48 53 56 71 77 78 92
commend 9 16 22 27 39 40 43 45 49 53 54 55 60 65 68 71 77 79 80 88 89 98
commenc 98
comment 4 5 10 12 13 14 16 18 19 21 26 27 28 29 39 41 43 46 48 49 50 53 55 56 59 67 71 72 73 74 75 76 78 79 83 84 90 92 94
coquers 12
commeth 45
civilly 10 11 12 14 16 19 31 37 38 40 41 46 49 54 55 71 73 77 78 82 83 94
civilis 45
claudia 67 77
claudas 9
coaxing 3 4 5 10 21 33 49 50 56 70 71 72 78 83 94
costume 1 10 12 21 23 27 28 36 37 39 40 44 47 50 55 61 65 66 67 68 70 71 77 78 79 84 85 91 92 94
cunning 1 3 4 6 7 10 11 12 13 14 17 19 20 21 22 23 24 26 27 28 29 30 31 32 33 34 36 37 38 39 40 41 42 43 44 46 47 48 49 50 51 53 55 60 61 65 68 69 71 72 73 76 77 78 79 80 82 83 84 85 88 92 94 98
corpore 49
corpora 12 49 55
curving 3 5 12 21 23 30 31 39 40 48 51 55 56 71
caustic 39 41 49 55 59 86 93
catonem 49
cipangu 53
cargare 53
cargate 53
cargato 53
catonis 49
clacked 55
command 4 5 6 7 8 9 10 11 12 13 14 16 17 18 19 20 21 22 26 27 28 29 30 31 32 33 34 35 36 37 38 39 40 41 42 43 44 45 46 47 48 49 51 52 53 54 55 56 57 60 61 64 65 66 67 68 69 71 72 73 74 76 77 78 79 80 81 82 83 85 88 89 90 91 92 93 94 96 97 98 100
canyons 13
cipalle 53
capping 40
cherubs 10 12 13 29
cherub. 41
cunette 12
cabaret 12 79
castera 49
casters 12 26 79 88
casteth 26 45
castest 9 88
caubeen 55
coutard 12
chaster 49
chastel 49
chasten 26 45 80 99
chizzle 78
chassee 40
chasses 12
chassez 12 84
cruesic 53
calhoun 21
cognate 28 55 80 89
cayster 65
cabbies 55
caliber 18
calibre 10 55
cabbing 34
conigli 53
calices 49
cascine 79
cygnets 55
colitum 49
calicut 49 53
comebig 55
calidas 28
cloaked 10 40 55 66 85 88
calidae 49
case.21 12
calidis 49
cupolas 39 47 55
clamart 55
couldna 5
couldnt 55
couldst 26 39 40 41 49 65 70 77 79 85 98
chatham 46 48 71 83
chesney 78
clamber 12 26 33 39 40 47 48 72 83 84
chesnut 83
conifer 55
cropper 51
cropped 6 12 27 29 31 39 41 42 55 57 68 71 72 76 94
couches 9 10 13 23 26 39 44 65 78 79 80 100
couched 9 12 19 27 45 49 55 77 79 82
clauses 20 49 53 54
clausel 12
clausae 49
communi 49
commune 12 14 27 28 37 39 41 45 49 56 68 77 79 90 96
commute 12 77
cabby’s 55
conical 6 12 28 40 48 55 57 79 84
chestle 71
caryste 12
cupfuls 62 66
casuall 45
caucans 65
chested 1 10 13 27 31 40 78
chester 15 56 67 68 83 91 94
canzoni 7
cussing 70
chil’en 27
catguts 81
chace’s 40
colines 53
crashes 12 55
crashed 3 10 17 20 29 30 33 34 39 46 48 54 56
castres 49
cautels 55
cautery 77 80
cabbage 5 12 13 14 16 27 28 37 38 39 41 42 48 49 50 55 56 62 66 68 70 71 78 79 94
cheated 3 6 7 10 12 13 14 15 19 23 27 28 38 41 49 51 53 72 76 77 78 79 81
croydon 80
cascajo 77
cloacal 55
cloacae 55
cubital 49
cascade 12 13 21 26 40 55 56 84
cognues 49
cascara 55
commode 12 44 55
commoda 49
commodo 79
commodi 45
conquer 4 7 9 11 12 13 15 20 26 27 28 38 39 41 42 45 49 51 53 54 55 65 71 74 77 78 79 80 82 83 88 89 90 94 97 98
common. 71 80
citadel 7 12 22 28 39 40 54 64 65 74 79 80 81 84 85 90 92
commons 9 15 21 23 40 43 45 49 55 68 71 73 76 77 78 81 83 89 94 97
coining 12 73
cadaver 12
cyphers 12 40
couture 39
cotyius 65
caution 4 6 7 10 11 12 13 14 16 18 19 21 27 30 31 34 37 39 40 41 43 44 45 46 49 54 55 59 60 64 65 67 68 69 71 73 74 76 77 78 79 80 81 83 84 85 86 89 90 92 97
cebuans 53
carying 91
coligny 12 49
culprit 4 11 12 14 21 27 30 39 41 44 55 71 72 77 79 85 94
coconut 35
chirrup 23 27 66 70 93
chateau 1 13 49 53 76 94
cowboys 52
cohaere 45
cobbled 55 67
cobbles 55
cobbler 12 38 49 77 78 80
carpsit 49
coiners 21 23 26 37
civitas 40 45 97
chirped 5 39 41 57 66 69 78 79 94
caliban 12 23 53 55 79
clamped 12 21 23 40 55 85
cumbers 10
canigao 53
clamour 3 10 31 37 42 45 48 49 55 65 66 67 72 73 81
clavile 77
copreno 53
camel’s 40 69
clamors 12 41
clavijo 77
chaldea 12 45
chaldee 40 55 77
creatam 49
copreus 65
created 1 2 3 4 5 6 7 8 9 10 11 12 13 14 15 16 17 18 19 20 21 22 23 24 25 26 27 28 29 30 31 32 33 34 35 36 37 38 39 40 41 42 43 44 45 46 47 48 49 50 51 52 53 54 55 56 57 58 59 60 61 62 63 64 65 66 67 68 69 70 71 72 73 74 75 76 77 78 79 80 81 82 83 84 85 86 87 88 89 90 91 92 93 94 95 96 97 98 99 100
creater 91
creates 12 15 23 26 27 40 47 49 63 65 66 74 80 84 85 90 92 95 96
cathara 53
creased 10 17 28 42 44 55
colambu 53
creases 10 12 21 27 39 41 42 55 57 66 71 78 84
chalcas 65
chalcis 22 65
censors 12 49 80
curetes 65
chalard 12
caucons 65
chozzen 72
culotte 27 55
chalais 79
crescat 49
canikin 6
crescit 49
caulked 40 71
caulker 6
coulter 13 35
cable’s 73 79
creanno 53
creando 45
cicadae 49
creamer 62
creamed 40
canimus 79
coiffer 10 12
coiffes 12
caninis 49
canings 71
calaber 65
cutella 53
cutelle 53
creaked 10 12 13 23 27 39 41 43 46 55 69 78 79 84 85 94
chiamau 53
creakle 71
chatted 1 4 12 16 17 18 21 27 28 31 34 35 39 43 46 48 56 61 66 69 78 82 84 94
chatter 10 12 16 17 23 26 27 29 33 37 38 39 47 49 56 67 68 69 71 72 73 77 79 84 99
chattel 4 13 27 32 41 51
cubicle 55
cloaths 81 83
chialin 53
chiaman 53
cerises 10
cytorus 65
crabbed 5 10 12 42 49 78
censers 23 39 84 88
colabre 12
closing 4 10 12 13 14 16 18 19 21 23 27 28 29 30 32 34 37 39 40 41 42 43 44 46 47 49 50 51 54 55 59 60 61 64 65 67 68 69 70 71 72 74 76 77 78 79 80 84 85 86 88 89 90 92 94
censier 12
crassus 49
crassum 49
crassis 49
chisels 77
canibus 80
cintura 53
casuist 41 60
caliphs 12 28 84 89
canidia 12
coexist 85 89
choices 80
choicer 14
choice. 79
coucous 12
closets 1 12 26 27 41 54 67 73 77 78 79 84 94
closest 11 14 16 17 26 28 39 44 49 51 53 65 66 67 69 70 71 74 78 79 83 84 85 90
closely 1 3 4 5 6 7 9 10 11 12 13 14 15 16 17 18 19 20 21 22 23 26 27 28 29 30 32 33 34 35 37 39 40 41 42 43 44 45 46 47 48 49 51 53 55 56 57 59 61 65 68 69 71 74 75 76 77 78 79 80 81 82 83 84 85 86 89 90 92 93 94 95 97 98
comedia 79
censing 49
chettle 55
cittern 49
chortle 55
cumulus 48
cameron 51 55
crack’d 65
capilly 53
capilla 77
capilli 53
chloe’s 27
crupper 9 12 33 39 49 55
conseil 12
cocytus 22 80
calanao 53
cerasus 28
consate 46
canaan. 27
cythera 12 22
check’d 49 65
calanoa 53
carians 65
creta’s 65
corinth 12 45 49 51 55 65 80
corinne 94
calanus 49
croquet 3 18 57 94
croquer 10
caprice 10 11 12 15 16 18 19 23 39 41 44 49 66 71 72 73 74 77 78 79 85 90
conscia 49
caribou 28
caprina 45
cecidit 49
cmr12.p 63
correct 4 7 10 11 12 13 14 15 16 17 19 20 21 22 26 27 28 31 32 33 34 36 37 39 40 41 43 44 45 46 49 50 51 53 54 55 56 62 63 65 66 67 68 70 71 72 73 76 77 78 79 80 83 88 89 93 94 95
crested 12 20 31 40 46 48 55 65
caricar 53
cresses 49 66
cresset 55
cressid 55
centaur 7 22 46 49 55 65 79 81 94
cosmolo 82
centers 13 53
clement 7 10 12 45 49 53 55 79 80 81
clemens 69 70
calasag 53
cabugan 53
capisco 79
carigar 53
customs 1 4 7 9 12 13 14 15 17 22 26 28 31 33 39 40 41 42 46 49 51 52 53 55 60 65 68 73 74 76 77 79 80 81 82 83 85 88 89 90 92 94 96 97
crozier 55
custome 45
custody 3 10 11 14 17 21 34 39 45 49 55 68 71 72 73 76 77 78 79 81
censure 2 10 11 15 16 19 23 37 39 41 44 45 49 65 66 68 73 77 80 81 83 89 97
cathili 53
cathils 53
corrals 53
custode 7 49
clicked 14 33 34 39 40 41 55 67 78
cabuc’s 12
chalked 39 55 68 70 78 93
camello 53
cilumay 53
cilumai 53
camelty 33
chalian 65
chalice 22 23 39 42 55
camelot 9 56
chaucer 49 71 85
crupp’s 71
chaliot 12
calagan 53
craters 12 13 30 40 55 72
copious 5 14 28 30 42 44 45 49 55 59 65 68 72 73 81 86 88
cyril’s 39
copriua 53
conacre 55
coprire 53
caprara 79
cathy’s 72
circe’s 22 55
coridon 49
cypriad 65
cyprian 45 65 88
cetacea 40
cypress 12 22 27 28 37 46 64 65 70 74 77 79 84 90
closure 11
cometh. 27
creavit 49
cometty 42
creator 1 4 10 12 20 23 26 27 28 32 37 39 41 45 49 51 55 60 68 74 76 77 80 81 84 85 88 90 92 97
creatos 49
creatur 14 45
choisir 12
crisply 21 56 57 76
crisped 44
carrion 10 12 17 26 28 33 35 39 40 45 46 55 60 71 72 73 76
catiche 39
crispus 45
consume 7 12 13 14 20 22 23 28 31 40 42 45 46 49 60 65 71 73 74 78 79 80 88 90 94 97
consult 4 5 6 10 11 12 13 14 16 18 19 21 22 23 29 37 39 40 41 43 44 45 46 49 53 55 60 65 68 71 73 78 79 80 82 83 84 88 89 94 97 99
consuls 49 55 79
consule 12 49
chelles 12
clock’s 40
canaria 53
canaris 12 40
cotiret 12
climbed 1 4 5 6 8 10 12 13 17 18 21 22 26 27 28 30 31 33 38 39 40 41 43 46 47 51 55 56 57 58 60 61 63 64 66 67 68 69 71 72 73 76 77 78 79 81 85 94
climber 9 26 48 64
centric 98
centred 12 21 34 43 46 51 55 72 74 77 79 90 92
centres 12 37 40 46 48 51 55 76 78 79 84 89 92
coselli 79
central 10 12 13 18 21 27 28 31 33 34 37 39 40 42 43 46 47 48 50 51 53 55 56 66 67 76 77 78 86 89 92
clotted 5 12 20 23 32 37 39 40 42 43 55 65 84
climate 6 10 13 16 19 21 26 27 28 31 37 39 40 42 43 44 47 49 55 57 60 65 71 73 74 75 76 78 79 80 81 83 84 85 89 90 92 93 94 100
crethon 65
cellent 71
constat 49
conspir 98
circuit 4 6 11 12 14 19 20 26 27 28 40 44 45 47 49 55 57 60 65 67 68 71 72 73 76 77 78 79 80 84 85 86 88
cachili 53
cochran 81
c.lxxix 53
crackin 27
crackit 68
crackle 10 33 38 39 46 48 57 65 78
crackly 72
crebras 49
church. 41 71 100
carrots 5 48 55 56 66 77 78 79
carrols 94
carroll 3
clawing 1 27 70 78 94
clusive 68
clusium 12
cracked 1 6 8 12 13 14 21 23 26 27 28 30 31 32 35 37 38 39 40 41 46 47 48 49 50 55 56 57 58 60 61 66 67 69 71 72 74 76 77 78 79 84 90 93 94
cracker 18 26 27 51 100
conjuge 65
cellist 13
cellini 13 28
comfort 3 4 6 9 10 11 12 13 14 16 17 18 19 20 21 22 24 25 26 27 28 29 31 32 35 36 37 38 39 40 41 42 43 44 45 46 47 48 49 53 54 55 56 57 59 60 61 64 65 68 69 70 71 72 73 74 76 77 78 79 80 81 82 84 85 88 89 90 92 93 94 97 98 99
century 1 4 5 12 13 15 20 21 22 23 26 27 28 29 34 37 38 39 40 41 42 43 46 47 48 49 51 52 53 55 65 66 67 70 71 72 73 74 77 78 79 80 82 83 84 85 89 90 92 94 95 96
chremes 49
cutoire 12
consols 71
console 10 11 12 13 16 23 26 27 28 32 37 39 41 42 44 49 55 56 65 68 71 72 74 76 77 79 90 92 94
conjure 12 19 26 27 28 34 39 40 44 45 55 65 68 74 77 78 79 80 89 90 98
crisis. 71
consort 5 6 7 10 12 20 40 49 50 55 65 68 73 77 80 81
camoens 77
corrupt 1 2 3 4 5 6 7 8 9 10 11 12 13 14 15 16 17 18 19 20 21 22 23 24 25 26 27 28 29 30 31 32 33 34 35 36 37 38 39 40 41 42 43 44 45 46 47 48 49 50 51 52 53 54 55 56 57 58 59 60 61 63 64 65 66 67 68 69 70 71 72 73 74 75 76 77 78 79 80 81 82 83 84 85 86 87 88 89 90 91 92 93 94 95 96 97 98 99 100
coracle 6
capital 1 3 4 6 7 8 10 11 12 13 14 15 16 17 21 23 27 28 30 31 32 34 36 37 38 39 40 41 42 43 44 46 48 49 51 53 54 55 60 65 66 68 69 70 71 72 73 75 76 77 78 79 80 81 82 83 84 85 88 93 94 96 97
consler 91
capitis 49 55
crished 55
capitur 49
capitum 49
carrara 7 82
checker 12 16 28 55 67 85
checked 3 5 10 11 12 13 14 16 18 19 22 26 27 28 30 31 33 37 39 41 43 44 45 46 47 49 51 55 56 57 59 60 61 65 68 69 70 71 72 74 76 77 78 79 88 89 90 93 94
climb’d 65
ciugano 53
capitol 37 45 49 79
calauar 53
chibouc 84
cretans 22 80
clanked 10 12 55 93
crebleu 12
caudine 12
cynical 1 10 12 13 18 21 23 37 40 41 50 51 55 67 75
custard 3 16 17 42 55 57 93
canakin 40
colbert 12
chambre 10 12 44 49 79 84
conatum 49
cecilia 55
conatus 49
circles 5 7 8 10 11 12 14 16 19 21 26 27 28 30 33 35 37 39 40 41 42 44 46 48 49 50 55 57 58 65 67 68 69 71 73 77 78 79 80 83 84 88 89 98
circlet 9 10 18 34 39
clever. 5 71
circled 10 18 20 22 28 29 30 33 34 38 39 40 42 46 48 53 65 76
circle. 71
clangor 13 28 84 85
conjoin 49
cindery 48
cinders 5 10 13 20 28 38 40 41 42 71 72 79 82 86 94
consign 11 40 53 54 55 68 71 77 78 81
corrode 86
clemmin 5
consist 4 10 12 13 18 26 28 29 39 40 44 45 49 55 56 63 65 68 69 73 74 78 80 81 84 85 86 88 89 90 92 94 95 97
comfits 3 10 55
chamber 4 5 7 9 10 11 12 13 14 16 17 18 19 20 21 22 23 26 27 28 29 33 34 35 38 39 40 43 44 45 46 47 48 49 51 52 53 54 55 56 60 61 65 66 67 68 69 71 72 73 74 76 77 78 79 82 83 84 85 88 90 92 93 94 98
cupping 26 49 81
clanged 13 18 35 40 42 43 46 55 76
cetatem 49
consent 1 4 6 7 9 10 11 12 13 14 15 16 17 18 19 22 27 28 29 32 34 35 36 37 38 39 40 41 43 44 45 46 49 50 51 53 54 55 60 65 68 69 71 72 73 74 75 76 77 78 79 80 81 82 83 85 88 89 90 93 94 95 97 99
cellars 12 13 14 26 28 37 39 40 48 49 68 69 71 73 76 78 79 84 88 91 93
cananor 53
capable 1 4 6 7 8 10 11 12 14 15 16 19 21 22 23 26 27 28 29 30 31 32 34 35 36 37 39 40 41 42 43 44 45 47 48 49 50 51 52 55 56 57 60 63 65 67 68 69 71 72 73 74 76 77 78 79 80 82 83 84 85 88 89 90 92 93 95 96 97 99
crete’s 65
clothed 1 4 6 7 9 10 12 14 16 22 24 26 27 28 32 38 39 40 41 42 43 44 45 47 48 49 50 51 53 54 55 56 60 61 64 65 67 68 71 74 76 77 78 79 80 83 84 88 90 93 94
carrick 55
capaces 49
carried 1 3 4 5 6 7 8 9 10 11 12 13 14 15 16 17 18 19 20 21 22 23 25 26 27 28 29 30 31 32 33 34 35 37 38 39 40 41 42 43 44 45 46 47 48 49 50 51 52 53 54 55 56 57 58 59 60 61 63 64 65 66 67 68 69 70 71 72 73 74 75 76 77 78 79 80 81 82 83 84 85 86 88 89 90 91 92 93 94 96 97 98 99 100
clothes 1 2 4 5 6 7 8 9 10 11 12 13 14 16 17 18 19 21 22 23 24 25 26 27 28 29 30 31 32 34 35 36 37 38 39 40 41 42 43 44 45 46 47 48 49 50 51 52 53 54 55 56 57 59 60 61 62 63 64 66 67 68 69 70 71 72 73 74 75 76 77 78 79 80 81 82 83 84 85 87 90 93 94 97 99
carrier 3 10 12 28 31 35 39 42 46 48 71 73 77
carries 1 10 12 16 19 20 21 22 27 35 36 37 38 39 40 41 43 46 49 50 53 55 60 61 65 66 67 68 70 71 75 76 77 78 79 80 85 94 97
cariole 12
clouds. 71
cotalle 53
ceasing 6 12 13 14 16 18 19 22 24 27 28 32 37 38 39 40 41 44 45 46 55 57 65 67 68 71 74 77 78 79 82 84 85 88 89 90 94
chicken 5 6 10 11 12 13 14 16 18 19 27 28 34 37 38 39 41 46 49 51 53 55 56 58 62 66 67 69 70 71 72 73 78 81 82 83 85 94 95
couerto 53
cloudes 45
clouded 4 10 11 12 14 21 22 37 39 40 41 43 46 49 51 54 55 65 66 70 71 72 74 76 77 78 79 81 85 90
compage 49
compago 53
compact 6 10 12 13 14 15 17 19 20 28 29 30 31 39 40 41 44 46 49 65 66 67 68 69 71 74 76 77 78 79 80 81 85 88 89 90 96 97
compare 1 5 7 9 10 11 12 14 16 18 19 22 26 28 29 31 32 34 35 39 40 41 43 44 45 46 48 49 51 53 54 55 60 63 65 68 69 71 72 73 77 78 80 81 83 84 85 88 89 92 94 95 97 98
comparo 49
calking 32 53
company 3 4 5 6 7 9 10 11 12 13 14 16 18 19 21 22 23 24 25 26 27 28 29 30 31 32 33 34 35 36 37 38 39 40 41 42 43 44 45 46 47 48 49 50 51 52 53 54 55 56 57 59 60 61 62 63 65 66 67 68 69 70 71 72 73 74 75 76 77 78 79 80 81 82 83 84 85 88 89 90 92 93 94 97 98 99 100
cleerly 45
compass 6 7 8 11 12 14 15 18 19 21 22 27 28 29 30 32 33 40 46 49 53 55 60 65 68 69 71 73 74 76 77 78 79 80 81 83 84 85 86 88 90 97 98
cleerer 45
capsize 40 55
childer 10 72
claflin 51
crecham 91
creches 80
churned 30 33 39 40 55 77 78
cupid’s 33 55 77
cugoano 81
coghlan 55
certior 49
content 3 5 6 7 9 10 11 12 13 14 17 18 19 22 23 26 27 28 29 30 32 33 35 36 37 38 39 40 41 42 43 44 45 46 47 49 51 52 53 54 55 56 57 59 60 61 63 65 66 67 68 69 71 72 73 74 75 76 77 78 79 80 82 83 84 85 88 89 90 92 93 94 95 96 97 98
contend 6 7 10 12 16 19 22 27 30 32 34 37 41 45 46 49 52 55 60 65 68 69 71 73 76 77 78 79 83 85 88 89 92 97
certing 46
contemn 45 49 73 88
context 20 22 26 34 39 40 49 50 53 63 84 95
certify 12 13 22 32 46 55 68 78 79 81 89
chichag 39
contest 4 10 12 13 14 15 17 20 22 27 31 39 40 41 44 48 49 65 66 68 71 74 76 77 78 79 80 81 83 84 85 89 90 96 97
clubmen 55
corslet 20 65
caserta 84
chilian 40
chicory 77
caramba 40 55
caramel 55 56 67
corsica 12 49 79 82 92 94
couning 91
camotes 53
chang’s 66
count’s 39 44 49 79
chobham 48
caranta 53
caddies 48
creturs 70
caddish 41
contain 1 2 3 4 5 6 7 8 9 10 11 12 13 14 15 16 17 18 19 20 21 22 23 24 25 26 27 28 29 30 31 32 33 34 35 36 37 38 39 40 41 42 43 44 45 46 47 48 49 50 51 52 53 54 55 56 57 58 59 60 61 63 64 65 66 67 68 69 70 71 72 73 74 75 76 77 78 79 80 81 82 83 84 85 86 87 88 89 90 91 92 93 94 95 96 97 98 99 100
craunch 73
contact 1 2 3 4 5 6 7 8 9 10 11 12 13 14 15 16 17 18 19 20 21 22 23 24 25 26 27 28 29 30 31 32 33 34 35 36 37 38 39 40 41 42 43 44 45 46 47 48 49 50 51 52 53 54 55 56 57 58 59 60 61 62 63 64 65 66 67 68 69 70 71 72 73 74 75 76 77 78 79 80 81 82 83 84 85 86 87 88 89 90 91 92 93 94 95 96 97 98 99 100
chamois 12 21 22 26 37 39 40 49 74 77 79 90 92
conti’l 49
cluster 9 11 12 18 20 21 22 26 33 39 40 43 46 48 51 55 56 57 67 68 71 76 78 79 81 84 85 94
clocher 12
champak 23
chicago 13 20 23 51 55 61 63 66 67
coddles 17
coddled 17
caseful 21
corsets 12 13 55 66
cayuses 30
clubbed 13 22 30 33 40 54
caviare 41 55 77 82
chick’n 4
chick’s 55
chelsea 14 50 73 78 83
cosette 12
catinat 49
codding 55
cachous 55
certaid 68
certain 1 2 3 4 5 6 7 8 9 10 11 12 13 14 15 16 17 18 19 20 21 22 23 24 25 26 27 28 29 30 31 32 33 34 35 36 37 38 39 40 41 42 43 44 45 46 47 48 49 50 51 52 53 54 55 56 57 58 59 60 61 62 63 64 65 66 67 68 69 70 71 72 73 74 75 76 77 78 79 80 81 82 83 84 85 86 87 88 89 90 91 92 93 94 95 96 97 98 99 100
carabin 12
colburn 90
claffey 55
coltish 6
child’s 1 4 5 6 9 10 12 13 14 16 17 19 21 25 27 29 32 33 34 35 37 38 39 40 41 42 47 48 49 51 54 55 56 61 68 69 71 72 73 74 76 79 85 100
covrire 53
catrini 53
circule 80
clocked 79
chloral 26 46
councel 45
council 6 7 8 9 12 13 14 16 20 22 27 28 31 33 34 38 39 41 44 46 49 51 53 55 60 61 64 65 68 73 76 77 78 79 80 81 83 85 94 97 99
chloris 22 77
cribbed 14 55
coralli 53
carados 9
cupidae 49
cupiens 49
calkers 32 53
crissie 55
corsali 53
coramve 49
corsair 10 77 82
cristal 37
corsage 12
cupidum 49
cupidus 49
carafes 12
caraffa 49
caraffe 21
certeza 53
carryin 5 70
cloud’s 65
carryed 45
champed 40 46
cuprani 55
cidonia 53
ceasest 88
caiphas 12 45
cachuca 12
ceaseth 9 26 45 88
comorin 53 77
conceal 1 4 5 6 7 9 10 11 12 14 15 16 17 18 19 21 22 23 26 27 28 31 32 35 36 37 39 40 41 42 43 44 45 46 49 51 53 54 55 57 60 63 64 65 67 68 71 72 73 74 75 76 77 78 79 80 81 82 83 84 85 88 90 92 94 96
concedi 97
concede 4 12 27 28 55 59 68 74 79 80 90
catalog 46
conceit 9 11 12 16 17 19 21 26 29 34 37 39 40 41 42 45 49 55 58 66 71 72 73 77 80 83 84 88 89 92 94 97 98
catalpa 84
conceiv 83
concert 1 3 5 12 14 16 21 26 32 34 38 40 42 44 49 51 53 55 56 62 69 71 74 76 77 78 79 82 83 89 90 94
concern 2 4 6 8 9 10 11 12 13 14 15 16 17 18 19 21 22 23 26 27 28 29 31 32 35 37 38 39 40 41 42 43 45 46 47 49 51 55 59 60 62 63 65 66 68 69 70 71 72 73 74 77 78 79 80 81 83 85 88 89 90 91 92 94 95 97
comprau 53
coopers 12 40 53 55 81
concent 55
concept 1 2 3 4 5 6 7 8 9 10 11 12 13 14 15 16 17 18 19 20 21 22 23 24 25 26 27 28 29 30 31 32 33 34 35 36 37 38 39 40 41 42 43 44 45 46 47 48 49 50 51 52 53 54 55 56 57 58 59 60 61 63 64 65 66 67 68 69 70 71 72 73 74 75 76 77 78 79 80 81 82 83 84 85 86 87 88 89 90 91 92 93 94 95 96 97 98 99 100
campany 37
campane 53
coyness 39 44 71 77 92
calcata 55
crammed 11 12 14 17 33 40 42 44 48 49 51 55 56 68 70 71 72 73 79 92 93 94
crammle 46
cravens 55
collide 39 55 63
collier 14 71 78 98
compost 28 55
collins 11 14 28 32 55 70 83 97
compote 41
comport 49 77 85
compose 1 4 11 12 14 16 21 22 26 27 28 32 36 39 40 41 42 49 51 54 60 65 68 71 73 74 76 77 78 79 80 81 83 85 88 89 90 94
contusi 49
canting 6 34 40 44 45 49 55 73
collisa 49
cravest 26
cantita 53
cezaria 53
cobwebs 5 8 10 14 22 23 27 33 39 55 57 69 71 73 78 85 96
change. 14
changed 1 3 4 5 6 7 8 9 10 11 12 13 14 16 17 18 19 20 21 22 23 24 25 26 27 28 29 30 31 32 33 34 35 36 37 38 39 40 41 42 43 44 45 46 47 48 49 50 51 52 53 54 55 56 57 58 59 60 61 65 66 67 68 69 70 71 72 73 74 75 76 77 78 79 80 81 82 83 84 85 88 89 90 92 93 94 95 96 97 98 99
changez 55
changes 3 4 6 7 10 11 12 13 14 15 16 17 18 19 20 21 22 25 26 27 28 31 34 36 37 39 41 42 43 44 45 46 47 48 49 51 52 53 55 56 59 60 63 65 66 67 68 69 71 72 73 74 76 77 78 79 80 82 83 84 85 88 89 90 91 92 94 95 96 97 98
changer 12
cineres 12 49
cinerem 49
channel 10 12 16 22 27 28 30 31 34 39 40 42 43 44 45 46 48 49 53 55 60 65 68 69 70 71 72 73 74 76 77 78 79 80 81 83 84 85 90
chromis 65
concach 53
chromes 67
crosier 12
chromos 51
concaui 53
cumming 90
cummins 55
concave 12 55 65 73 80 84 98
colum’s 55
cespite 55
cross’d 65
campful 11
coerces 80
coerced 18 40 78
catarrh 12 49 80 85
college 6 7 10 12 13 18 20 21 22 27 28 30 34 39 40 42 43 44 45 48 49 51 54 55 56 57 62 63 67 70 71 72 73 74 76 77 78 79 82 83 85 90 94 97
collect 10 11 12 13 14 15 16 19 22 23 26 27 28 33 35 36 37 39 40 41 42 45 48 49 51 57 65 66 68 69 70 71 72 74 76 78 79 81 83 84 88 90 94
colleen 55
cravats 12 21 70 71 94
cravath 51
cavagio 53
corbeau 12
contrat 12 39
contrar 27
captain 4 5 6 7 9 10 11 12 13 14 15 16 17 21 22 23 26 27 28 30 31 32 33 37 38 39 40 41 42 44 45 46 48 49 50 53 55 60 64 65 67 68 69 70 71 72 73 74 75 76 77 78 79 80 81 82 83 85 88 90 94 97 99
clyster 49 73 77
complex 7 12 15 21 23 28 34 37 39 41 42 43 44 47 48 55 57 63 74 78 79 80 84 90 92 95
contriv 83
contrey 91
calchas 65
cradles 4 11 12 18 26 27 45 49 51
control 1 4 5 7 10 12 13 14 16 18 19 21 23 24 25 26 27 28 29 30 31 32 33 35 37 38 39 41 42 43 44 46 48 49 50 51 53 54 55 56 57 59 63 65 67 68 71 72 74 76 77 78 79 80 82 83 84 85 86 87 89 90 92 93 94 95 96
clouted 83
callboy 55
callbox 55
camphor 10 12 27 47 53 71 94
cowered 17 26 27 33 34 35 46 55 56 57 67 68
cendere 53
cadmean 65
contoli 53
countwy 39
county. 71
contour 10 12 23 27 40 55 67 82 84
compile 40 45 49 55 63
contort 10 12 72
cradled 26 27 40 77 90
chevaux 12 55
chokers 55
cankers 26
chillas 82
choketh 26
chillen 70 94
chilled 4 6 10 12 13 14 18 26 27 28 33 34 37 39 40 42 43 46 47 48 50 67 68 69 71 74 76 78 79 81 84 88 90 94 100
chillip 71
caraque 49
chillon 94
crosbie 42 55
count79 63
count89 63
count80 63
count88 63
count87 63
count86 63
count85 63
count84 63
count83 63
count82 63
count81 63
count91 63
count90 63
count99 63
count98 63
count97 63
count96 63
count95 63
count94 63
count93 63
count92 63
choked. 38
collahs 39
caciato 53
counsel 4 7 9 10 12 14 16 19 20 21 22 26 27 29 31 32 37 38 39 40 41 42 43 44 45 46 47 48 49 54 55 60 65 68 69 71 72 73 74 76 77 78 79 80 81 82 83 84 85 88 89 90 94 98
collars 5 12 13 14 20 23 31 32 37 39 42 51 55 71 77 81 84 93 94
collard 12 55
critias 49 80
critics 7 9 10 12 20 23 26 40 42 49 51 56 65 66 68 77 80 82 83 92
collata 49
counter 1 6 7 10 12 13 14 16 18 19 23 26 27 28 37 39 40 41 42 45 46 49 50 51 55 56 57 60 62 66 67 68 69 70 71 72 76 77 78 79 84 92 93 94
counted 4 5 8 9 10 11 12 13 14 17 18 20 22 26 27 29 30 33 35 37 38 39 40 41 42 43 45 48 49 51 54 55 56 61 65 66 68 69 70 71 72 73 76 77 78 79 80 81 82 84 88 92 94 97
cantaua 53
cantata 39
capstan 6 12 40 46 71
cantare 53
cantaro 12
country 1 2 3 4 5 6 7 8 9 10 11 12 13 14 15 16 17 18 19 20 21 22 23 24 25 26 27 28 29 30 31 32 33 34 35 36 37 38 39 40 41 42 43 44 45 46 47 48 49 50 51 52 53 54 55 56 57 58 59 60 61 62 63 64 65 66 67 68 69 70 71 72 73 74 75 76 77 78 79 80 81 82 83 84 85 86 87 88 89 90 91 92 93 94 95 96 97 98 99 100
crosart 39
cheveux 12
capsule 26 37
compeer 65
capsula 49
compell 45 81
compels 7 10 12 14 22 32 37 41 46 49 53 65 77 79 80 84 85 92 96 97
caravel 53
compete 7 13 17 22 42 56 77 79 80 84 96
cercare 53
chandra 35
cimabue 84
croaker 55 72 94
croaked 26 38 39 43 68 72 76 94
caravan 14 31 34 37 40 49 60 72 78
culinic 55
chancre 55
ciauamo 53
caraway 28 42 55
chemise 12 37 39 44 55
chemist 12 14 23 34 41 54 55 71 74 76 79 83 84 90 92
coarser 14 16 28 37 41 44 53 63 71 73 74 80 85 90 92
canteen 12 39 55
capbell 55
cantels 9
choking 3 4 5 12 13 14 18 23 26 27 30 31 37 39 40 41 42 44 46 47 48 49 50 51 55 67 69 71 72 76 78 79 82 84 94 100
continu 83
contino 79
canters 55
cantera 77
chance. 22 34 71
catalan 55 63 77 79
chancel 10 51 55
chances 4 5 6 7 10 11 12 13 14 16 18 21 26 27 29 30 32 36 39 40 42 43 46 47 48 49 50 51 55 57 58 68 69 70 71 74 76 77 78 79 80 85 89 90 92
chanced 3 4 10 11 12 13 14 19 20 21 26 27 28 30 34 37 38 39 40 41 43 45 47 48 49 54 55 58 65 66 68 71 72 73 74 76 77 78 79 80 81 84 85 90 97
clinton 12 83
conuito 53
criueno 53
cancers 48
cancels 97
cancell 45 83
clapham 11 48 55 83
cheer’d 65
cabesus 65
chimera 10 12 49 55 60 74 77 80 84 90
curried 32 49 55
cottage 4 5 6 10 12 14 16 18 19 27 28 31 37 38 39 40 41 42 43 44 47 48 49 51 55 61 66 68 71 72 74 76 77 78 79 84 85 88 90 94 97 100
clytius 22 65
copland 9
credite 77
credits 63 77 79
cadet’s 39
currite 98
cuticle 12 28
cayenne 18 71 81 82
curious 1 3 4 5 6 10 11 12 13 14 16 17 18 19 20 21 22 23 26 27 28 29 31 32 35 36 37 38 39 40 41 42 43 44 45 46 47 48 49 50 51 53 54 55 56 58 59 60 61 63 65 67 68 69 70 71 72 73 74 75 76 77 78 79 80 81 82 83 84 85 88 89 90 91 92 94 100
captors 6 39 40 77
carking 40 55
chaffin 46
callous 6 10 12 14 15 17 23 26 27 28 30 31 32 37 39 41 46 49 50 51 54 55 74 78 85 90 96
cyllene 12 22 65
colures 77
cholera 5 12 13 27 40 44 79 85
criuanj 53
cheekes 98
cheeked 5 12 13 23 37 39 40 41 51 52 78 85 93
crane’s 52
celebes 53
cogimur 49
chaffed 21 34 39 42
credere 49 53
corbury 57
cartels 77
concord 10 12 15 28 45 49 76 77 78 80 82 85 88 99
credeua 53
cortice 49
cadells 77
clefrin 73
cortina 53
credens 49
cortine 53
clucked 39 55 85 93
carters 12 35 39 47 49 77
crickey 55
cricket 6 12 27 39 40 41 42 48 49 52 55 67 68 69 71 78 84 89 94
chiming 18 27 39 43 68 71 84
calumet 55
cartful 49
calumny 12 15 37 41 49 77 79 89 92
cadence 10 20 23 27 40 42 49 51 65 73 74 76 82 84 85 90
chawley 55
camping 13 22 30 31 33 39 55
cantons 12 83
cantone 53
calcine 73
calcina 53
chevron 70
cheek’s 6
clinker 48 55 71 83
clinked 6 12 21 42
cocaine 21
cacique 53 77
concoct 49 77 85
concone 55
cruises 12 40 81
cruiser 40 66 77
cruised 40 70 81
crossly 3 5 13 39 41 44 56 58 67 72 94
crossin 5 6 27 78
called. 27 38
crosses 1 6 7 12 16 17 23 26 30 36 37 38 39 40 42 45 46 48 49 50 52 55 56 60 68 72 75 76 77 78 79 81 83 84 88 98 99
crosser 5 16 27 72 94
crossed 1 3 4 5 6 7 10 11 12 13 14 16 17 18 21 22 23 26 27 28 29 30 31 33 35 37 38 39 40 41 42 43 44 46 48 49 51 52 53 54 55 56 57 59 60 61 65 67 68 69 70 71 72 73 74 76 77 78 79 81 83 84 85 88 90 92 93 94 98
cortege 1 13
chusing 16 19 83 97
calleth 26 27 45 88
callest 26 40 77 85 88
corteli 53
callers 10 18 34 39 56 66 86 94
catskin 41
chidden 10 49
cavalca 22
chronic 12 14 21 27 30 50 55 69 78 79 92 94
coopman 40
chawing 70
cavalry 7 12 18 29 33 37 39 41 48 49 55 57 76 77 78 79 82
chronos 65
columba 55
columbo 49
columns 6 8 10 12 13 14 18 21 22 25 26 28 31 34 39 40 43 46 47 48 49 51 53 55 63 65 71 73 78 79 81 82 83 85 94
corkman 55
compute 2 49 73 81 89
collops 55
concise 11 12 15 16 19 21 26 27 39 52 68 78 79 98
cadeaux 10
corking 55 73 77
chimbly 70
clients 12 14 21 34 42 43 46 48 71 76 78 83
clutter 49 56 59
cleobis 49
callida 65
callico 81
chiding 4 7 9 18 27 28 39 55 65 79 81
chantin 5
calling 1 3 4 5 6 7 8 9 10 11 12 13 14 15 16 17 18 19 20 21 22 23 24 26 27 28 30 31 32 33 34 35 37 38 39 40 41 42 43 44 45 46 47 48 49 50 51 52 53 55 56 57 59 60 61 64 65 66 67 68 69 70 71 72 73 74 75 76 77 78 79 80 81 83 84 85 88 89 90 92 93 94 95 96 97 98 99 100
curacoa 55
clodion 23
caption 34
chantry 39
capting 40
craving 4 10 13 22 23 26 34 37 41 44 46 48 52 55 66 69 71 72 74 76 77 78 84 85 90 92 94
comptez 39
captive 4 7 10 12 14 17 20 22 31 35 39 40 41 43 45 49 51 53 60 65 68 69 70 71 74 76 77 79 80 81 88 90 93 94 97 99
currunt 49
clinias 49
carbine 12 31 33 49 55 78 79
compton 55
cramped 4 10 12 15 18 33 37 39 40 47 48 49 51 55 56 70 71 74 76 77 78 79 89 90
clinics 12
cadedra 53
crittur 27
conchis 49
conches 33
chanson 55
critter 27
chantal 12
conciar 53
chanter 12 39 55
chanted 10 28 37 55 77 92 94
catkins 55
coughed 10 12 13 14 27 33 37 39 42 46 55 56 59 68 71 72 76 77 78 79 80 94 100
codfish 12 14 17 40 55
condign 45 49
clayton 16 43
crushes 8 10 12 28 41 55 77 78 79 84 89
crusher 55
crushed 4 5 6 7 9 10 12 13 14 16 18 20 21 22 23 27 28 32 37 38 39 40 41 43 44 46 48 49 50 51 54 55 60 61 66 67 68 69 71 72 74 75 76 77 78 79 80 82 85 90 93 94 100
chukkar 55
corliss 51
capless 39
cattell 45
celerem 49
chewink 28
chewing 13 14 17 21 27 33 35 39 40 49 53 55 58 59 66 67 69 70 72 76 77 78 85 88 94 99
cheever 40
carcase 40 49 51 65 68 69 77 88
carcass 2 6 12 13 20 22 30 31 33 40 41 49 55 70 72 73 77 79 81 84 85 97 99
cennato 53
crime’s 65
cupimus 49
celesti 77
cobolds 92
condemn 3 4 7 10 11 12 16 26 27 28 36 37 39 41 45 46 49 51 60 65 71 73 74 77 79 80 89 90 92 93 97 98
cattini 79
cieuses 12
cattish 26
crevice 1 5 12 14 28 38 41 43 44 52 55 68 69 74 76 78 79 84 90
craning 6 12 13 42 43 46 57 78
crawchy 27
cremona 34 79
credunt 49
cottons 12 31 41 79
calmeta 53
calmest 8 12 26 41 71 78 84
carcere 49
carceri 79
cranium 40 52 55
crusade 12 13 26 39 42 49 51 53 89
cadenti 49
cemimus 49
cranial 40
chenier 12
chafing 12 27 30 33 39 46 49 53 55 68 71 72 77 78 98
chivied 50 78
chivins 28
cholics 49
capture 4 6 7 9 12 13 17 21 23 26 27 32 33 34 35 37 39 40 42 46 48 49 50 51 53 54 55 65 68 69 71 77 79 80 92 94
catbird 69
chimney 1 3 4 6 10 11 12 14 16 17 18 19 21 23 24 26 27 28 32 38 39 40 41 44 45 46 48 49 51 52 54 55 57 66 68 69 71 72 74 76 78 79 81 83 84 85 90 93 94 98 100
carting 28 39 55
cupitor 79
currant 5 12 14 41 42 45 55 56 70 71 72 79 94
cogitur 49
crush’d 65
coaster 79
coasted 10 53 55 79 81 82
cacambo 82
china’s 55
cohen’s 55
cheetah 21
chief’s 17 31 39 55 65 79
choughs 77
cyzicus 49
cemitur 49
coldest 6 10 12 16 26 28 32 48 65 68 71 78 93
cranaus 65
cheese. 38
cheeses 12 22 38 60 71 77
cynthia 49 65 83
clapper 39 55
clapped 4 6 9 10 12 14 17 19 21 22 27 31 33 34 35 38 39 40 41 42 43 48 49 51 55 56 57 58 60 61 66 68 70 71 72 74 76 77 78 79 83 85 90 93 94
crillon 12
cheweth 26
current 1 2 3 4 5 6 7 8 9 10 11 12 13 14 15 16 17 18 19 20 21 22 23 24 25 26 27 28 29 30 31 32 33 34 35 36 37 38 39 40 41 42 43 44 45 46 47 48 49 50 51 52 53 54 55 56 57 58 59 60 61 63 64 65 66 67 68 69 70 71 72 73 74 75 76 77 78 79 80 81 82 83 84 85 86 87 88 89 90 91 92 93 94 95 96 97 98 99 100
cartoon 48
chewers 28
cheered 1 3 4 5 6 9 10 12 14 17 19 20 22 26 27 28 31 33 34 39 40 41 44 46 52 53 55 56 60 65 70 71 74 76 77 78 79 80 81 88 90 94 99
chaflet 9
cogitat 49
claying 78
cheerio 55 59
cranabs 49
cogitet 49
cheerly 40
