d’e 12
d’h 39 55 79
d’s 39 66
d.c 20
d.d 21 55 73 75
d.w 49 77
d.v 10 55
dab 12 14 55 70 76 78 85
dad 4 21 40 46 50 55 56 69 70 72 87
daf 63
dah 70
dai 66 67
dal 7 49 53
dan 4 20 27 39 40 42 45 50 53 55 57 67 70 71 78 79
dam 2 12 13 22 28 30 39 40 46 49 53 55 60 97 98 99
dar 4 27 53 63 70 98
dat 4 13 18 20 27 30 39 40 49 70 94
das 12 20 26 39 53 55 63 94
dav 39
dau 53
daw 55
day 1 2 3 4 5 6 7 8 9 10 11 12 13 14 15 16 17 18 19 20 21 22 23 24 25 26 27 28 29 30 31 32 33 34 35 36 37 38 39 40 41 42 43 44 45 46 47 48 49 50 51 52 53 54 55 56 57 58 59 60 61 62 64 65 66 67 68 69 70 71 72 73 74 75 76 77 78 79 80 81 82 83 84 85 86 88 89 90 91 92 93 94 95 97 98 99 100
dde 20
deb 55
dea 49
ded 20
dec 12 60 66 70 74 83 90
def 63
dee 33 55 58 72 78 84
dei 7 12 22 41 45 49 55 79 80 84 92 97 98
del 5 7 20 22 26 28 40 49 50 53 55 65 77 79
den 4 5 10 12 13 20 21 22 23 24 26 27 30 32 33 37 38 39 40 41 43 46 48 49 55 56 60 63 64 65 68 69 70 71 72 76 78 79 80 83 84 93 94 97 99
dem 4 10 13 27 39 49 63 70 71 94
deo 12 49 65 77 79 97
der 10 12 13 20 26 27 28 37 39 41 51 53 55 63 71 92 93
det 78
des 10 12 20 23 26 28 39 44 49 55 63 71 78 79 82 84 92 94
dev 39
dew 5 8 10 12 18 21 22 23 24 26 27 28 29 31 33 35 38 39 40 42 44 49 51 53 55 56 61 64 65 67 68 71 72 74 77 78 79 84 88 90 92 94 96
dey 4 13 27 40 70 77 82
dgl 63
dhk 33
dho 55
dia 12 21 22 28 45 55 65 84
did 1 3 4 5 6 7 8 9 10 11 12 13 14 15 16 17 18 19 20 21 22 23 24 25 26 27 28 29 30 31 32 33 34 35 36 37 38 39 40 41 42 43 44 45 46 47 48 49 50 51 52 53 54 55 56 57 58 59 60 61 62 63 65 66 67 68 69 70 71 72 73 74 75 76 77 78 79 80 81 82 83 84 85 87 88 89 90 91 92 93 94 95 97 98 99 100
dic 10 49 53
die 1 2 3 4 5 6 7 8 9 10 11 12 13 14 15 16 17 18 20 21 22 23 24 26 27 28 29 30 31 32 33 34 35 36 37 38 39 40 41 42 43 44 45 46 47 48 49 50 51 53 54 55 56 58 60 61 62 63 64 65 66 67 68 69 70 71 72 73 74 75 76 77 78 79 80 81 82 83 84 85 88 89 90 91 92 93 94 95 97 98 99 100
dig 3 5 6 12 13 17 18 21 22 26 27 28 30 33 38 39 40 41 42 43 46 48 49 51 53 55 58 60 64 66 69 70 71 72 73 76 77 78 79 80 81 84 85 91 92 93 94 100
dii 49
dil 53 55
din 4 10 12 13 14 17 18 26 28 30 33 37 39 40 41 42 48 55 65 67 68 69 72 77 79 83 84 88 99
dim 1 4 5 8 9 10 12 13 14 17 18 21 22 23 25 26 27 28 29 30 31 32 34 35 37 38 39 40 43 46 47 48 49 51 52 53 55 56 57 60 65 67 68 69 70 71 72 73 74 76 77 78 79 84 85 90 93 94
dip 5 6 10 12 14 18 28 33 39 40 43 45 46 49 55 57 60 65 66 68 69 71 72 78 79 84 93
dio 39 49 53 55
dir 49
dit 10 12 49 55
dis 4 12 13 27 30 40 45 49 55 69 70 77 94
div 49 55
diu 49
dix 12 51 55
do. 3 12 14 21 22 37 38 41 71 79
dod 94
doc 51 55 67
doe 33 45 55 71 78 98
dog 1 3 4 5 6 10 12 13 14 16 17 18 19 20 21 22 23 26 27 28 29 30 31 33 34 35 36 37 38 39 40 41 42 43 46 48 49 50 52 53 55 56 60 61 62 64 65 66 67 68 69 70 71 72 73 74 75 76 77 78 79 80 82 83 84 85 88 90 91 92 93 94 98 99 100
don 7 9 12 27 28 39 40 46 49 52 53 55 57 58 62 67 69 70 71 73 77 78 79 82 83 86 92 93 94 96 98
dom 12 13 53
doo 6 14 17 38 77
dor 12 39 77
dot 6 13 17 30 43 48 55 63 68 69 70 71 72 79 93
dos 46 49 55
dov 39
dou 55
dow 68 91
doz 55 83
doy 94
dpc 63
dra 20
dry 3 4 5 6 8 10 12 13 14 16 17 18 19 21 22 23 26 27 28 29 30 31 32 33 34 35 36 37 38 39 40 41 42 43 44 45 46 47 48 49 50 51 52 53 54 55 56 57 59 60 61 62 65 66 67 68 69 70 71 72 73 74 76 77 78 79 80 81 82 83 84 85 86 88 89 90 92 93 94 98 99 100
dth 55
dub 30 55 60 77 92
dua 53
duc 12 39 49 79
due 1 2 4 6 7 9 10 11 12 13 14 16 17 18 19 20 21 22 23 25 27 28 31 32 33 34 35 36 37 38 39 40 41 42 43 44 45 46 47 48 49 50 51 53 55 56 57 60 61 63 65 67 68 69 71 72 73 74 76 77 78 79 80 81 82 83 84 85 86 88 89 90 91 92 93 94 95 96 97 99
dug 5 6 10 12 14 21 22 23 25 28 30 31 34 37 38 39 40 43 46 48 49 53 55 58 60 61 66 69 70 71 72 73 76 77 78 79 81 83 85 88 94
duj 53
dui 53
dul 91
dun 10 20 21 22 27 28 34 39 40 41 46 48 53 55 60 74 78 84 90 91 92
dum 12 20 28 33 49 51
duo 7 97
dur 12
dut 40
dus 91
dux 49 55 83
duy 53
dwy 39
dya 39
dyd 53
dye 10 12 45 49 50 54 55 56 65 66 68 71 76 78 80 81 85 91 98
