dard’s 12
dipp’d 65
doffed 9 10 13 39 44 55 76 92
doffue 52
drafts 13 18 39 55 70 76 78 79 83
dignam 55
dignit 12
dragon 6 9 12 20 22 23 26 27 28 38 39 40 41 45 49 55 65 66 71 77 78 79 84 88 92 94 98 100
dignum 49 55
digger 5 12 14 26 40 66 67 68 76 78 79 82
digged 33 97 99
diggin 5 27 76
dehaze 12
digidi 55
d’eckm 39
digiti 49
digits 55 80 88
drachm 49 77
depuis 39
deputy 7 12 13 14 41 42 45 46 50 52 55 68 71 73 79 83 85 97
depute 49 79
dritte 63
dumont 12
dumped 13 30 33 39 69 70
driver 10 12 13 17 21 23 27 28 30 31 32 33 34 35 36 37 39 40 41 42 43 46 47 48 50 51 54 55 56 63 65 66 67 68 70 71 76 78 79 83 86
drives 7 10 12 18 19 21 24 27 30 33 37 39 40 41 44 45 46 49 50 51 55 56 65 73 76 77 78 79 80 81 88 89 95
driven 1 4 5 6 7 8 9 10 11 12 13 14 15 16 17 18 19 20 21 22 23 24 26 27 28 29 30 31 32 33 34 35 36 37 38 39 40 41 42 43 44 45 46 48 49 51 53 54 55 56 57 59 60 61 65 67 68 69 71 72 73 74 75 76 77 78 79 80 81 82 83 84 85 86 88 90 92 93 94 95 97 99 100
drivel 55
drivin 5
dumpty 55
digest 1 10 12 15 26 28 37 39 40 45 48 49 55 65 72 85 88 92 94
dazled 45
dumque 49
depriv 83 98
depths 10 12 13 18 20 22 23 26 27 28 29 30 31 32 34 35 36 37 39 40 41 43 44 46 49 51 54 55 56 57 61 64 65 67 69 71 72 74 76 77 78 79 84 85 88 90 92 93 94
drissa 39
daring 4 6 10 11 12 14 15 16 17 18 20 21 22 26 27 29 32 34 37 39 40 41 44 45 46 48 49 50 51 55 56 57 59 60 65 66 68 69 71 72 73 74 76 77 78 79 80 81 84 89 90 92 94
darius 7 49 77 82
duenna 12 77 78
darker 1 4 10 12 13 14 16 17 18 19 21 26 27 28 29 31 32 33 37 38 40 42 43 47 48 51 52 55 56 63 65 67 68 70 71 76 78 79 80 81 84 85 92 93 94
darkey 27 66
darken 1 10 15 32 46 48 49 55 56 61 65 70 71 78 79 81
darkly 1 10 14 17 27 31 40 41 46 48 49 50 51 54 55 56 57 68 71 76 77 78 79 80 85 88 94
drawly 70
drawls 49 55 70 78
dympna 55
drawer 10 12 13 14 17 18 21 23 26 27 29 34 36 37 38 39 41 46 49 50 54 55 57 60 66 67 68 71 72 73 74 76 78 79 84 90 92 94 98 100
drawes 45
drawed 6 70 71 78
darlin 27
doores 98
doored 40
daisey 94
doge’s 23
dunlap 46 70
daisy. 71
darent 55
daremo 55
dundas 21
dundee 21 33 90 94
dunder 14
dareth 26 77
darest 20 41 65 77
dargle 55
duells 45
duello 49
doomed 4 6 8 12 13 14 16 17 19 20 22 27 32 33 35 39 40 41 46 48 54 55 56 66 71 72 74 76 77 78 79 81 82 84 85 90 92 93 94 96
dainis 20
dainty 2 6 7 9 10 12 17 18 22 23 26 28 30 34 36 37 38 39 40 41 43 44 46 47 48 50 51 52 55 56 60 61 68 69 70 72 76 77 78 79 80 85 92 94 98
dart’s 49
darien 40 51 66
dazzle 12 29 34 41 46 48 49 64 66 77 78 79 84
darauf 63
daraus 63
door’s 19 69
dramas 12 65 77 79 80 82 98
drance 74 90
dunams 55
drancy 12
dranpa 94
dunbar 55 83
dehors 41
dehort 45
dardan 65
dipped 3 10 12 13 14 18 21 23 28 29 31 33 34 38 40 41 42 45 46 51 55 56 57 59 60 66 67 68 69 71 76 79 99
dipper 28 33 57 70
dunces 73 80 98
duncan 17 21 28 34 70
darebe 53
draped 10 12 14 18 23 26 27 30 31 39 42 43 55 56 77 93 94
draper 16 49 53 71 84
drapes 12 36
doom’d 65
drains 12 19 34 47 48 55 77 78
doodle 17 38 44 69 78
drakes 55 71
draw’d 14 71
dexter 55 65 70 91
dextra 49 53
dextro 49 55
dion’s 49
doen’t 71
duluth 67
degere 49
dapper 13 43 54 55
dappes 12
dapple 73 77
daylit 47 55
daylye 53
differ 2 10 11 16 27 28 39 40 41 43 44 45 46 49 51 55 65 71 72 73 77 78 79 80 81 83 84 88 89 91 94 95 97 98
done’s 27
deorum 45 49 89
ducray 12
duller 41 45 47 49 51 69 72 80 88 92 93
dulled 12 13 18 23 26 39 49 66 79 84 85
dyce’s 65
difare 53
ductus 49
dodson 32
duclos 12
defter 77
dinted 71 77
deftly 17 39 40 42 46 50 51 53 55 56 69 76 78 79 92 93
daphne 55
domnia 7
dovich 39
d’wolf 40
dowers 40
deploy 40 48 55 78
dudley 23 55 70 85
drills 16 31 40 55 60 86
dyuers 53
doesnt 55
donnez 55
donner 10
donned 12 13 17 18 20 28 39 40 44 56 68 72 77 79
donnys 78
drink. 38 71 80
drinks 4 6 9 10 12 13 14 18 22 23 28 37 39 40 41 42 49 51 53 55 56 62 64 65 68 73 75 77 78 79 80 89 93 94
depots 7 13 51
deport 68 78
depose 14 21 37 39 40 45 49 55 73 78
dixons 16
donoso 77
donors 1 2 3 4 5 6 7 8 9 10 11 12 13 14 15 16 17 18 19 20 21 22 23 24 25 26 27 28 29 30 31 32 33 34 35 36 37 38 39 40 41 42 43 44 45 46 47 48 49 50 51 52 53 54 55 56 57 58 59 60 61 63 64 65 66 67 68 69 70 71 72 73 74 75 76 77 78 79 80 81 82 83 84 85 86 87 88 89 90 91 92 93 94 95 96 97 98 99 100
donoli 53
degnio 53
dionys 65
depict 12 32 40 41 44 55 63 68 71 77 78 80 94
dumbly 39 40 41 78 94
depite 46
depity 46
dudici 53
dudice 53
d’euna 7
donjon 10 55 70 84
dowden 55
dudizi 53
dudize 53
d’este 7 23
degree 1 2 4 7 9 10 11 12 14 15 16 18 19 21 23 26 27 28 29 32 33 34 35 37 39 40 41 42 43 44 45 46 47 49 50 51 52 53 54 55 56 60 62 63 65 67 68 69 71 72 73 74 75 76 77 78 79 80 81 82 83 84 85 88 89 90 91 92 93 94 95 96 97 98 100
donkey 12 14 16 26 31 33 38 40 44 46 55 66 68 71 77 78 84 94
dowell 51
dahlia 12 23 55 94
diores 65
dumdum 55
driv’n 49
dgowan 97
dog.45 12
depend 4 7 10 11 12 13 14 16 19 21 23 27 28 29 32 33 34 36 37 38 39 40 41 42 43 44 45 46 49 50 54 55 56 60 63 65 66 68 69 70 71 73 74 75 76 77 78 79 80 81 83 84 85 86 88 89 90 93 94 95 97 100
dixero 49
drieth 51
driest 3 60
drieto 53
drifts 10 13 28 40 43 48 49 57 64 65 72
diomed 12 22 65
depart 1 4 7 9 10 11 12 14 15 16 19 22 26 27 30 35 37 38 40 41 43 44 45 46 47 49 53 55 56 62 64 65 68 71 72 73 74 76 77 78 79 80 81 82 83 84 85 88 90 92 94 98 99
d’elle 12 65
deghex 53
donald 22 55 78
dmetor 22
donate 1 2 3 4 5 6 7 8 9 10 11 12 13 14 15 16 17 18 19 20 21 22 23 24 25 26 27 28 29 30 31 32 33 34 35 36 37 38 39 40 41 42 43 44 45 46 47 48 49 50 51 52 53 54 55 56 57 58 59 60 61 63 64 65 66 67 68 69 70 71 72 73 74 75 76 77 78 79 80 81 82 83 84 85 86 87 88 89 90 91 92 93 94 95 96 97 98 99 100
donata 66
driant 9
dayvle 78
desp’t 27
desert 4 5 6 9 10 11 12 13 14 16 17 20 22 23 24 26 27 28 29 31 34 36 37 38 39 40 41 43 45 46 48 49 50 51 53 55 57 60 61 64 65 68 69 71 72 74 76 77 78 79 80 81 82 83 84 85 89 90 92 93 94 95 96 97 100
deserv 83
deared 94
dearer 4 7 10 12 14 16 18 19 20 22 23 26 38 39 41 45 49 55 56 65 66 71 72 74 76 77 78 79 80 88 90 94 100
dearly 4 10 11 12 14 15 16 19 20 21 22 23 25 26 27 28 36 37 38 39 40 41 44 46 49 52 55 56 58 61 64 65 68 71 72 74 76 77 78 79 82 85 90 92 93 94 98 100
dearie 34 44 56 94
dearth 10 22 28 38 49 51 55 72 73 85
dirlos 77
datali 53
deathe 91
deaths 7 9 10 12 21 22 35 38 39 40 43 48 49 55 65 68 71 73 74 77 78 79 80 81 84 87 88 90
deatey 91
death. 3 22 31 34 41 71 77 79 84
duggan 42 55
deshil 55
deshon 39
dirges 77 84
desaix 12
descry 12 14 39 40 51 65 66 77 78
dspbrk 63
deject 49
direbe 53
direct 1 2 3 4 5 6 7 8 9 10 11 12 13 14 15 16 17 18 19 20 21 22 23 24 25 26 27 28 29 30 31 32 33 34 35 36 37 38 39 40 41 42 43 44 45 46 47 48 49 50 51 52 53 54 55 56 57 58 59 60 61 63 64 65 66 67 68 69 70 71 72 73 74 75 76 77 78 79 80 81 82 83 84 85 86 87 88 89 90 91 92 93 94 95 96 97 98 99 100
direst 26 27 40 46 79 84 85
dirent 53
dealer 12 18 27 32 37 39 43 48 54 71 73 77 78 79 83 89 98
deaden 11 12 14 40 44 48 49 55 76 78 79 84 96
deader 34 71
deadly 1 4 6 9 10 12 13 14 15 18 21 22 23 24 26 27 28 29 31 32 33 34 35 37 38 39 40 41 42 43 44 45 46 47 48 49 50 52 54 55 56 57 61 65 66 68 69 70 71 72 73 74 76 77 78 79 84 85 88 90 92 98
derwan 55
deaead 55
deafen 26 51 69 84 88
deafer 16
deafly 49
dirais 12
dabbed 18
dabble 34 49 74 90
dora’s 71
dupont 12 66
duport 39 65
debeat 49
debeas 49
debell 40
debere 49 97
dale’s 44
duprat 12
duprez 79
duplat 12
dessay 46
d’orma 49
dessen 63
d’orco 7
debate 7 9 12 13 14 15 16 19 27 28 35 37 45 49 54 55 60 65 71 73 78 79 94 95 97
debars 20
debase 32 49 77
destin 12
debbil 4
debble 4
drunk. 12
drunlo 73
drunks 13 55 70
datoli 53
desunt 49
desmar 73
dathan 45
druggs 40
dabuge 12
diable 12 26 39 41 79 82
dating 12 15 16 27 28 29 39 50 54 78 80
dakota 13 67
dative 17 20
druids 12 28 49 55
druidy 55
despit 27
despis 83
dozing 3 10 12 13 14 17 27 30 37 39 41 42 44 46 47 48 57 59 60 68 69 70 71 72 74 76 78 86 90 94
duping 37
dugout 31 39
despot 10 12 27 37 39 40 51 55 64 78
dupict 53
diadem 14 18 21 22 40 55 65
drum’s 76
dughan 53
design 2 6 7 9 10 11 12 14 15 16 17 18 19 22 23 25 27 28 29 32 34 37 38 39 40 41 43 44 45 46 48 49 53 54 55 60 65 68 70 71 72 73 74 76 77 78 79 80 81 82 83 84 85 89 90 97 99
desier 91
desiit 49
desist 1 4 7 10 17 39 40 41 42 44 45 48 49 53 55 65 68 71 77 78 81 92
desire 1 2 4 5 6 7 8 9 10 11 12 13 14 15 16 17 18 19 20 21 22 23 24 26 27 28 29 30 31 32 33 34 35 37 38 39 40 41 42 43 44 45 46 47 48 49 50 51 53 54 55 56 57 58 60 61 64 65 66 67 68 69 71 72 73 74 75 76 77 78 79 80 81 82 83 84 85 88 89 90 91 92 93 94 95 96 97 98 99 100
deaved 72
drudge 4 12 13 14 16 23 27 37 50 55 68 71 76 78 92 97 98
dated. 47
dherbe 53
dozens 5 6 12 13 27 37 39 41 47 49 50 56 71 76 78 79 86 94
duperr 12
derang 83
dogger 6 40
dogged 4 12 14 17 27 30 34 40 43 46 51 52 55 68 69 71 72 76 78 84 85 93 94
doggie 18 33 66
derbac 12
doghan 53
dyer’s 77
dash’d 65
dern’d 69
dyeing 56 73 76 80 83
dereno 53
d’hote 66
darwin 26 28 34 47 55 66 90 92
darzas 13
darzee 33
deigns 41 49 79
derail 86
darras 9
dunque 65
dere’s 27 51
dwells 12 20 22 25 28 35 40 49 51 61 64 65 77 78 79 80 92 97
dartes 53
darter 80
darted 1 5 10 12 13 14 16 17 18 21 22 23 27 30 31 34 37 38 39 40 41 43 44 47 48 49 55 56 57 58 60 65 66 68 69 71 74 76 78 79 82 85 90 94 100
dartin 5
dartle 71
drayma 68
darnay 76
dunlop 55
darned 12 34 48 55 68 71 93 94
dihang 33
darnut 72
doothe 53
dunnot 72
dunned 71
dunnut 10 72
doyley 55
doyles 55
dptypo 63
dean’s 55 72
deacon 10 12 27 39 40 41 45 51 55 70 82 85
dufour 12
dufond 12
doppia 49
dasein 63
dermot 55
deists 83
dashed 4 5 6 7 9 10 12 13 14 16 17 20 21 22 23 27 28 29 30 31 32 33 34 37 38 39 40 41 43 44 46 47 49 50 52 56 57 60 61 66 68 71 72 73 74 76 77 78 79 81 82 84 88 90 93 94 98
derned 70
dashes 6 12 14 27 28 34 37 40 41 49 50 53 68 70 78 94
dufery 55
duffer 12 31
dogmas 10 12 26 49 83 84 95
deinde 49
derham 51
deinem 51
derick 40
deride 39 49 65 88
dasn’t 69
duobus 49 98
dogood 83
derive 1 2 3 4 5 6 7 8 9 10 11 12 13 14 15 16 17 18 19 20 21 22 23 24 25 26 27 28 29 30 31 32 33 34 35 36 37 38 39 40 41 42 43 44 45 46 47 48 49 50 51 52 53 54 55 56 57 58 59 60 61 63 64 65 66 67 68 69 70 71 72 73 74 75 76 77 78 79 80 81 82 83 84 85 86 87 88 89 90 91 92 93 94 95 96 97 98 99 100
dizion 53
durden 78
durell 81
duress 55
dureth 55
dick’s 6 33 40 71
die’ll 6
dammed 49 76
delson 51
dureza 53
damned 4 8 10 12 13 23 29 32 34 36 37 39 40 41 42 45 46 47 49 50 51 54 55 67 71 72 76 78 79 81 83 84 98
dresse 45
dressy 41 55 56
dresus 65
deltos 65
dresos 12
dress. 38
dicast 80
ditton 48
dittoh 55
durgin 32
delude 10 12 35 39 40 49 60 65 71 72 77 84 85
delmar 44
doated 10 16 90
duraua 53
durano 53
durant 81
drench 40 41 55 65 72
durand 40 79
decuit 49
delort 12
deuill 98
dosing 55 69
delphi 28 45 49 51 80
delian 49 65
dreher 35
deline 55
decore 49
deuced 18 42 55 79
decora 49 84
dition 23 77
damede 91
decree 7 10 12 16 19 20 37 38 39 40 41 45 49 53 55 60 65 73 76 77 79 85 88 89 92 94
dredge 55
decked 11 12 20 26 31 37 38 41 53 55 56 66 69 72 77 79 80 85 88 92 93
declam 49
declar 27 83
declin 83
dave’s 30
damage 1 2 3 4 5 6 7 8 9 10 11 12 13 14 15 16 17 18 19 20 21 22 23 24 25 26 27 28 29 30 31 32 33 34 35 36 37 38 39 40 41 42 43 44 45 46 47 48 49 50 51 52 53 54 55 56 57 58 59 60 61 63 64 65 66 67 68 69 70 71 72 73 74 75 76 77 78 79 80 81 82 83 84 85 86 87 88 89 90 91 92 93 94 95 96 97 98 99 100
damask 10 12 18 22 23 27 39 44 49 53 55 71 77 78 79 94 100
dedita 49
demean 11 39 50 66 76 77 83
demens 12
diuers 53
dillon 42 55
danach 20 63
danaen 49
dickie 81
dicker 13
dedere 49
dickon 5
demain 39
demand 1 2 3 4 5 6 7 8 9 10 11 12 13 14 15 16 17 18 19 20 21 22 23 24 25 26 27 28 29 30 31 32 33 34 35 36 37 38 39 40 41 42 43 44 45 46 47 48 49 50 51 52 53 54 55 56 57 58 59 60 61 63 64 65 66 67 68 69 70 71 72 73 74 75 76 77 78 79 80 81 82 83 84 85 86 87 88 89 90 91 92 93 94 95 96 97 98 99 100
durstn 78
dwined 9
duirna 53
dedalo 55
dedale 55
davy’s 55 71
dedans 10 41
deuten 63
deutet 63
dilate 21 44 55 77 79 80 90
dwight 83
dilber 93
durned 55
dobbin 28 38 71
davout 39
duroys 83
deluge 10 12 15 27 28 29 39 40 44 45 49 55 65 69 72 76 77 79 80 97
davies 19
durham 4 12 13 46 51
davitt 55
deuoto 53
damped 10 40 68 71 81 92 99
damper 10 12 39 43 69 72
dampen 12
delved 28 55 85 94
damply 40 46
during 1 2 4 5 6 7 9 10 11 12 13 14 16 17 18 19 20 21 22 23 26 27 28 29 30 31 32 33 34 36 37 38 39 40 41 42 43 44 45 46 47 48 49 50 51 52 53 54 55 56 57 58 59 60 61 62 63 65 66 67 68 69 70 71 72 73 74 75 76 77 78 79 80 81 82 83 84 85 86 88 89 90 91 92 93 94 95 96 97 98 99 100
dicene 53
diceno 53
dicent 49
dicere 12 49
dicers 55
dicero 53
diceua 53
damsel 10 14 18 22 52 65 71 72 77 79 80 84 94
debter 45
dauber 12 94
debtor 12 28 35 40 45 49 55 60 71 77 78 81 84 88
daubed 6 12 23 28 39 43 46 69 72 73 84 92 94
doings 4 11 12 13 14 16 20 21 22 27 29 33 37 39 41 44 45 46 49 51 55 56 60 64 67 70 71 77 78 79 80 81 85 88 93 94 99
doing. 38 44
dalian 79
debuit 49 97
dorian 22 23 80
disons 92
disown 10 12 20 21 26 28 41 49 72 73 75 77 79 89
doride 66
daudet 18
dispel 12 16 21 28 40 41 42 64 65 68 72 74 77 78 79 88 90
dorion 65
disput 49
dispos 83
dalkey 42 55
d’athl 10
dorcas 27 94
d’azur 39
detect 1 7 10 11 14 18 27 28 32 34 39 40 41 45 46 49 65 67 69 72 74 76 77 78 79 80 84 85 89 90 91
daleth 55
deteno 53
detero 53
deters 65 71 84
debray 79
detest 4 11 12 15 19 22 26 31 32 37 39 41 49 50 55 56 65 71 72 74 78 79 80 82 88 90 94
debris 13 34 48 69 86
debrye 12
dislik 83
dismal 4 10 12 13 14 16 24 27 28 34 38 39 40 41 42 43 47 48 49 51 52 54 55 56 60 61 65 67 68 69 70 71 72 74 76 77 78 79 82 84 85 90 93 94
dismas 12
dismay 1 3 7 9 10 11 12 13 14 16 18 20 21 22 24 26 27 29 30 37 38 39 40 41 43 46 47 48 52 55 56 57 61 65 68 69 71 74 77 78 79 84 90 93 94
dauamo 53
dauano 53
dismis 28
disent 18
dijlah 28
d’angl 12
detach 1 2 3 4 5 6 7 8 9 10 11 12 13 14 15 16 17 18 19 20 21 22 23 24 25 26 27 28 29 30 31 32 33 34 35 36 37 38 39 40 41 42 43 44 45 46 47 48 49 50 51 52 53 54 55 56 57 58 59 60 61 63 64 65 66 67 68 69 70 71 72 73 74 75 76 77 78 79 80 81 82 83 84 85 86 87 88 89 90 91 92 93 94 95 96 97 98 99 100
d’ambi 49
detain 11 12 16 18 19 21 22 28 37 39 44 46 49 54 65 71 72 74 75 76 78 79 80 81 82 83 88 90
detail 1 5 6 10 11 12 13 14 16 17 18 19 21 22 23 27 28 29 30 31 34 37 38 39 40 41 42 43 44 46 47 48 49 51 57 59 63 65 67 68 69 71 74 76 77 78 79 80 81 83 84 88 89 90 92 95
doradi 53
dorade 53
dorado 53 77 79 82
dorato 53
dorati 53
dished 4 10 37 94
dorate 53
dishes 2 3 4 5 6 9 10 11 12 13 14 16 18 20 23 27 28 30 37 38 39 40 41 42 49 52 53 55 56 57 59 60 61 62 66 71 72 73 77 78 79 82 83 88 93 94 98
dorans 55
doigts 10 23
d’albe 12
dmitri 37 41
dacier 65
d’asse 12
disant 9 55
drusus 49
dianam 49
disarm 7 11 12 19 23 34 37 49 51 72 79
dianas 17 68 77
d’arcy 42 55
debita 53 97
debits 77
discus 65
diaper 23
dacent 4 10 72
dame’s 10 55
dautin 12
delany 55
dreads 10 14 43 46 49 65 71 84 85 92 94
delati 49
delays 9 10 16 19 27 31 39 44 46 49 65 67 69 77 78 79 81 86 94 97
dautun 12
delay. 71
dreary 4 5 6 10 12 13 14 18 20 21 23 24 26 27 28 29 30 31 34 35 37 38 39 40 41 43 44 46 52 54 55 61 65 68 69 71 72 74 76 77 78 84 85 90 93 94
dream. 38 79
dreams 1 4 5 6 10 12 13 14 16 17 18 21 22 23 24 26 27 28 30 31 33 35 37 38 39 40 41 42 44 45 46 47 48 49 50 51 52 54 55 56 57 58 59 60 64 65 66 67 69 70 71 72 73 74 76 77 78 79 80 81 82 83 84 85 88 90 92 94 95 100
dreamt 10 16 17 18 24 26 35 37 38 40 41 42 44 46 48 49 53 55 64 65 69 72 73 74 77 79 81 90
dreamy 3 5 12 13 14 18 21 23 27 34 37 39 40 41 44 46 50 52 55 56 57 66 69 70 71 72 78 84 85 100
dreame 45
decide 4 5 6 7 8 10 11 12 13 14 15 16 17 19 20 21 22 23 25 26 27 28 32 34 35 36 37 38 39 40 41 43 44 45 46 49 50 51 53 54 55 56 58 59 61 63 65 67 68 70 71 72 73 74 75 76 77 78 79 80 82 84 85 87 88 89 90 92 93 94 95 97 98 100
ditch. 100
decius 49
de.pdf 63
daddle 6
daunus 49 65
daunts 94
doruis 42
decede 49
deceat 49
deceas 83
deceit 9 10 12 16 22 24 25 26 30 34 39 41 45 49 60 65 71 72 74 76 77 79 80 83 88 90 92
deceiv 83 98
decent 4 10 11 12 13 14 15 16 18 19 23 27 28 29 31 34 35 37 38 39 40 41 42 45 46 48 49 50 51 52 54 55 56 57 63 65 66 67 68 70 71 72 73 75 76 77 78 79 81 83 92 94
daulis 65
deck’d 65
decade 7 13 43 51 67 69 89 92 96
dorset 42 55
dorsal 12 40 55
decamp 12 55 72 78 79
dalton 55
decays 39 49 65 88 92
did’st 40
dalman 83
dormir 39
dormer 12 18 76
daly’s 23 55
distat 49
distil 49 53 65 81 85
dibble 55
detour 6 12 13 21 35 44 48 51 55 92
disuse 12 18 29 46 49 53 56 76 79 80 85
denyed 45
denyes 45
dourov 37
deface 49 55 65
doused 6
defame 9 26 46 65 71
dinant 9
dinbad 55
douloi 45
denser 12 35 37 39 47 48 84
dine’s 12
dafter 91
dental 12 55 69 84
dented 12 40 52 61 79
dentem 49
dentes 49
dolsky 34
doumec 12
dentoo 53
denton 81
dentro 53 79
dounia 37
diebus 55
divulg 83
dubury 81
duties 4 5 7 8 10 11 12 14 15 16 18 19 20 21 22 23 27 28 29 30 32 34 35 36 37 39 40 41 42 44 45 46 49 51 53 55 56 57 58 59 65 68 71 72 73 74 75 76 77 78 79 80 83 84 85 88 89 90 92 94 96 97 100
drying 6 10 12 13 14 18 22 28 29 31 37 39 41 42 49 55 57 61 66 71 72 76 78 79 80 93 94
doctus 49
doctor 1 4 5 6 8 10 12 13 14 17 18 19 21 23 25 27 28 30 31 34 36 37 38 39 40 41 42 43 44 45 46 47 48 49 51 52 54 55 56 57 59 60 62 66 67 68 69 70 71 72 73 75 76 77 78 79 80 81 82 83 84 85 90 92 94 98 100
dewide 91
dewily 55
denote 10 16 19 39 40 49 53 68 73 74 76 80 85 90
dolops 65
dolong 53
dubosc 55
dolour 9 49
doloso 49
dolore 49
dolori 49
dolors 91
dubois 12
dryden 65 83
dewlap 43 55
dryest 5
dubito 49
dimple 12 28 39 44 55 56 78 94
denken 63
denker 63
dewees 83
deerly 45
douere 53
dollar 4 13 18 27 28 32 34 40 42 51 57 62 66 67 69 70 81 83 84 91 94
doueua 53
dimsey 55
dublin 2 16 32 42 48 55 73 80 90
didyme 22
dollop 55
dolman 55
dough. 38
dryads 12 13 56 77
denned 55
dennis 13 34 51 81
doughy 44 55
deform 54 65 66
defoul 9
dodona 12 22 28 65 84
domini 41 49 55 76 98
domino 12 36 49 55 78 79 94
domine 12 45 46 49 55 88
dulcet 20 55 77 78
dulcem 49
dulcia 49
dulcis 49
duleau 12
ducked 12 13 27 31 33 39 40 48 49 55 68 69 70 76 77
defray 4 13 17 21 40 45 49 73 78 79 81 83 89
duckie 42
dover. 71
dar’st 40 65
diesem 63
diesel 86
diesen 63
ducere 49
dieses 63
dieser 63
dagger 4 6 9 10 12 17 19 23 39 40 41 49 53 55 60 65 68 69 74 76 77 78 79 80 84 90 94 97 98
daggoo 40
dodman 71
dieted 45 83
dulang 53
dinner 1 3 4 5 6 7 8 9 10 11 12 13 14 16 17 18 19 21 22 23 25 26 27 28 29 30 31 32 33 34 35 36 37 38 39 40 41 42 43 44 46 47 48 49 50 51 52 53 54 55 56 57 58 59 60 61 65 66 67 68 69 70 71 72 73 74 75 76 77 78 79 81 82 83 84 85 88 89 90 92 93 94 95 98 99
dinned 51 71 79
dietro 49 53
defoil 9
duck’s 38 72
dove’s 36 72
dinghy 17
dingle 6 55
dinged 42 55
daxter 91
dingen 63
dodged 3 6 13 14 17 27 28 30 31 48 55 68 69 70 77
dodges 27 40 41 71
dodger 68
domain 1 2 3 4 5 6 7 8 9 10 11 12 13 14 15 16 17 18 19 20 21 22 23 24 25 26 27 28 29 30 31 32 33 34 35 36 37 38 39 40 41 42 43 44 45 46 47 48 49 50 51 52 53 54 55 56 57 58 59 60 61 63 64 65 66 67 68 69 70 71 72 73 74 75 76 77 78 79 80 81 82 83 84 85 86 87 88 89 90 91 92 93 94 95 96 97 98 99 100
ducado 53
diener 26
dienen 55
ducati 53
ducato 53
ducats 7 38 49 55 60 77 83
defied 8 10 11 13 30 34 40 42 48 49 50 51 55 65 68 71 72 77 84 94
defies 4 6 8 16 18 26 49 65 71 72 77 78 81
defier 12
defile 12 23 27 34 39 40 41 51 55 60 73 88
define 10 12 14 18 19 21 23 26 27 31 39 40 41 43 45 48 63 71 73 74 78 80 84 85 88 90 92 95
dining 5 8 10 11 12 13 14 16 17 18 19 21 22 23 25 27 28 29 31 34 36 37 38 39 40 41 43 44 46 47 48 49 50 51 54 55 56 60 62 66 67 69 70 71 73 75 76 77 78 79 80 82 88 93 94
dodici 53
dodice 53
dieppe 44 49 55 79 82
dryven 53
dincer 83
dryops 65
dodder 42 55
defect 1 2 3 4 5 6 7 8 9 10 11 12 13 14 15 16 17 18 19 20 21 22 23 24 25 26 27 28 29 30 31 32 33 34 35 36 37 38 39 40 41 42 43 44 45 46 47 48 49 50 51 52 53 54 55 56 57 58 59 60 61 63 64 65 66 67 68 69 70 71 72 73 74 75 76 77 78 79 80 81 82 83 84 85 86 87 88 89 90 91 92 93 94 95 96 97 98 99 100
defeat 4 7 12 13 14 16 20 23 29 31 32 39 41 46 49 55 56 60 65 71 72 74 76 77 78 79 80 81 83 84 85 90 94 98
dineen 55
defend 4 6 7 9 10 11 12 13 14 15 16 18 19 20 21 22 23 26 27 28 29 30 31 32 37 39 41 42 43 45 47 48 49 50 51 53 55 59 60 65 68 71 72 73 74 76 77 78 79 80 82 83 84 85 89 90 91 92 94 96 97
defers 49 78 88
dodeci 53
deffar 73
diners 5 13 55 77
daetor 65
dromus 12
drones 39 52 55 66 73 77 78 79 80
droned 12 39 55 69
demurs 16
demure 16 18 19 42 44 56 71 77 78 84 94
devoir 9 77
devoid 4 10 11 12 16 18 21 26 27 39 53 67 71 72 77 78 79 80 81 85
devolv 83
devote 1 4 5 10 11 12 14 16 18 21 26 27 28 34 35 37 39 40 41 43 44 49 55 56 57 68 71 73 74 76 77 78 79 80 83 90 92 93 94
didn’t 3 4 5 6 10 12 13 14 17 18 21 23 25 27 28 29 31 32 33 34 35 36 37 39 40 41 42 43 47 48 50 51 55 56 59 61 66 67 68 69 71 72 75 76 77 79
devout 12 20 27 35 39 40 41 42 45 49 55 56 73 77 83 84 85 88 90 94
devour 4 5 10 12 13 15 18 20 22 26 27 28 31 32 35 37 38 41 44 49 53 55 60 65 68 72 73 77 78 79 80 82 83 84 88 91 92 94 99
didcot 84
droops 55 78 85
day.84 22
droped 81
diddle 42 44 55 84
dropsy 41 49 55 77 78
devise 4 9 10 12 14 16 18 26 27 36 39 44 48 49 51 55 60 63 76 77 78 79 80 81 86 94
doting 19 39 49 68 71 74 75 84 88
demple 71
droite 37
droits 39
dawdle 22 38 46 78 94
dempta 49
demque 49
devlin 42
d’usee 49
drolls 49 55
duarte 53
dilque 53
devest 45
devere 56
daelli 12
danger 1 2 4 5 6 7 8 9 10 11 12 13 14 15 16 17 18 19 21 22 23 25 26 27 28 29 30 31 32 33 34 35 36 37 38 39 40 41 42 43 44 45 46 47 48 49 51 53 54 55 56 58 59 60 61 63 65 68 69 70 71 72 73 74 75 76 77 78 79 80 81 82 83 84 85 86 88 89 90 92 94 95 97 98 99
danged 5
daemon 45 49 88
dangle 12 55 68 70 78 93
dobson 28
deduct 12 13
deduce 21 34 39 45 55 63 71 74 76 77 84 89 90 95
deduci 97
daniel 4 10 27 32 39 40 44 45 51 55 56 57 60 69 71 74 78 81 85 90 99
device 9 10 11 12 13 14 16 21 22 23 27 34 37 39 40 42 43 44 45 46 48 49 51 53 55 65 67 68 69 71 73 76 77 78 79 80 81 84 85 89
danilo 67
demons 1 4 6 12 13 20 23 29 46 49 53 55 66 72 76 77 78 79 84 85 92 93 98
demonj 53
devils 4 6 9 12 13 18 20 21 26 27 28 30 31 32 33 39 40 41 42 45 46 49 50 51 53 55 60 66 68 69 70 74 76 77 78 82 83 85 88 90 92 93 98
devill 45 98
dilute 12 28 86
danite 34
devil. 77
danish 14 20 34 39 40 41 51 63 96
devine 44
devina 49
dying. 79
daname 9
danaro 7
danari 53
devait 39
devant 12 23
devans 55
dictio 49
dotage 9 12 39 49 71 73 85
dictum 10 26 56 77 89
dotard 39
dances 11 12 13 14 16 17 19 22 26 27 31 33 36 37 39 41 42 49 53 55 62 65 67 70 71 77 80 81 84 93 94
dicunt 49 98
dancer 10 12 16 17 26 39 41 44 55 57 65 77 78
danced 5 8 9 11 12 13 14 16 17 18 19 22 23 26 27 29 31 32 33 36 37 38 39 40 41 42 43 44 46 47 48 49 53 55 56 57 58 59 60 65 67 68 69 70 71 73 74 76 77 78 79 80 81 85 90 92 93 94 99 100
dancin 27
dobody 68
demise 55 77
demiss 49
dron’s 39
dander 13 55 69
dandin 39
dandle 12
doleth 20
dolere 49
dey’ll 4 27
didrie 82
dolent 49
dolfos 77
deemed 4 9 10 11 13 14 16 19 20 22 27 28 32 39 40 41 44 46 49 56 64 65 66 68 69 71 72 74 76 77 78 79 80 81 83 84 85 88 89 90 92
dimmer 41 76 80 84 85
dimmed 10 12 14 23 30 39 40 42 48 49 67 68 71 72 74 76 77 78 79 80 85 90
dewars 67
denham 83
dolgor 39
douane 79
doubly 6 7 11 12 14 16 19 21 28 34 36 39 40 42 44 46 49 51 54 55 65 68 71 74 76 77 78 79 84 85 90 92 94
double 3 4 6 7 9 10 11 12 13 14 15 16 17 18 20 21 22 23 26 27 28 31 32 33 34 36 37 39 40 41 42 43 44 45 46 49 50 51 52 53 54 55 56 57 59 60 63 65 67 68 69 70 71 72 73 74 75 76 77 78 79 80 81 82 83 84 85 86 87 88 89 90 92 93 94 97 98 99
denial 1 3 11 12 16 18 19 21 23 27 28 35 38 39 41 42 46 49 55 56 63 65 68 69 71 72 74 76 78 80 83 84 89 90 92 94 95
dent’s 10
deniga 20
denies 3 12 13 23 32 45 49 63 65 77 78 80 84 88 89 92 95 97
denied 3 4 6 10 11 12 14 16 18 19 20 21 22 23 26 27 28 29 30 32 37 39 40 41 42 43 45 46 49 50 54 55 56 63 65 66 67 68 69 70 71 72 74 76 77 78 79 80 81 82 83 84 85 88 89 90 92 94 95 97 100
doubts 4 10 11 12 13 14 16 19 21 26 27 33 34 37 39 40 41 43 44 45 46 47 48 49 51 52 55 56 57 60 63 65 68 69 70 71 72 73 74 75 76 77 78 79 80 81 82 83 84 88 90 92 93 94 95 97 98
doubt. 31 71
divide 5 6 7 8 11 12 13 15 16 19 22 27 30 32 35 38 39 40 41 42 45 49 51 54 55 58 60 65 68 69 71 72 73 76 77 78 79 80 83 84 88 95
divina 12 45 49 79
divine 4 10 12 13 15 18 19 22 23 24 26 27 28 29 31 32 35 37 38 39 40 41 42 44 45 48 49 50 51 54 55 56 60 65 66 67 68 69 71 72 73 74 75 76 77 78 79 80 81 82 83 84 85 88 89 90 92 94 97 98
diving 14 21 22 35 40 42 43 57 67 71 78 79 88 94
divino 45 49 97
divils 91 98
douced 55
divisa 49
deepen 1 10 26 29 31 32 51 55 71 80 84
deeper 4 5 10 11 12 13 14 16 18 19 21 26 27 28 29 30 31 38 39 40 44 45 46 47 48 49 50 51 52 54 55 56 57 59 64 65 67 68 69 70 71 72 73 74 75 76 77 78 79 80 83 84 85 88 89 90 92 94 96 97 100
dolius 22
deeply 3 4 5 6 7 10 11 12 13 14 16 18 19 20 21 22 23 26 27 29 32 33 34 35 36 37 38 39 40 41 43 44 45 46 47 48 49 50 51 52 53 54 55 56 57 59 60 61 65 67 68 69 70 71 72 73 74 76 77 78 79 80 81 82 84 85 86 88 89 90 92 94 95
dubiam 49
douche 48 55
doling 52
doll’s 10 12 36 39 55 71
dolben 81
duster 12 13 18 67 72
dusted 12 28 34 42 55 66 70 71 78 93 94
didoes 94
dubbed 9 10 12 51 55 69 77 96
dimini 53
docile 4 10 16 40 42 44 49 55 66 74 76 77 79 82 88 89 90 94
dimity 77
docket 12 55
divell 45
divels 45 91
docked 13 40 55
divert 10 11 12 14 16 28 29 34 37 39 41 46 48 49 60 71 72 73 74 77 78 79 80 81 82 83 86 90 92 93
divers 1 7 9 10 12 14 26 27 30 40 45 49 52 55 60 65 68 71 76 77 78 79 80 83 88 91 97
divest 10 14 15 26 28 32 39 49 53 71 77 78 79 84 95
doccie 49
deedaw 55
drouth 46 55 91
deeds. 80
droves 13 22 27 28 33 34 35 40 47 65 77
drover 10 12 27 55 78
drowns 12 39 40 55 65
drownd 69 70
drowsy 5 17 18 23 26 28 33 37 39 40 41 44 49 51 52 55 57 68 69 71 72 77 78 79 83 84 85 88 94 100
drowse 46
dimeno 53
docent 49
doceri 49 98
don’no 27
dwarfs 23 26 28 38 39 49 55 77 89 92
don’t. 41
dwarf. 71
dawson 11 30 42 53 55
danzig 39
dussek 39
divans 28 79
duke’s 7 9 23 39 40 42 55 71 77 79 84
denaro 79
duskly 56
danser 10 39
dansez 55
dantem 49
dantes 12 28
dawned 1 4 9 10 12 14 19 20 23 26 27 31 36 37 38 39 40 41 42 44 46 47 48 51 53 55 56 68 69 71 74 77 78 79 80 84 88 90 94
danton 12
drosse 45
danube 12 39 46 82
deem’d 65
dotted 6 10 12 19 23 27 28 33 39 40 47 48 51 61 67 68 71 72 78 94
dimber 55
dimm’d 65
didier 79
drouot 12
drouet 12
