e’s 18 21 39 79
e’l 49
e.c 42
e.g 20 55 62 63 80 95 98
e.s 78
ead 46 78
eam 12 49
eal 20
eas 81 98
ear 1 3 4 5 6 10 11 12 13 14 15 16 17 18 19 20 21 22 23 26 27 28 29 30 31 32 33 35 36 37 38 39 40 41 42 43 45 46 47 48 49 50 51 52 53 54 55 56 57 58 59 60 61 62 64 65 66 67 68 69 70 71 72 73 74 76 77 78 79 80 81 82 84 85 88 90 92 93 94 98 100
eau 39 55
eat 1 2 3 4 5 6 7 8 9 10 11 12 13 14 16 17 18 19 20 21 22 23 24 25 26 27 28 30 31 32 33 34 35 37 38 39 40 41 42 43 44 45 46 47 48 49 50 51 53 55 56 57 58 59 60 61 62 64 66 67 68 69 70 71 72 73 74 75 76 77 78 79 80 81 82 83 84 85 88 89 90 91 92 93 94 95 97 98 99
ebb 6 10 12 14 17 22 26 27 30 31 37 39 40 46 47 57 60 64 71 76 78 79 84 85 88
ebn 84
eca 53
ecg 20
ech 37 41 72
ecl 49
eco 49 53
eda 53
ede 53
edg 20
eds 98
edw 11 55
edy 55
eea 72
eed 50
eel 3 6 10 12 14 17 27 40 52 53 68 71 77 78 79 85 98
eg. 21
een 10 72
ees 55
eet 42
eez 50
eft 9 20 55
egg 3 5 6 10 12 14 16 17 21 26 27 28 33 34 37 38 39 42 46 49 52 53 55 56 61 66 67 69 71 72 73 77 78 81 90
egl 49
ego 8 17 23 26 40 41 49 65 77 80 92 97
egu 53
ehe 63
eht 55
eik 13
ein 1 2 3 4 5 6 7 8 9 10 11 12 13 14 15 16 17 18 19 20 21 22 23 24 25 26 27 28 29 30 31 32 33 34 35 36 37 38 39 40 41 42 43 44 45 46 47 48 49 50 51 52 53 54 55 56 57 58 59 60 61 63 64 65 66 67 68 69 70 71 72 73 74 75 76 77 78 79 80 81 82 83 84 85 86 87 88 89 90 91 92 93 94 95 96 97 98 99 100
eis 45 55
eke 12 20 28 47 49 51 55 76 77 78
em. 5 71
ela 39 53 82
eld 10
elf 10 38 63 72 85
ele 62
elh 63
eli 32 53
ell 9 32 46 49 55 69 70 98
elk 55 64
elm 9 10 12 28 40 41 52 55 57 65 68 69 71 77 78 84
elo 53
els 45 53
elu 20
ely 42 55 71
eme 9
emj 53
emo 49 53
emp 12 53
ems 72
end 1 2 3 4 5 6 7 8 9 10 11 12 13 14 15 16 17 18 19 20 21 22 23 24 25 26 27 28 29 30 31 32 33 34 35 36 37 38 39 40 41 42 43 44 45 46 47 48 49 50 51 52 53 54 55 56 57 58 59 60 61 62 63 64 65 66 67 68 69 70 71 72 73 74 75 76 77 78 79 80 81 82 83 84 85 86 87 88 89 90 91 92 93 94 95 96 97 98 99 100
enc 63
ene 60
eng 20
eno 53
ent 83
ens 12 79
eom 20
eon 55
eos 49
epe 53
eph 45 81 97
epi 55 65
eps 63
era 4 7 10 12 20 27 28 35 49 51 53 55 71 74 76 84 85 89 90
erf 63
ere 4 5 6 10 11 12 15 19 20 21 22 23 26 27 28 30 33 35 40 43 45 46 47 48 49 53 54 55 64 65 68 71 72 77 78 79 81 83 84 85 88 92 98
erh 63
eri 53
erl 20 63
erm 39
ero 53 55
err 7 10 11 12 14 35 37 39 40 46 49 51 53 55 65 77 79 80 85 88 92 94 97
ers 63 70
erw 63
erz 39
ery 42 63
ese 60
esk 46
esq 3 10 11 19 21 32 55 74 81 83 90 91
esp 63
ess 55
est 3 7 10 12 14 18 20 27 37 39 41 45 49 53 55 77 78 79 83 84 92 97 98
eta 53 63
etc 5 7 11 12 16 20 21 22 26 28 31 37 39 40 41 44 45 46 50 51 53 54 55 62 63 67 69 73 77 79 80 82 83 84 95 96 99
ete 12 53
eth 80
eti 53
eua 53
eug 12 39 55 79
euf 63
eum 65 82 97
eun 49
eur 65
eut 39
eva 27 42 53
eve 4 10 12 13 14 23 26 28 29 36 37 39 40 41 42 44 45 46 48 49 50 53 55 56 57 64 65 66 68 71 72 74 77 79 84 85 88 90 91 93 94 96 97 98
evo 39
evr 76
evs 39
ewe 4 10 22 52 65 77
exa 53
exc 55
exi 49
exp 65
ext 49
eye 1 3 4 5 6 7 8 9 10 11 12 13 14 15 16 17 18 19 20 21 22 23 24 25 26 27 28 29 30 31 32 33 34 35 36 37 38 39 40 41 42 43 44 45 46 47 48 49 50 51 52 53 54 55 56 57 58 60 61 62 63 64 65 66 67 68 69 70 71 72 73 74 76 77 78 79 80 81 82 83 84 85 86 87 88 89 90 91 92 93 94 95 97 98 99 100
eys 45 91
eza 26
