e’en 4 10 39 40 42 49 55 60 65 72
e’er 26 28 49 65 77
e.’s 16 55
eado 53
eady 57
each 1 2 3 4 5 6 7 8 9 10 11 12 13 14 15 16 17 18 19 20 21 22 23 24 25 26 27 28 29 30 31 32 33 34 35 36 37 38 39 40 41 42 43 44 45 46 47 48 49 50 51 52 53 54 55 56 57 58 59 60 61 63 64 65 66 67 68 69 70 71 72 73 74 75 76 77 78 79 80 81 82 83 84 85 86 87 88 89 90 91 92 93 94 95 96 97 98 99 100
eage 91
eale 50
eand 91
ear. 38
ease 1 2 4 6 7 8 9 10 11 12 13 14 15 16 17 18 19 20 21 22 23 24 26 27 28 29 30 31 32 33 34 37 38 39 40 41 42 43 44 45 46 47 49 50 52 53 54 55 57 58 59 60 61 65 66 67 68 69 70 71 72 73 74 76 77 78 79 80 81 82 83 84 85 88 90 92 93 94 97 98 100
east 5 6 8 9 10 12 13 14 15 16 17 18 19 20 21 22 23 24 25 27 28 29 30 31 32 33 34 38 39 40 41 42 43 44 46 47 48 49 50 51 53 54 55 56 60 61 62 64 65 66 67 68 69 70 71 72 73 74 76 77 78 79 80 81 84 85 88 89 90 91 92 94 95 96 98 99
eare 45 91
eard 46
eart 78
ears 1 3 4 5 6 7 8 9 10 12 13 14 15 17 18 19 20 21 22 23 24 26 27 28 29 30 31 32 33 34 35 36 37 38 39 40 41 42 43 44 45 46 47 48 49 50 51 52 53 54 55 56 57 58 59 60 61 64 65 66 67 68 69 70 71 72 73 74 76 77 78 79 80 81 82 83 84 85 88 90 92 93 94 96 98 99 100
earn 4 7 8 10 12 13 14 16 18 20 21 22 27 28 31 34 35 36 37 38 39 41 43 46 49 50 51 55 56 57 59 61 66 67 68 70 71 72 74 77 78 79 81 82 85 89 90 94
eat. 5 38 47
earl 9 10 11 20 40 42 49 55 56 65 67 81 83 94
eate 45 53
easy 1 2 3 4 5 6 7 8 9 10 11 12 13 14 15 16 17 18 19 20 21 22 23 24 25 26 27 28 29 30 31 32 33 34 35 36 37 38 39 40 41 42 43 44 45 46 47 48 49 50 51 52 53 54 55 56 57 58 59 60 61 62 63 64 65 66 67 68 69 70 71 72 73 74 75 76 77 78 79 80 81 82 83 84 85 86 87 88 89 90 91 92 93 94 95 96 97 98 99 100
eats 3 5 12 14 16 28 33 36 38 39 40 46 49 50 53 55 57 61 67 68 69 70 71 72 75 77 78 79 80 81 84 86 94
eave 40 84
eaxe 20
ebbs 12 33 40 49 55 88
ebbe 49
em’s 5 61 69
eber 40
eben 56 63
ebon 10 40 55 84
eboe 81
ebro 77
ebur 49
ecco 26 55 79
eccl 27 97
ecce 12 26 49 55 98
echo 4 6 10 11 12 14 17 18 21 23 24 26 27 28 31 34 39 40 41 42 46 49 51 53 55 56 57 59 60 64 65 66 68 71 72 76 77 78 79 80 84 88 90 92 93 94 96 100
echi 53
eckm 39
ecod 14 42 68 76 78
eddy 12 14 20 21 26 30 31 40 47 48 54 56 60 76
edge 1 3 4 5 6 7 8 9 10 11 12 13 14 17 18 19 20 21 23 26 27 28 29 30 31 32 33 34 37 38 39 40 41 42 43 44 46 47 48 49 50 51 54 55 56 57 58 59 60 61 65 66 67 68 69 70 71 72 73 74 76 77 78 79 80 81 83 84 85 90 93 94 99 100
edeu 53
eden 10 12 27 28 45 48 53 55 66 69 71 76 81 82 84 85
edie 53
edit 22 28 49 84
edom 55
edna 18
eeee 55
eely 40 55
eels 3 12 27 28 40 49 53 55 65 78 79 84
eene 53
egan 55
egad 12 23 71 77
egeo 49
eggs 3 5 6 10 12 13 14 16 17 21 26 27 28 33 38 39 40 41 42 44 49 50 52 53 55 56 58 60 61 66 67 69 70 71 72 73 77 78 79 80 94
egge 53
egit 49
egli 49 53 55
egno 53
egni 53
egos 23 55
egui 53
es’s 53
ehen 53
eheu 49
eher 63
ehud 82
eido 45
eins 63
einf 63
eine 63
eion 49
eire 42 55
eius 55
eive 78
ejus 97
ev’n 10
ev’s 39
eked 12 13 34 60 71 77 93
ekon 39
elbe 40
elba 12 39 55 79
elah 84
elan 20
elfs 85
eleg 49
elia 27
elis 22 49 65
ells 38 49 55
elli 53
elle 10 12 18 37 49 53 84 94
elks 40
ella 51 53 56 67 92
elms 12 16 25 28 46 52 56 57 65 69 71 78
elmo 30 53
elne 20
elot 12
eloi 47
else 1 3 4 5 6 7 8 9 10 11 12 13 14 15 16 17 18 19 20 21 22 23 24 25 26 27 28 29 30 31 32 33 34 35 36 37 38 39 40 41 42 43 44 45 46 47 48 49 50 51 53 54 55 56 57 58 59 60 61 62 63 64 65 66 67 68 69 70 71 72 73 74 75 76 77 78 79 80 81 82 83 84 85 86 87 88 89 90 91 92 93 94 95 96 97 98 99 100
elsa 55
elth 14 71
embe 12
emil 94
emit 12 13 28 35 49
emir 10 40
emma 16 38 46 53 56 71 78
emmy 36
empr 53
emph 62 63
end. 22 38 73 79
endg 63
ende 63
ends 1 4 5 6 7 8 10 12 13 14 15 16 19 21 22 23 27 28 29 30 31 32 33 34 36 37 38 39 40 41 42 43 44 45 46 49 50 51 53 54 55 57 60 62 65 67 68 69 70 71 72 73 76 77 78 79 80 81 83 84 85 88 89 92 93 94 95 96 97 99
endo 53
ence 12
engr 39
enim 49 84 97
enit 63
enko 39
enns 39
enno 53
enni 55
enne 53
enos 45
enon 53
enow 5 6 9 49 72 98
ense 12 49
entr 23 37 39 53 55 79
ento 53
ensu 83
entj 53
enti 53
enth 63
ente 53
enta 53
envy 6 7 9 10 11 12 14 16 17 18 19 23 26 29 31 33 35 38 39 40 41 44 45 49 50 51 54 55 56 57 60 65 69 71 72 73 74 76 77 78 79 80 81 82 83 88 89 90 92 93 94 98 100
enza 53
eons 55
epae 65
epig 49
epic 12 20 22 55 65 77 80 83
epos 53 65
epop 20
epod 49
eqao 49
eqni 49
eque 49 53
equo 49
equi 49 98
erba 53
erat 12 49 77
erbe 53
eras 20 23 26 28 92
eran 53
eram 49
erai 66
erga 49
ergo 40 49 52 55 88 95 97
erie 27 40 85
eria 53
erit 28 49
eris 40 65 77
erin 42 55
erli 53
erle 53
erkl 63
eros 44 49 84 92
errs 12 16 53 77 80 84
erre 45
erse 55
erra 53
erue 53
erst 20 55 63 76 77 78 88 98
eryx 22
esay 45
esau 40 45 55 79 88 91 97
esca 49
espy 9 12
espa 53 77
esqr 83
esto 97
esti 45
esse 28 45 49 53 71 78 95 97
esta 55
etan 20
eter 48
ethe 57
etna 22
eton 21 23 55 83 84
etre 10 92
ette 53
etty 67
etwa 63
eucl 80
euer 39 53
euge 49 55
eulx 53
evan 83
eve. 65
eves 42 84 93
ever 1 2 3 4 5 6 7 8 9 10 11 12 13 14 15 16 17 18 19 20 21 22 23 24 25 26 27 28 29 30 31 32 33 34 35 36 37 38 39 40 41 42 43 44 45 46 47 48 49 50 51 52 53 54 55 56 57 58 59 60 61 63 64 65 66 67 68 69 70 71 72 73 74 75 76 77 78 79 80 81 82 83 84 85 87 88 89 90 91 92 93 94 95 96 97 98 99 100
even 1 2 3 4 5 6 7 8 9 10 11 12 13 14 15 16 17 18 19 20 21 22 23 24 25 26 27 28 29 30 31 32 33 34 35 36 37 38 39 40 41 42 43 44 45 46 47 48 49 50 51 52 53 54 55 56 57 58 59 60 61 62 63 64 65 66 67 68 69 70 71 72 73 74 75 76 77 78 79 80 81 82 83 84 85 86 87 88 89 90 91 92 93 94 95 96 97 98 99 100
evil 1 4 6 7 8 9 10 11 12 14 15 16 17 18 19 20 21 22 23 26 27 28 29 30 31 32 33 34 35 36 37 38 39 40 41 43 44 45 46 47 48 49 50 51 52 53 54 55 56 57 60 61 64 65 66 68 71 72 73 74 76 77 78 79 80 81 82 83 84 85 88 89 90 92 93 94 95 97 98 99
evly 55
evna 39
evst 39
evvy 42
ewes 22 24 55 73 77
ewer 10 22 40 65
ewha 62
ewig 63
exam 56
exac 55
excr 12
exit 1 10 12 21 22 26 36 39 43 44 46 49 50 53 55 63 65 66 69 72 75 79 81 84 92 94 98
exod 45 65 80 97
exoc 53
extr 39 55
eye. 11
eyes 1 3 4 5 6 7 8 9 10 11 12 13 14 15 16 17 18 19 20 21 22 23 24 25 26 27 28 29 30 31 32 33 34 35 36 37 38 39 40 41 42 43 44 45 46 47 48 49 50 51 52 53 54 55 56 57 58 59 60 61 63 64 65 66 67 68 69 70 71 72 73 74 75 76 77 78 79 80 81 82 83 84 85 87 88 89 90 91 92 93 94 95 96 98 99 100
eyed 3 6 10 12 13 14 17 18 19 21 22 23 26 27 30 31 33 34 37 39 40 41 42 43 46 48 49 51 52 53 54 55 56 57 58 59 65 66 67 68 69 71 72 74 76 77 78 79 80 82 85 90 94 99
eyre 10 55 81
eyry 28 90
ezek 45
ezra 45 50
