ehren 55
eques 12
equal 1 4 6 7 10 11 12 13 14 15 16 17 18 19 20 21 22 23 25 26 27 28 29 30 32 35 37 38 39 40 41 42 44 45 46 47 48 49 50 51 52 53 54 55 56 58 60 62 63 65 66 68 71 72 73 74 76 77 78 79 80 81 82 83 84 85 88 89 90 92 93 94 95 96 97
equus 49
equum 49
equos 49
equiv 63
equip 13 39 49 66 83
equis 49
ere’s 68
eider 40 42 85
eicit 49
eramo 53
eight 1 2 4 5 6 7 8 9 10 11 12 13 14 15 16 17 18 19 20 21 22 23 26 27 28 29 30 31 32 33 34 35 36 37 38 39 40 41 42 43 44 45 46 47 48 49 51 53 54 55 56 57 59 60 61 65 66 67 68 69 70 71 72 73 74 75 76 77 78 79 80 81 82 83 84 88 90 91 93 94 95 98 99
eigen 63
erate 53 55
erato 53
erati 53
erase 8 10 12 49 55 64 72 76 80 81 85
erano 53
erant 49 55
erect 4 10 12 15 17 18 20 21 23 27 28 29 30 31 32 39 40 41 42 44 45 48 49 52 55 56 63 64 65 66 67 68 71 72 73 74 78 79 80 81 83 84 85 89 90 93 94 97
err’d 65
eiksz 13
eikos 65
ergos 49
einem 63
einen 63
einer 10 63
eines 63
erith 14 31
eripi 49
erlon 12
ersea 20
erste 26 63 94
erred 7 10 19 20 21 26 45 46 49 51 55 65 66 72 81 84 88
erret 28
errat 49
error 4 6 7 8 10 11 12 13 15 16 19 20 21 23 26 27 28 30 35 37 39 40 41 45 46 49 53 54 55 63 65 66 68 71 72 73 75 77 79 80 83 84 85 86 87 88 89 92 94 95 98
eruiu 53
erued 53
eruct 77
eadem 49
eadas 81
eager 1 3 4 5 8 9 10 11 12 13 14 16 17 18 19 20 21 22 26 27 28 30 31 32 35 37 38 39 40 41 43 44 46 47 48 49 51 52 53 54 55 56 58 60 65 66 67 68 69 70 71 72 73 74 76 77 78 79 80 82 84 85 88 89 90 92 93 94
eagel 91
eagle 9 10 12 14 17 20 22 26 34 38 39 40 41 42 45 46 48 49 55 57 64 65 68 70 71 73 74 77 79 80 84 85 88 90 91 92 94
eafor 20
eject 49 78
eamus 49 55
esaul 39
eaned 91
eands 91
esant 55
escap 83 98
escas 49
earns 12 50 55 68 77
ears. 38
earme 20
early 1 4 5 6 7 9 10 11 12 13 14 15 16 17 18 19 20 21 22 23 26 27 28 29 30 31 32 33 34 35 36 37 38 39 40 41 42 43 44 45 46 47 48 49 50 51 52 53 54 55 56 57 58 59 60 61 62 64 65 66 67 68 69 70 71 72 73 74 76 77 78 79 80 81 82 83 84 85 86 88 89 90 92 93 94 95 96 98 100
earls 3 9 20 38 40 50 70 73
earle 45 98
eares 45 98
eared 5 23 26 30 46 55 71 78 82
eatee 60
easy. 71
esher 48
eaton 51
eater 12 13 22 26 30 33 37 46 66 77 84
eaten 1 3 4 5 6 7 9 10 12 13 14 15 16 18 20 21 22 27 28 30 31 33 35 37 38 39 40 41 42 43 45 46 48 49 51 53 54 55 56 58 59 60 61 64 66 68 69 71 72 73 74 76 77 78 79 80 81 82 83 84 85 88 89 90 93 94
eatin 5 27 46 94
earum 49
earth 1 2 3 4 5 8 9 10 11 12 13 14 15 16 17 18 19 20 21 22 23 24 26 27 28 29 30 31 32 33 34 35 36 37 38 39 40 41 42 43 44 45 46 47 48 49 50 51 52 53 54 55 56 57 59 60 61 64 65 66 67 68 69 70 71 72 73 74 75 76 77 78 79 80 81 82 83 84 85 88 89 90 91 92 93 94 95 97 98 99
easie 45 49
easel 10 23
eased 9 10 22 44 45 46 49 50 55 57 60 65 68 69 70 71 73 76 79 81 88
easey 91
eases 49 55
eaves 4 17 18 21 27 28 40 43 52 55 56 57 70 71 73 78 84 85 94 100
eaxle 20
estne 49
estia 65
ested 56
ebbed 13 30 44 47 48 60 78 100
estre 49
essed 79
essem 49
essen 39
esset 49 84 98
esses 49 55
essex 7 14 29 31 40 48 55 78 81 82 85
essay 1 10 12 16 17 26 40 43 46 47 49 50 51 55 56 65 66 72 77 81 83 84 88 89 94 97
em’ly 71
em’ll 5
ebery 4
ebene 63
ev’in 71
ev’ry 28 49 65 71
eboan 81
etant 65
etait 84
ebora 53
eking 4 47 89
ebony 4 10 12 13 23 27 38 40 43 47 48 49 55 56 77 79 81 84 94 100
ebook 1 2 3 4 5 6 7 8 9 10 11 12 13 14 15 16 17 18 19 20 21 22 23 24 25 26 27 28 29 30 31 32 33 34 35 36 37 38 39 40 41 42 43 44 45 46 47 48 49 50 51 52 53 54 55 56 57 58 59 60 61 63 64 65 66 67 68 69 70 71 72 73 74 75 76 77 78 79 80 81 82 83 84 85 86 87 88 89 90 91 92 93 94 95 96 97 98 99 100
etext 4 19 34 40 46 49 50 57 71 84 86 87 92 97 98 99
ebrio 83
ebras 53
ethic 49 65
ethik 63 92
ether 12 18 20 26 28 39 40 54 55 57 64 65 67 79 84 85
ethel 55 56
etiam 49 73 97 98
ethan 57
etine 53
ets02 63
ecado 53
etude 49
etuta 53
etwas 63
e.n.e 81
elk’s 49
ecija 53
echad 55
elate 9 10 15 65 76 79
elbow 3 5 6 9 10 12 13 14 16 17 18 20 21 22 23 27 28 31 33 34 37 38 39 40 41 42 43 44 46 47 48 49 50 52 53 54 55 56 57 61 65 67 68 69 70 71 72 73 76 77 78 79 84 85 93 94
echio 53
elect 1 2 3 4 5 6 7 8 9 10 11 12 13 14 15 16 17 18 19 20 21 22 23 24 25 26 27 28 29 30 31 32 33 34 35 36 37 38 39 40 41 42 43 44 45 46 47 48 49 50 51 52 53 54 55 56 57 58 59 60 61 63 64 65 66 67 68 69 70 71 72 73 74 75 76 77 78 79 80 81 82 83 84 85 86 87 88 89 90 91 92 93 94 95 96 97 98 99 100
e.s.e 6
ecken 63
elemo 53
eleon 65
elegy 12 77 83
elder 1 9 10 11 12 13 14 16 17 19 20 21 22 23 27 28 29 31 34 37 38 39 40 41 42 43 44 45 49 55 60 62 65 68 70 71 72 73 74 75 76 77 78 79 80 82 83 84 85 88 89 90 93 94 97 99 100
elgin 65
euano 53
eclog 49
eclat 16 19 44 69
elfin 55 56 71 78 94
eline 53
eliah 45
elias 21 39 45 53 83
eliza 10 11 19 27 32 40 42 43 44 50 55 57
elite 13 39 78
elise 21 27
eliot 51 66 85
euery 53
eljen 55
eugen 55 92
ector 9
ecton 83
ellor 20
ellis 27 50 66
ellen 4 5 18 20 27 42 44 46 48 55 72 94
elles 10 53
elope 11 37 39 41 82
elped 46
elton 16
elths 14
elsie 3 38
else. 38 71 79
elves 10 20 38 40 45 51 56 94
elude 10 18 26 39 41 46 47 49 51 65 69 74 78 79 81 90 97
eunoe 49
eurus 28 49 79
elwes 78
elzel 84
eme’s 9
eddie 42
eva’s 27
edeua 53
edeti 53
edete 53
edere 53
ember 37 55 85
edgar 3 34 38 51 67 72 84
eve’s 42 55
email 1 2 3 4 5 6 7 8 9 10 11 12 13 14 15 16 17 18 19 20 21 22 23 24 25 26 27 28 29 30 31 32 33 34 35 36 37 38 39 40 41 42 43 44 45 46 47 48 49 50 51 52 53 54 55 56 57 58 59 60 61 63 64 65 66 67 68 69 70 71 72 73 74 75 76 77 78 79 80 81 82 83 84 85 86 87 88 89 90 91 92 93 94 95 96 97 98 99 100
edge. 71
edges 6 8 12 13 14 20 21 23 28 33 35 37 39 40 42 44 46 48 49 51 55 56 57 59 66 72 73 74 78 79 80 82 84 86 90
edged 10 11 12 14 21 23 28 29 31 37 39 40 41 44 49 51 57 65 68 69 71 72 77 79 81 88
edizi 53
edize 53
edict 8 12 40 49 51 65 73 77 83 97
edify 27 78 88
embon 55
edito 98
edith 55 57
edlen 20
emezo 53
emery 55 86
emend 9 20
edy’s 55
evans 55 56 81
evade 4 10 11 12 14 39 40 45 49 65 70 71 79 83
emile 49 55
emigr 12
emits 12 13 28 65 66 84
emily 4 24 27 42 55 56 71 72
evewy 39
every 1 2 3 4 5 6 7 8 9 10 11 12 13 14 15 16 17 18 19 20 21 22 23 24 25 26 27 28 29 30 31 32 33 34 35 36 37 38 39 40 41 42 43 44 45 46 47 48 49 50 51 52 53 54 55 56 57 58 59 60 61 62 63 65 66 67 68 69 70 71 72 73 74 75 76 77 78 79 80 81 82 83 84 85 86 87 88 89 90 91 92 93 94 95 96 97 98 99 100
ever. 16 38 44 74 77
event 1 4 5 7 10 11 12 13 14 15 16 17 18 19 20 21 26 27 28 32 35 37 38 39 40 41 43 44 45 49 50 51 52 54 55 56 60 63 65 66 67 68 69 71 72 73 74 76 77 78 79 80 81 82 83 84 85 89 90 92 93 94 95 97
evens 77
emodi 49
educe 84
emmet 24 55
empty 1 3 4 5 6 7 8 10 11 12 13 14 16 17 18 20 21 22 23 25 26 27 28 29 31 33 34 35 36 37 38 39 40 41 42 43 44 45 46 47 48 49 51 54 55 56 57 58 59 60 61 62 63 64 65 66 67 68 69 70 71 72 73 74 75 76 77 78 79 80 81 82 83 84 86 87 88 90 92 93 94 95 100
empre 53
edwin 3 10 68
evils 2 4 7 8 11 13 15 16 19 20 26 27 28 32 37 39 42 44 46 49 51 52 55 60 65 68 73 74 76 77 79 80 81 82 88 89 90 97
evill 45 98
emota 49
evil. 27
evian 74 90
evich 39
empia 39
empie 65
empir 65
emper 91
emque 53
evoke 12 31 39 40 55 76 78 79 92
evohe 12
eeeee 55
enact 4 12 27 44 49 65 79 80 88 97
ences 79
enare 53
endue 49 65 85
endow 7 26 44 55 56 66 74 79 90 94
enemy 1 4 6 7 9 10 11 12 13 14 15 16 17 18 19 20 21 22 23 26 28 29 30 32 33 34 35 37 38 39 40 41 43 44 45 46 47 48 49 51 53 54 55 56 57 59 60 61 65 68 69 70 71 72 73 74 76 77 78 79 80 81 82 83 84 85 86 88 89 90 92 94 95 97 99
endor 45 51
ended 1 4 5 6 9 10 11 12 13 14 16 17 18 19 20 21 22 23 26 27 29 30 31 32 33 35 37 38 39 40 41 42 43 44 45 46 47 48 49 50 51 53 55 56 57 58 59 60 61 64 65 67 68 69 70 71 72 73 74 75 76 77 78 79 80 81 82 83 84 88 90 94 96 98 99
engag 83
eemed 53
engli 55
engel 94
eeled 55
enfin 39 41 55
enira 49
ewart 55
ewers 10
ewery 32
enjoy 1 3 4 5 6 7 9 10 11 12 13 14 15 16 19 20 21 22 23 25 26 27 28 29 31 32 35 36 37 38 39 40 41 42 44 45 46 49 50 51 52 54 55 56 58 59 60 65 66 67 68 69 70 71 72 73 74 76 77 78 79 80 81 82 83 85 88 89 90 91 92 94 97 99
eerie 10 17 21 30 31
ewing 67
enorm 63
enope 65
enops 65
ewige 63
ennio 49
ennis 55
ennel 55
enoch 34 45 46 55 85
ennuy 84
ennui 12 16 18 19 21 23 27 28 39 74 79 84 90 92 94
enrag 12 83
ensue 9 11 21 40 44 49 55 65 69 73 78 79 84 85 94
entia 53
entic 15
entim 53
entee 44
enter 1 4 6 7 8 9 10 11 12 13 14 16 17 18 19 20 21 22 23 25 26 27 28 30 31 32 33 35 36 37 38 39 40 41 42 43 44 45 46 47 48 49 51 52 53 54 55 57 59 60 61 62 63 64 65 66 67 68 69 70 71 72 73 74 75 76 77 78 79 80 81 82 83 84 85 86 88 89 90 91 92 93 94 95 97 98 100
entai 53
enrol 49 78 80 90
ensis 49
envol 12
envoy 7 39 40 49 55 65 73 79
envie 12 45 49
envel 55
entra 53
entre 12 18 49 55 83
entro 53
entry 4 6 7 12 14 18 19 21 22 27 28 37 39 40 41 42 44 45 46 47 49 53 54 55 65 67 68 71 73 75 76 77 78 79 83 85 93 94
effet 92
eodem 49
eft’s 72
eofor 20
exalt 26 39 41 49 64 65 68 71 77 80 85
exams 56
exact 1 2 3 4 5 6 7 10 11 12 13 14 16 17 19 21 23 27 28 29 31 32 34 37 39 40 41 43 44 45 46 47 49 50 51 53 54 56 59 60 61 63 65 67 68 69 70 71 72 73 76 77 78 79 80 83 84 88 89 94 95 96
excus 83
excel 10 11 15 20 22 27 40 43 49 65 73 77 83 84 88 91
eolet 20
exeat 49
exert 1 4 10 11 16 19 21 26 27 28 31 37 39 40 44 65 71 74 77 78 79 80 81 85 86 90 92 94
exitu 55
exits 1 12 79
exito 53
exist 1 4 7 8 10 11 12 13 14 15 16 18 19 22 23 26 27 28 30 31 34 36 37 39 40 41 42 44 46 47 48 49 50 51 53 54 55 56 62 63 65 68 71 72 74 75 76 77 78 79 80 83 84 85 88 89 90 92 95 96
exile 4 7 10 12 14 20 22 23 31 39 40 41 44 45 49 51 55 65 72 73 74 76 79 80 82 90 94
eorum 49
egg’s 5
eoten 20
expos 55 83
expel 10 12 15 19 23 49 55 65 80 85 98
ei’st 49
extra 5 6 12 13 14 17 18 21 22 23 26 27 28 33 34 39 40 41 43 44 46 48 49 50 51 52 55 56 57 61 63 66 67 68 70 71 72 76 77 78 79 85 86 91 94
extry 57
exult 10 14 16 22 27 65 74 77 84 88 90 94
exuit 97
exude 28 44 88
exsul 49
extol 26 49 55 77 78 79 80 88 92
ego’s 26
exuvi 28
eye’s 49 68
egged 20 39 41
epact 55
epean 65
epeus 22 65 80
epeli 53
eglow 21
eglon 82
epist 45 49 83
epigr 49
epico 20
epics 12 65
ephod 45 55
ephes 45
egnio 53
egnia 53
egria 21
eyest 40
eyeth 14
eyes. 22 24 38 41 61 80 84
eguri 53
epoch 4 12 31 32 37 39 41 44 55 56 65 66 74 76 78 79 80 84 85 90 92 96
eguiu 53
eguir 53
epoto 49
eying 13 27 39 55 56 69 79 94
eykes 55
eppoi 55
eppss 55
epsom 11 14 48 50 55
egypt 7 9 10 12 15 22 27 28 37 39 40 41 45 49 51 53 55 57 60 65 71 77 80 82 83 84 88 91 92 94 100
eylau 12 39
eyrie 10 84
eyres 10
