g.c 80
g.j 20
g.p 42
g.s 20 81
gab 13 17 42 68
gae 65
gad 9 30 55 68 77 79 94
gag 12 39 40 43 76 77
gai 92
gam 40 83
gal 27 39 45 53 68 69 70 71
gao 17
gan 20 55 63
gap 9 12 13 14 17 20 21 26 27 28 31 33 34 35 39 40 43 44 46 47 48 55 56 65 67 68 69 70 71 72 73 77 78 79 85 92
gas 4 12 13 14 21 23 30 39 40 42 46 48 50 55 57 59 61 67 68 71 78 84 86 93 94
gar 9 18 30 39 42 44 63 65
gat 9 12 85
gay 3 4 5 6 8 9 10 11 12 14 16 17 18 19 26 27 28 29 31 33 37 38 39 40 41 42 46 47 48 49 50 51 52 53 54 55 56 57 61 65 66 67 68 69 70 71 72 74 75 76 77 78 79 82 83 84 88 90 92 93 94 100
gea 55
geb 20 63
gee 13 30 39 55 69 71
ged 12
gef 20 51 63
geh 20 51 63
gem 4 10 13 18 20 21 23 28 40 49 55 65 71 78 79 85 94
gel 20 50 53 63
geo 17 49 55 81 83
gen 9 14 20 27 45 51 55 63 65 68 78 91 97
ges 20 39 63
ger 39 40 53 55 63
get 1 2 3 4 5 6 7 9 10 11 12 13 14 15 16 17 18 19 20 21 22 23 25 26 27 28 29 30 31 32 33 34 35 36 37 38 39 40 41 42 43 44 45 46 47 48 49 50 51 52 53 54 55 56 57 58 59 60 61 62 63 66 67 68 69 70 71 72 73 74 75 76 77 78 79 80 81 82 83 84 85 86 88 89 90 91 92 93 94 95 96 97 98 99 100
gew 20 63
gev 55
gex 12
gha 78
ghi 12
gia 7 53
gib 12 27 55
gie 72
gig 6 11 39 43 44 53 55 68 78 79
gif 13 20 30 94
gil 12 53 56 71 77
gin 4 10 12 14 21 27 34 39 40 46 50 51 53 54 55 63 67 68 70 71 72 76 78 81 84 91 93
gip 32
giu 53
git 4 13 18 46 51 53 63 69 70 78 91 94
giv 14 71 78
glb 28
gla 53
gle 10 12 46
gli 7 49 53
glq 63
go. 31 37 38 39 40 41 71 72
gna 83
gne 53 79
gnu 62
goa 6 40 53 72
gob 55
goe 45 98
god 1 4 5 6 7 8 9 10 11 12 13 14 15 16 18 19 20 21 22 23 24 26 27 28 29 30 31 32 33 34 35 37 38 39 40 41 42 43 44 45 46 47 48 49 50 51 53 54 55 56 57 59 60 63 64 65 66 67 68 69 70 71 72 73 74 76 77 78 79 80 81 82 83 84 85 88 89 90 91 92 93 94 95 97 98 99 100
gog 46
gol 39
goo 12 13 14 55 66 70
gon 12
gos 55
gor 40 79
gou 91
got 1 3 4 5 6 7 9 10 11 12 13 14 15 16 17 18 19 20 21 22 23 24 25 26 27 28 29 30 31 32 33 34 35 36 37 38 39 40 41 42 43 44 45 46 47 48 49 50 51 52 53 54 55 56 57 58 59 60 61 63 65 66 67 68 69 70 71 72 73 75 76 77 78 79 80 81 82 83 84 85 88 89 91 92 93 94 96 97 98 99 100
gow 57
gov 83
goy 55
gra 53 78
gre 12 74 90
gri 49
gro 53
grr 33
grq 63
gub 4
gue 73 79
guj 33
gum 6 9 12 19 20 21 23 28 32 42 43 49 53 55 56 66 69 70 94
gul 14
gun 6 12 14 17 18 19 21 23 27 28 30 31 32 33 34 39 40 41 46 48 52 55 58 60 66 67 68 69 70 71 72 73 74 76 77 78 79 81 82 83 84 90 91 99
gup 78
gus 55 67
gur 12
gut 12 13 17 22 39 49 55 63 67 94
guv 27 46 78
guy 1 10 12 28 55 69 70 71 77 78 94
gym 55
gyn 47
