he’ve 55
he’ll 3 4 5 6 12 14 17 18 19 21 27 28 29 33 34 35 37 38 39 40 41 42 43 47 50 55 56 59 65 68 69 71 72 75 76 77 79
https 2 3 4 5 7 8 10 13 17 18 19 20 23 25 28 31 32 35 40 41 44 45 46 47 48 49 50 51 54 55 59 60 61 66 69 70 72 73 74 75 76 77 81 87 94 96
h.htm 6 22
hlbar 63
hubba 97
hucky 69
hline 63
huble 62
huber 28
hubby 42 55
huffs 27
huffy 27 70 78 94
h.zip 6 22
huger 20 65
hujah 33
hulda 45
hulpe 12
hullo 6 12 17 21 34 36 37 38 39 41 68 79
hulls 14 40 55
hulks 14 68 79
hujus 49 55
hunch 5 14 29 40 49
hunts 9 12 15 19 30 33 39 40 43 58 78 94
hunks 13 40 55
humas 53
humab 53
human 1 4 5 6 7 8 9 10 11 12 13 14 15 16 17 18 19 21 22 23 24 26 27 28 29 31 32 33 34 35 36 37 38 39 40 41 42 43 44 46 47 48 49 50 51 53 54 55 56 57 59 60 61 63 65 66 67 68 69 70 71 72 73 74 76 77 78 79 80 81 82 83 84 85 86 88 89 90 91 92 93 94 95 96 97 98 100
humps 5 14 40
humpy 55
humph 5 10 13 16 23 27 40 51 56 68 71 76 78 79 84
humor 5 12 13 18 20 27 28 29 30 39 40 41 50 51 52 53 56 70 79 83 84 85 86 94
humid 10 12 39 44 55 65 74 79 90
hlung 63
huomo 53
hurra 32
hurt. 71
huron 40 79
hurly 6 49 66 78
hurls 4 10 12 65
hurgo 73
huret 79
hurdy 12
hurts 9 11 14 16 21 22 27 37 38 39 41 44 47 49 55 56 65 68 69 73 77 79 80 82 85 91 93 94
hurst 11
hurry 3 4 5 6 10 11 12 13 14 16 17 18 19 21 22 23 26 27 28 30 31 32 33 34 35 37 38 39 40 41 42 43 44 46 47 48 49 50 51 52 54 55 56 57 58 59 60 61 66 67 68 69 70 71 72 74 76 77 78 79 80 81 84 85 87 90 93 94
huqas 33
hussy 4 12 19 37 39 41 55 70 77 85 94
husky 5 6 10 13 14 23 27 30 33 34 37 39 41 42 54 55 61 67 68 70 71 76 78 84 94
husks 28 40 49 55 60 64 73 85 88 99
husht 55
hutch 12 60 78
huuuh 55
huzza 6 26 40 100
hvalt 40
heals 10 39 49 55 64 80
healy 42 55
heady 12 49 54 55 67 97
heads 1 3 4 5 6 7 8 9 10 11 12 13 14 15 17 18 19 20 21 22 25 26 27 28 29 30 31 32 33 34 35 37 38 39 40 41 42 43 44 45 46 47 48 49 50 51 52 53 55 56 57 59 60 61 64 65 66 67 68 69 70 71 72 73 76 77 78 79 80 81 82 83 84 85 86 88 89 91 92 94 97 99 100
head. 12 38 66 79
hecat 55
hecla 40 84
hen’s 28 33 37 40 53
heavy 1 3 4 5 6 7 8 9 10 11 12 13 14 16 17 18 19 20 21 22 23 24 25 26 27 28 29 30 31 32 33 34 35 37 38 39 40 41 42 43 44 45 46 47 48 49 50 51 52 53 54 55 56 57 59 60 61 62 64 65 66 67 68 69 70 71 72 73 74 76 77 78 79 80 81 82 83 84 85 86 88 90 92 93 94 96 97 98 99
heaut 49
heave 6 14 17 20 26 27 28 29 31 39 40 44 46 48 49 55 60 65 68 69 70 71 72 76 77 78 81 83 100
heats 10 27 49 60 71 77 97
heass 55
heath 6 10 12 14 19 20 24 38 40 43 46 48 55 56 68 71 72 73 74 79 90 94
hearn 4 27 70
hears 4 5 7 10 11 12 13 14 16 19 20 21 22 23 24 26 27 28 32 33 34 37 38 39 40 41 45 46 49 50 51 53 55 56 58 65 68 69 70 71 77 78 79 80 81 86 88 89 92 94 95 96 98
heart 1 2 3 4 5 6 8 9 10 11 12 13 14 15 16 17 18 19 20 21 22 23 24 25 26 27 28 29 30 31 32 33 34 35 36 37 38 39 40 41 42 43 44 45 46 47 48 49 50 51 52 53 54 55 56 57 58 59 60 61 62 64 65 66 67 68 69 70 71 72 73 74 76 77 78 79 80 81 82 83 84 85 88 89 90 91 92 93 94 96 97 98 99 100
heard 1 3 4 5 6 7 8 9 10 11 12 13 14 15 16 17 18 19 20 21 22 23 24 25 26 27 28 29 30 31 32 33 34 35 36 37 38 39 40 41 42 43 44 45 46 47 48 49 50 51 52 53 54 55 56 57 58 59 60 61 64 65 66 67 68 69 70 71 72 73 74 75 76 77 78 79 80 81 82 83 84 85 88 89 90 91 92 93 94 95 97 98 99 100
heare 45 91 98
heapy 65
hear. 31 37
heaps 5 6 10 12 13 14 22 23 27 28 31 33 36 39 40 41 47 48 49 54 55 56 60 61 65 67 68 69 70 71 72 73 76 77 78 79 81 82 83 84 88 93 94
heben 63
heber 34 55
hebes 9 94
heeds 40 65
heead 72
heeva 40
heern 78
heerd 14 68 71 78
heeps 71
heer. 71
heep. 71
heell 91
heels 1 2 3 5 6 9 12 13 14 17 18 21 22 26 27 28 29 30 31 33 34 37 38 39 40 41 42 43 44 47 48 49 50 52 53 54 55 57 58 60 61 65 68 69 70 71 72 73 76 77 78 79 81 84 94 98 99
hedge 3 6 8 9 10 11 12 14 16 18 20 21 34 35 38 43 44 48 49 55 60 67 68 71 72 73 76 78 79 81 82 94 98
her’s 16 34 41 49
hegel 80 92 94 95
hefty 55 59
heine 41 66 92
heigh 40 41 76
heirs 4 7 9 11 12 19 20 21 25 26 27 39 45 49 53 54 55 60 65 70 72 73 77 78 79 83 84 85 92 97
heire 45 98
helen 10 12 21 22 36 39 49 53 55 65 77 80 81 82 92 98
hemus 65
hemon 49
henev 55
hendl 46
hendr 39
hence 1 6 7 9 10 11 12 13 14 15 16 19 20 21 22 26 27 28 32 33 34 37 38 39 40 41 43 44 45 46 47 49 50 51 52 53 54 55 56 60 63 65 68 69 70 71 72 73 74 76 77 78 79 80 81 82 83 84 85 88 89 90 91 92 94 95 96 97 98
helve 28 49
helpe 45 53 98
helps 5 7 8 12 20 21 27 28 35 36 37 39 43 45 46 47 49 51 55 56 65 66 68 69 70 77 78 80 83 89 92 94
helos 65
helot 49 73
help. 37
helms 9 65
hella 65
hello 12 13 42 51 55 57 61 62 66 67 69 70 79
hells 12 23 30 98
hell. 41 80
hew’d 65
helys 55
heort 20
henri 12 34 39 49 55 70 79 92
henry 4 7 9 10 12 13 15 16 19 21 22 23 25 27 28 29 31 32 39 40 42 43 44 45 49 50 51 53 54 55 61 67 70 71 74 79 80 81 82 83 84 90 95
henna 55
henny 32 55
herod 12 22 32 45 49 65 80 84
heros 94
herow 91
heron 26 35 40 55 65 77
hermi 49
hero. 80
herit 55
heris 49
heres 63
herds 22 26 28 33 34 40 49 51 55 65 73 74 77 78 90 92 97
herbs 4 5 7 9 10 12 13 14 18 22 23 26 27 28 35 38 45 49 53 55 65 72 73 76 77 78 79 80 81 83 85 88 94 98 100
here. 12 31 38 41 68 71 79
herbe 53
herba 28
hetty 16 23 55
herum 63
hertz 63
herrn 63
hesse 12 35 38
hewed 9 12 14 17 20 28 38 49 55 60 70 76
heyne 20
heyre 45
heyrs 45
hog’s 13 55
hobbs 4 97
hobby 15 21 39 43 46 49 50 55 71 85 89 94
hoaxy 84
hoary 4 10 12 20 24 26 28 40 49 55 65 71 72 78 85 92
hoast 46
hoare 81
hoard 6 10 12 17 20 21 40 41 49 55 72 77 80 94 97
hodge 49 66
hodie 49
hfill 62
hoces 77
hocus 49 70 92
hocqi 53
hocks 33
hoche 12
hop’s 55
hogan 42
hokey 69
hoile 72
hoist 6 10 12 14 17 22 27 40 60 65 68 70 81 82 94
holus 6
holts 9 70
hollo 79
holly 5 9 10 12 28 55 67 71 72 77 93 94
holld 72
holle 38
holla 73
homed 22
homey 94
homes 4 5 8 10 12 13 16 17 19 20 22 27 31 32 39 40 43 48 49 50 51 55 58 59 61 67 69 71 76 80 93 94
homer 12 22 28 45 47 49 55 65 66 73 74 77 79 80 82 88 90 92 94 98
home. 10 22 26 38 71
homan 57
how’s 5 13 14 27 33 37 39 40 41 42 51 55 67 68 69 71
holed 31
how’d 5 67 69
holey 91
holes 4 5 6 9 10 12 13 14 15 17 18 21 22 23 27 28 30 31 33 37 38 39 40 41 43 44 45 46 49 53 55 59 60 61 64 68 69 70 71 72 73 76 77 78 79 80 81 83 84 86 93 94 98 99 100
holde 20
holds 7 10 12 13 14 16 18 19 20 22 23 27 28 30 32 33 34 36 37 39 40 41 44 45 46 47 49 50 52 53 55 63 64 65 68 71 72 73 74 75 76 77 78 79 80 82 83 84 85 88 89 90 92 94 95 96 97 98 100
hold. 79
honte 44
honor 1 4 7 8 12 13 15 18 19 20 27 28 29 32 33 39 40 41 45 49 50 51 52 53 56 65 66 69 70 79 82 83 84 85 91 94
hooky 70
hooks 12 22 26 28 37 38 40 41 47 53 55 60 69 70 71 73 77 78 81 83 88 93 95
hoofs 1 4 6 10 12 13 14 18 21 22 23 30 33 34 37 38 39 40 46 48 49 52 55 64 65 66 68 71 73 76 77 78 79 80 95
hoods 8 33 40 49 77 85 94
hooal 46
hommy 46
homme 12 39 92
honed 40
honey 4 5 10 12 17 22 23 26 27 28 33 35 37 38 39 40 41 45 46 49 51 52 53 55 56 64 65 66 67 70 72 73 77 78 80 81 84 85 86 88 92 94 99 100
hones 34 40 68
hoppy 42 55
hoots 13 55
hoose 55
hoops 12 14 40 49 55 72 76 77
hoped 1 3 4 5 6 7 10 11 12 13 14 16 17 18 19 20 21 22 23 26 27 28 29 30 31 32 34 35 36 37 38 39 41 42 43 44 45 46 47 48 49 51 55 56 57 58 59 60 61 65 66 67 68 69 70 71 72 73 74 76 77 78 79 80 81 82 83 84 85 88 89 90 92 93 94 95 97 99
hopes 1 4 6 7 10 11 12 13 14 16 17 19 20 21 22 23 25 26 27 28 29 32 33 34 35 37 39 40 41 42 43 44 45 46 47 48 49 51 52 54 55 56 57 58 59 60 64 65 68 69 71 72 73 74 76 77 78 79 80 81 82 83 84 85 88 89 90 92 93 94 95 97 99
hope. 71
hosea 40 45
hoses 55 91
hosei 65
horus 55
horum 97
horto 55
horti 49
hosts 12 13 15 22 26 27 38 39 40 42 45 47 48 51 53 54 55 65 68 69 71 77 78 79 88
hoste 49
horas 12 49
horat 49
horam 49
horse 1 3 4 6 7 9 10 11 12 13 14 15 16 18 19 20 21 22 23 26 27 28 30 31 32 33 34 36 37 38 39 40 41 42 43 44 45 46 47 48 49 50 51 52 53 55 56 57 60 61 62 65 66 67 68 69 70 71 72 73 76 77 78 79 80 81 82 83 84 85 88 89 92 93 94 95 97 98 99 100
horne 55 91
horny 10 28 41 78 93
horns 4 12 13 22 23 26 28 30 31 32 33 34 38 39 40 41 42 45 46 48 49 53 55 60 65 67 69 70 72 73 77 79 80 83 84 88 94 98
horeb 45 55 65
horde 13 42 51 55
hough 9
house 1 2 3 4 5 6 7 8 9 10 11 12 13 14 15 16 17 18 19 20 21 22 23 25 26 27 28 29 30 31 32 33 34 35 36 37 38 39 40 41 42 43 44 45 46 47 48 49 50 51 52 53 54 55 56 57 58 59 60 61 62 64 65 66 67 68 69 70 71 72 73 74 75 76 77 78 79 80 81 82 83 84 85 87 88 89 90 91 92 93 94 95 97 98 99 100
hours 1 3 4 5 6 7 8 9 10 11 12 13 14 16 17 18 19 20 21 22 23 25 26 27 28 29 30 31 32 33 34 35 36 37 38 39 40 41 42 43 44 46 47 48 49 51 52 53 54 55 56 57 59 60 61 62 64 65 66 67 68 69 70 71 72 73 74 75 76 77 78 79 80 81 82 83 84 85 86 88 89 90 91 92 93 94 96 98 99 100
houri 10 55 78
houre 45 98
hour. 38 77
hound 9 12 13 14 17 21 22 26 27 28 29 34 39 41 43 55 58 62 65 68 69 70 71 72 73 77 79 80 84
houns 91
hotel 4 5 10 11 12 13 14 18 21 27 28 30 34 37 39 40 41 42 43 44 46 48 50 54 55 56 59 62 66 67 68 70 71 75 76 78 79 82 84 86 94
hotch 22 46 92
hotte 84
hotly 6 17 18 20 22 31 37 39 41 42 43 44 46 49 51 55 71 78 84 88 94
howls 1 12 27 28 33 40 41 48 55 65 78 83
howdy 70
hower 53
howes 48
howel 9 83
howth 42 55
hovey 70
hoved 9
hover 12 14 21 24 32 40 47 49 55 71 74 78 79 84 85 90
hovel 12 31 51 68 72 74 76 77 78 79 90
hoyos 77
hyads 65
hyena 10 12 13 31 40 55 79
hyems 49
hydro 86
hydra 12 39 45 65 80
hygin 65
hylax 22
hylas 23 95
hymns 1 4 8 20 26 27 28 40 48 51 55 56 65 66 80 81 83 88 94
hymne 45
hynes 42 55
ha’nt 27 69
hymen 14 44 55 97
hypos 40
hyper 63 84
hythe 71
hhhhm 55
hhuun 73
him’s 68 72
hiani 53
hicks 32 55
hidin 5
hided 49
hider 12
hides 10 12 13 22 23 25 27 28 30 32 33 36 37 39 40 41 44 49 50 53 55 58 60 65 69 71 73 74 77 78 80 85 90 92 94 95
hight 9 20 55 77
higen 63
higel 20
hiest 91
hiero 7 49
his’n 6
hrend 63
hilfe 63
hilde 20
hilum 49
hilts 9 69
hilli 93
hillo 6 10 33 84
hilly 5 10 12 14 39 48 49 72 78
hills 1 5 6 7 9 10 11 12 13 14 18 19 21 23 24 26 27 28 31 32 33 38 39 40 41 42 43 44 46 47 48 49 51 52 55 56 57 58 60 64 65 66 67 68 69 71 72 73 74 75 77 78 79 80 81 83 84 85 87 88 90 94 95 98 99 100
hill. 56
hring 20
hinkt 63
hinge 12 14 27 34 40 49 54 70
hines 70
hindu 33 55 78 79
hinds 13 49 53 65 73 76
hints 1 10 11 12 14 15 16 19 26 27 31 34 37 39 40 41 44 46 55 56 57 60 65 68 71 73 77 78 79 80 81 83 84 91 94
hirer 51
hires 27 28 81
hired 1 2 4 10 11 12 13 14 16 21 22 27 28 32 37 38 39 40 41 43 46 48 49 50 51 54 55 56 57 66 67 70 71 72 73 74 76 77 78 79 80 81 82 83 90 94 99
hire. 41
hiram 55 91
hippo 31 88
hissh 33
hispy 69
hismy 55
hitch 4 6 10 12 14 27 30 37 41 46 55 56 57 70 77 78 94
hivin 72
hives 12 28 33 39 49 55 72
hived 12 70
hag’s 37
hal’s 30
hacke 12
hacks 42 77 94
han’s 13
han’t 14 27 68 71
habia 53
habit 1 4 5 6 10 11 12 13 14 15 16 17 18 19 21 22 23 25 26 27 28 29 31 32 33 34 35 37 38 39 40 41 42 43 44 45 46 47 48 49 50 51 53 54 55 56 57 58 59 60 61 65 66 67 68 69 71 72 73 74 76 77 78 79 80 81 82 83 84 85 88 89 90 92 93 94 95
ham’s 71
habes 49
haben 55 63
habet 28 49 97
habaa 55
hrung 63
habui 49
hadot 12
hadnt 55
hadna 5
hadji 77
haddy 55
hades 22 45 55 65 80 84
hadda 13
hadst 9 26 37 38 40 41 49 65 74 77 82 85 88 90 98
hague 21 79 82 83
hafts 53
hafis 92
hafiz 21
hryre 20
hagar 27 45 55 94
hagan 70
haiti 27 32 79
haire 98
hairy 12 13 27 30 33 38 39 40 42 43 44 47 49 54 55 61 65 66 70 71 72 73 76 77 78 80 98
hairs 12 13 17 23 24 28 34 35 39 40 44 46 49 53 55 58 59 65 66 68 69 70 73 74 76 77 78 84 88 90 91 94
hair. 24
haine 92
haint 40
hails 6 34 40 55 65
hahse 72
hail. 21
halos 12 31
halma 12 55
halle 12 20
hallo 17 27 39 40 41 42 44 47 50 68 69 71 72 75 76 78 79 93 100
halls 8 12 13 18 20 22 25 27 28 39 40 41 42 47 50 51 55 56 57 65 67 76 77 78 80 84 85 94
halic 65
halga 20
haley 27 81
hales 57
halfe 45 53 91 98
haled 14 45 55 88
haken 63
hands 1 3 4 5 6 7 8 9 10 11 12 13 14 15 16 17 18 19 20 21 22 23 24 25 26 27 28 29 30 31 32 33 34 35 36 37 38 39 40 41 42 43 44 45 46 47 48 49 50 51 52 53 54 55 56 57 58 59 60 61 64 65 66 67 68 69 70 71 72 73 74 75 76 77 78 79 80 81 82 83 84 85 86 87 88 89 90 91 92 93 94 96 97 98 99 100
handy 4 6 10 12 13 14 21 22 27 28 31 32 34 40 41 42 45 46 51 54 55 56 57 60 66 68 69 70 71 73 76 78 83 92
hanao 66
hanau 38
hand. 38 71
hans. 38
hanna 55
hanno 28 49 53
hanky 56
hanks 55
hangs 12 15 18 20 21 22 23 26 28 33 38 39 40 43 44 46 48 49 51 53 54 55 65 67 71 74 77 78 80 84 85 90 100
halts 12 41 44 49 55 65 77
hamet 77
hamer 81 91
hapur 33
happy 1 3 4 5 6 7 8 9 10 11 12 13 14 15 16 17 18 19 20 21 22 23 24 25 26 27 28 29 31 32 33 34 35 36 37 38 39 40 41 42 43 44 45 46 47 48 49 50 51 52 53 55 56 57 58 59 60 61 63 65 66 67 68 69 70 71 72 73 74 75 76 77 78 79 80 81 82 83 84 85 88 89 90 91 92 93 94 97 98 100
haply 22 40 49 77 78 88
haori 66
harma 65
harme 45
harms 9 39 49 65 76
harm. 38 71
hares 12 22 28 32 37 38 39 40 49 55 60 76 77
harem 10 12 28 34 40 41 70 74 79 84
hardy 1 4 9 10 14 15 16 18 20 21 23 26 28 32 39 40 43 45 46 49 55 60 65 67 68 71 72 73 74 77 78 79 81 83 90 91 92
harde 91
haram 90
harai 66
harvy 18
harum 49 69 70 78 94
harto 40
hartz 40
harty 55
harts 14 88 91
harry 4 6 13 16 19 23 27 28 34 40 42 44 54 55 68 70 83
harsh 4 7 10 12 15 16 21 23 26 27 28 30 32 34 35 37 39 40 41 42 43 46 47 49 51 53 54 55 56 57 67 68 71 72 74 76 77 78 79 80 82 83 84 85 88 90 93 94 98
harpy 28 37 55 65
harpe 12
harps 26 27 49 55 73 77
harne 53
hathi 33
hates 4 5 11 15 17 19 22 25 27 33 41 42 49 50 51 55 56 64 65 68 69 72 77 78 79 80 82 85 92 94 95
hater 20 40 49 55 77 80 85
hated 1 3 4 5 6 7 9 10 11 12 13 14 16 17 18 19 20 21 22 23 25 26 27 29 30 31 32 33 34 35 37 38 39 40 41 42 45 46 47 49 51 53 54 55 56 57 65 66 67 68 69 70 71 72 73 74 76 77 78 79 80 81 83 84 88 90 94
hatch 26 33 40 49 53 55 71 84 86
hatty 21
hasnt 55
haste 3 4 6 7 9 10 11 12 13 14 17 18 19 20 21 22 26 27 28 29 30 31 32 33 36 37 38 39 41 42 43 44 46 48 49 53 54 55 57 60 65 67 68 70 71 72 73 74 76 77 78 79 81 83 84 85 86 88 90 93 94 98 99
hasty 9 10 11 12 14 16 17 19 20 26 27 28 34 35 37 38 39 40 41 44 45 46 47 48 51 52 55 56 58 64 65 67 68 71 72 74 76 77 78 79 80 82 83 90 92 94 97
havre 20 74 79 81 90
havoc 15 20 22 38 40 46 49 51 55 56 65 69 71 72 73 74 77 90
havni 20
havin 5 13 27 46 70 71 76
havid 68
haven 6 10 13 14 20 22 26 28 34 37 39 40 41 46 49 51 55 57 58 66 67 68 70 72 77 78 79 91 93 94
haves 47 77
hawes 97
hawed 27 70
hause 72
hausm 38
hausi 55
haupt 13
haunt 4 10 11 12 13 18 22 26 27 28 37 40 45 52 54 55 56 68 71 72 74 76 77 78 84 85 88 90 93 94
hauls 55
haulf 72
hauiu 53
haueu 53
hauer 53
hauck 55
have. 38 71 100
haute 39
hauta 66
hayes 55 81 94
haydn 12 79
hawse 6
hawks 5 22 28 40 49 55 77 82
hawke 6 81
hayti 27
hayne 39
hazle 16
hazed 6 94
hazes 56
hazel 10 28 38 39 40 42 43 49 56 72 73 77 79 84
hazar 26
htest 20
