k’s 39
k.c 55
k.h 55
kaa 33
kag 70
kai 45 65
kak 61
kal 39
kas 13
kar 39 63
kat 45 63
kaw 55
kay 9 55
kaz 39
kee 40 55 91
keg 6 13 27 39 40 55 69 94
kek 12
kem 46
ken 10 26 27 39 41 54 55 63 68 77 78 80 84 88
kep 5 14 27 46 57 68 69 70 71 76 91
ker 27 55 70
ket 53
kew 14 48 50 68
key 1 3 4 5 6 8 10 12 13 14 15 16 17 18 21 22 23 24 25 26 27 29 30 34 36 37 38 39 40 41 42 43 44 45 46 47 51 54 55 56 57 59 60 61 62 63 65 66 67 68 69 70 71 72 73 76 77 78 79 80 81 83 84 85 90 92 93 94
khv 39
kib 39
kid 3 5 13 14 18 33 35 38 41 42 44 46 49 55 56 60 68 71 74 77 78 79 90
kin 8 9 10 13 20 22 26 30 34 39 40 41 43 45 46 55 57 64 69 70 72 77 78 92 93
kip 55
kis 55
kir 39
kit 14 39 40 55 70 78 86
koh 55
kok 55
kol 55
koo 40
kop 55
kos 39
kot 53
kov 39
krr 38
kuh 55
kuk 55
kur 39
kut 39
kuz 39
kya 33
