n’a 39
n’y 10 39
n’s 12 39 53
n.b 14 41 60 72 75
n.e 40 60
n.n 39
n.w 60 94
n.y 4 46 84
nab 55 68 70 72
nae 49 55 78
nah 50 66 72
nag 12 18 27 33 37 38 39 41 55 73
nai 49
nal 63
nan 71 94 98
nam 7 49 97
nap 1 12 13 14 25 27 28 33 37 39 40 51 52 55 57 58 59 68 70 71 72 73 77 78 79 85 94
nao 53 55
nar 39 53
nat 4 39 40 49 51 55 63 70 78 94
nas 39 49
naw 51
nay 3 4 5 6 9 10 11 13 14 15 16 19 21 22 23 26 27 28 30 31 33 34 38 40 44 45 46 48 49 51 52 55 56 60 64 65 68 71 72 73 74 76 77 78 79 80 82 83 85 88 90 92 93 96 97 98 100
nde 20 63
ned 18 21 23 24 32 55 56 57 68 70 71 77 94
nec 28 49 55 73 97
nee 49
neg 63
nei 66
nel 7 49 53 55
nek 91
nen 63
nep 83
neo 80
ner 12 46 53 78 81
net 4 10 11 12 13 14 20 21 22 26 35 38 39 40 43 45 46 49 50 51 53 55 63 64 65 66 68 71 73 76 77 78 79 80 92 94 98
nes 50 55 79
nev 39
nex 70
new 1 2 3 4 5 6 7 8 9 10 11 12 13 14 15 16 17 18 19 20 21 22 23 24 25 26 27 28 29 30 31 32 33 34 35 36 37 38 39 40 41 42 43 44 45 46 47 48 49 50 51 52 53 54 55 56 57 58 59 60 61 62 63 64 65 66 67 68 69 70 71 72 73 74 75 76 77 78 79 80 81 82 83 84 85 86 87 88 89 90 91 92 93 94 95 96 97 98 99 100
nez 12 21
ney 12 39 79
nfi 39
nga 53
nge 63 94
ngt 63
nhd 20
nib 79
nia 49 53
nid 12
nic 39 69 80
nie 12 55 63 79
nig 30 63
nil 12 23 34 37 47 49 55 77 79 84 94
nik 39
nin 39
nip 6 21 28 30 39 44 55 56 69 70 72 94
nio 53
nit 55 91
nis 9
nix 42 55 66 73 77
nka 39
nko 39
nkt 63
nly 70
no. 12 21 56 66 71 76 79 80
nne 63
nny 39
nob 14 55
noa 72
nod 1 6 10 12 13 14 15 16 21 22 26 27 28 29 31 32 33 39 40 41 42 44 45 47 49 51 54 55 56 57 61 65 67 68 69 71 72 73 76 78 79 80 82 84 85 88 91 94
noe 53
noh 63
noj 53
noi 53 65 98
nol 53
non 1 2 3 4 5 6 7 8 9 10 11 12 13 14 15 16 17 18 19 20 21 22 23 24 25 26 27 28 29 30 31 32 33 34 35 36 37 38 39 40 41 42 43 44 45 46 47 48 49 50 51 52 53 54 55 56 57 58 59 60 61 62 63 64 65 66 67 68 69 70 71 72 73 74 75 76 77 78 79 80 81 82 83 84 85 86 87 88 89 90 91 92 93 94 95 96 97 98 99 100
nom 10 18 20 39 55 56 84 94
noo 6
nor 1 2 3 4 5 6 7 8 9 10 11 12 13 14 15 16 17 18 19 20 21 22 23 24 25 26 27 28 29 30 31 32 33 34 35 36 37 38 39 40 41 42 43 44 45 46 47 48 49 50 51 53 54 55 56 57 58 59 60 61 62 63 64 65 66 67 68 69 70 71 72 73 74 75 76 77 78 79 80 81 82 83 84 85 86 87 88 89 90 91 92 93 94 95 97 98 99 100
not 1 2 3 4 5 6 7 8 9 10 11 12 13 14 15 16 17 18 19 20 21 22 23 24 25 26 27 28 29 30 31 32 33 34 35 36 37 38 39 40 41 42 43 44 45 46 47 48 49 50 51 52 53 54 55 56 57 58 59 60 61 62 63 64 65 66 67 68 69 70 71 72 73 74 75 76 77 78 79 80 81 82 83 84 85 86 87 88 89 90 91 92 93 94 95 96 97 98 99 100
nos 12 39 49 53 55
nov 12 39 60 66 73 92 94
nou 37
nox 49 98
now 1 2 3 4 5 6 7 8 9 10 11 12 13 14 15 16 17 18 19 20 21 22 23 24 25 26 27 28 29 30 31 32 33 34 35 36 37 38 39 40 41 42 43 44 45 46 47 48 49 50 51 52 53 54 55 56 57 58 59 60 61 62 63 64 65 66 67 68 69 70 71 72 73 74 75 76 77 78 79 80 81 82 83 84 85 86 87 88 89 90 91 92 93 94 95 96 97 98 99 100
noy 53
nrj 53
nsk 39
nty 39
nuf 91
nuj 53
nui 53
nun 1 10 12 18 28 37 39 40 44 45 49 55 56 63 66 69 77 79 83 92 94
num 49 77 97
nur 27 39 63 72
nut 5 6 10 12 14 21 26 27 28 31 33 34 38 39 40 42 44 46 49 54 56 72 73 77 78 79 85 94 99
nus 23 49 65
nux 55 99
nuy 53
nya 39
nza 39
