nftige 63
nudare 49
noncon 49
nepean 50
nondum 49
neglig 17 18
nudges 12 42 55 69 78
nudged 12 13 22 38 39 42 46 55 56 68 69 70 71 72
nephew 7 9 10 11 12 16 19 20 23 29 31 32 39 40 41 42 43 44 49 51 53 55 60 62 66 67 71 72 73 75 76 77 78 79 82 93 94 100
noemon 22 65
number 1 2 3 4 5 6 7 8 9 10 11 12 13 14 15 16 17 18 19 20 21 22 23 24 25 26 27 28 29 30 31 32 33 34 35 36 37 38 39 40 41 42 43 44 45 46 47 48 49 50 51 52 53 54 55 56 57 58 59 60 61 62 63 64 65 66 67 68 69 70 71 72 73 74 75 76 77 78 79 80 81 82 83 84 85 86 87 88 89 90 91 92 93 94 95 96 97 98 99 100
numbed 10 13 14 28 37 39 40 49 60 66 71
noways 27 40 49
nonium 49
nonius 49
numble 71
nudity 12 44 49 55
negros 53
negroe 81
numero 49 53
noessa 53
ndlich 63
nowhar 27
nowhen 95
nixons 44
nepote 53
numine 49
numina 49
numici 49
nowing 91
nowise 9 12 20 40 49 55 65 76 77
napkin 5 6 12 14 23 27 28 37 39 40 41 42 45 46 49 50 55 66 67 68 69 76 77 78 79 94
naples 7 10 12 15 23 37 39 44 49 51 53 55 65 71 74 77 79 81 82 84 90 92 98
nullam 49
nullae 49
nullum 49 97
nullus 49 84
nullis 98
napoli 84
napolo 53
novoro 53
napped 46 69
napper 55
nayles 45
nagyas 55
negant 49
negari 97
numb’d 65
nahash 45
nonage 49 89 97
neffer 39
ninety 6 12 13 16 17 18 22 28 37 39 40 41 46 47 48 51 53 55 65 66 71 72 73 76 77 78 79 83 84 88 89 95 97
niemen 39
nomads 37 65
niente 53 55 94
nombre 12 55
nuttin 18
ninivy 45
nodier 12 49
nagged 26
naggin 55
napart 12
nomine 40 49 55 65 98
nomina 12 45 49 53
nomino 53
nomini 49 53
napery 12 54
nagles 55
novels 11 13 23 36 37 39 48 49 50 56 66 75 77 79 83 90 92 94
novena 55
nuclei 28 51
nodule 27
novich 39
novice 10 12 37 39 41 42 44 46 49 51 71 77 82 83 84 88 94
napier 55
nougat 18
noctem 49 65
noctis 98
nennen 63
nought 9 10 12 16 19 24 46 49 55 63 65 72 74 77 78 83 88 90
newman 78 99
nolunt 49
niece. 71
nuther 70
nieces 10 11 16 19 39 40 41 42 44 68 70 77 78 94
nutmeg 6 14 27 40 42 53 55 68 71 94
newton 12 19 28 37 39 67 74 80 83 84 90 95
ninbad 55
nschen 63
nodano 53
nodded 1 3 5 6 10 12 13 14 16 17 19 21 22 23 26 27 29 30 31 33 34 35 37 38 39 40 41 42 44 46 47 48 51 53 54 55 56 57 58 59 61 65 66 67 68 69 70 71 72 76 78 79 84 94 100
noddle 71
nizheg 39
ngigen 63
nasica 12
nerone 97
neruda 34
nerval 12
nervos 49
nerves 1 4 5 10 11 12 14 16 17 19 21 23 27 28 29 31 33 34 37 39 41 42 43 44 45 46 47 48 49 51 54 55 56 60 65 67 68 69 71 72 73 74 76 77 78 79 80 82 84 85 87 90 92 94 95 100
nerved 4 12 18 27 32 34 44 46 47 69 71 77 85
nervis 49
nervii 28
neades 49
nervus 49
noyous 9
ngipon 53
neaera 22
nassau 12 42 49 55 81 94
nuevos 77
narras 49
narrar 49
ntseva 39
narrow 1 3 4 5 6 7 8 9 10 11 12 13 14 15 16 18 19 20 21 22 23 24 26 27 28 30 31 32 33 34 36 37 38 39 40 41 42 43 44 46 47 48 49 51 52 53 54 55 56 57 58 59 60 65 66 68 69 70 71 72 73 74 76 77 78 79 80 81 83 84 85 88 89 90 92 93 94 95 96 97
narses 12
nihilo 49
nogent 12
noggin 6
neighs 53 55 77 79 84
neiges 12
nerbia 77
nero’s 49
ntsova 39
ntsovs 39
nereus 65
nerest 45
naaman 45
neills 51
nihtes 20
nigrae 49
nigrum 49
nehmen 39 63
narare 53
nipote 53
nuncio 12 53 55 77
nipple 22 35 44 55 73
nardac 73
nipper 21 40 42
nipped 10 12 17 19 24 28 30 33 43 44 49 52 55 69 93 94 100
nippon 53 66
nuncle 55
nailed 5 10 12 16 25 26 28 37 38 40 41 46 49 50 55 56 57 59 65 68 70 71 76 77 81 84
nailer 55
nezhin 37
nymphs 12 13 22 23 28 45 49 55 64 65 67 77 78 79
nymphe 39
nooses 22 40 44 49 55
nequit 49
nummus 49
nummas 12
nummer 63
nummis 49
nummos 34
nigger 4 27 31 32 37 51 55 66 69 70
nigher 10 14 26 71 85
nighed 55
night. 21 31 38 41 71 76 79
nighty 17
nights 1 4 5 6 8 9 10 12 13 14 16 17 18 19 20 21 22 23 24 25 26 27 28 29 30 31 32 33 34 35 37 38 39 40 41 42 43 44 46 47 48 49 51 52 53 55 56 57 58 60 61 64 65 66 67 68 69 70 71 72 73 74 76 77 78 79 80 81 83 84 85 88 90 94 98 99
naiads 22
nail’d 65
nail’s 49
niphon 40
noodle 14 41 62 71 77 78 79
noodly 55
nibble 5 12 28 38 44 49 55 67 94
nauiga 53
noah’s 13 14 26 37 40 68 71
neck’s 6
norris 83
netted 22 26 40 57 79
necata 49
north. 40
nettle 12 28 49 69
northe 53
norton 21 55 94
norway 10 12 40 46 57 76 79 84
necdum 49
name’s 5 12 13 27 41 68 71
nausea 4 26 39 41 42 44 46 47 48 54 55 72 84 92
netzes 63
netzen 63
nautis 49
nzlich 63
nikita 41
nauvoo 34
necker 12
necked 10 12 20 23 26 33 34 37 39 44 56 68 71 76 77 78 79 94
neckar 94
neckam 53
noakes 76
neleus 22 65
niklos 91
netaim 55
nacht. 10
nachtr 63
nachez 55
nozzle 13 55 68
nisibi 12
nebola 53
nibb’d 65
nordau 46
nordic 67
nismes 44
nether 9 17 18 26 39 46 55 65 68 71 78 84 85 92 96
nebula 12 49 55
nauega 53
nauego 53
netley 34
naught 5 10 13 14 17 20 26 28 33 38 40 41 45 49 51 55 58 64 71 72 76 77 79 80 84
nisset 12
noised 9 18 21 22 41 56 77 99
noiser 26
noises 3 4 5 6 10 12 14 17 26 27 30 33 38 40 42 43 46 47 48 49 51 55 59 60 61 65 68 69 70 71 72 75 76 77 78 79 81 84 92 93 95
normal 5 10 12 13 14 21 22 23 25 26 28 31 37 39 40 41 42 46 50 51 55 56 67 84 86 89 92 95
norman 12 28 34 41 55 78 82 87 97
nactum 49
nathan 27 32 40 45 55 79 85
nathoo 33
nation 2 4 7 12 13 14 15 21 22 26 27 28 31 32 39 40 41 45 46 49 51 53 55 60 62 65 66 70 71 73 74 76 77 78 79 80 81 82 83 84 85 88 89 90 92 94 95 96 97 99
native 1 2 4 5 6 7 10 12 14 15 16 18 20 21 22 23 27 28 30 31 32 33 37 39 40 41 42 44 45 46 49 50 51 52 53 55 56 57 60 65 66 68 69 70 71 72 73 74 76 77 78 79 80 81 82 83 84 85 88 89 90 91 92 94 95 97
nesses 20 45
nessus 79
nob’dy 72
nzberg 12
nestin 5
nestle 10 12 40 49 71 96
nested 18 28 55
nebber 4 27
nestor 12 22 65 77 79
nora’s 36
n’york 67
nnec’s 12
nattie 18
natura 49 53 92 97
nature 1 4 5 6 7 8 9 10 11 12 13 14 15 16 17 18 19 20 21 22 23 24 26 27 28 29 30 31 32 34 36 37 39 40 41 42 43 44 45 46 47 48 49 50 51 52 53 54 55 56 57 58 60 62 63 65 66 67 68 69 70 71 72 73 74 75 76 77 78 79 80 81 82 83 84 85 86 88 89 90 91 92 93 94 95 96 97 98 99 100
naturt 49
naturx 49
nuptis 49
nabath 28
nastya 41
nabbed 12 68
nireus 65
neamas 65
nesaea 65
nescit 49 55
nescis 49
nescio 40 49
nescia 49
neapol 98
nearly 1 2 3 4 5 6 7 8 9 10 11 12 13 14 15 16 17 18 19 20 21 22 23 24 25 26 27 28 29 30 31 32 33 34 35 36 37 38 39 40 41 42 43 44 45 46 47 48 49 50 51 52 53 54 55 56 57 58 59 60 61 63 64 65 66 67 68 69 70 71 72 73 74 75 76 77 78 79 80 81 82 83 84 85 86 87 88 89 90 91 92 93 94 95 96 97 98 99 100
nearby 5 12 48 53 59 61 86
nearer 1 3 4 5 6 7 9 10 11 12 13 14 15 16 17 18 19 20 21 22 23 26 27 28 29 30 31 32 33 34 36 37 38 39 40 41 42 43 44 46 47 48 49 50 51 52 53 54 55 56 57 58 59 60 61 63 66 67 68 69 70 71 72 73 74 75 76 77 78 79 80 81 83 84 85 88 89 90 92 93 94 95 97 99
neared 14 18 27 30 39 40 53 67 68 71 72 79
nugent 74 90
nugget 23
nataly 39
neatly 3 4 6 12 13 14 16 17 18 21 27 28 31 32 33 34 37 38 39 41 42 44 48 49 53 54 55 56 61 62 65 66 68 69 71 72 73 77 78 81 82 86 88 94
neater 5 32 70 74 90
nabobs 19 79
nohows 71
nateer 91
nskaya 39
notted 91
nimbus 12 55
nottin 4
nimble 9 10 12 14 17 22 26 34 38 39 40 49 52 60 65 66 68 69 71 73 76 77 78 88 92 94
nimbly 10 12 22 23 26 27 28 38 40 42 55 56 57 60 68 71 72 73 76 77 79
nimbos 49
needed 4 5 6 7 8 9 10 11 12 13 14 16 17 18 19 20 21 23 26 27 28 29 30 31 32 33 34 35 36 37 38 39 40 41 43 44 45 46 47 48 49 50 51 53 54 55 56 57 58 59 60 61 63 66 67 68 69 70 71 72 74 76 77 78 79 80 81 82 84 85 86 88 89 90 92 94 95 96 97
needst 20 77
needly 9
needle 1 4 8 10 12 13 14 17 18 19 21 27 28 30 31 36 37 38 39 40 41 49 53 55 57 59 61 65 66 68 69 70 71 73 74 76 77 78 79 84 85 89 90 93 94 100
ntov’s 39
nocent 45 49
nocens 49
neeght 72
nivana 53
nenata 53
noches 55
nocher 53
nimici 53
nimium 49 55
niminy 94
nimiis 49
niveis 49
ndagas 20
newark 73 81
noubry 91
nubila 49 77
nubian 55 79 84
newest 8 11 13 39 51 55 71 78 79 80
neerer 45
nolles 49
nollet 83
nimrod 28 77 78
nevers 12 79
never. 21 31
noteth 45
ndiges 63
nangca 53
ndigen 63
nother 27 53 91
nuance 92
nothin 5 6 14 27 46 51 94
niluce 65
notice 1 2 3 4 5 6 7 8 9 10 11 12 13 14 15 16 17 18 19 20 21 22 23 24 25 26 27 28 29 30 31 32 33 34 35 36 37 38 39 40 41 42 43 44 45 46 47 48 49 50 51 52 53 54 55 56 57 58 59 60 61 63 64 65 66 67 68 69 70 71 72 73 74 75 76 77 78 79 80 81 82 83 84 85 86 87 88 89 90 91 92 93 94 95 96 97 98 99 100
nemore 49
notify 12 14 46
nokore 66
noting 7 10 12 21 29 39 40 43 48 49 56 68 72 77 78 85
notion 3 5 6 10 11 12 14 15 16 17 18 19 21 22 26 27 28 29 31 32 33 34 36 37 39 40 41 42 43 45 47 49 50 51 54 55 56 57 60 61 65 67 68 69 70 71 72 73 76 77 78 79 80 81 82 83 84 85 88 89 92 93 94 95 97
nankin 12
nannie 42
nannan 55
nusfok 13
nannte 63
nbrunn 39
notori 12
nushka 39
naevos 49
nski’s 39
nevsky 37
nantes 7 12 49
nantee 55
nicely 3 4 6 10 11 12 16 17 21 26 27 35 36 37 38 39 40 41 44 46 49 50 54 55 56 66 68 72 73 76 77 78 79 83 84 94
nicety 10 14 16 18 19 27 31 37 41 49 54 55 68 72 73 76 77 78 79 83 84
nicest 5 11 14 15 17 19 27 39 46 49 51 56 60 72
neuter 12 49 55 80
navy’s 65
nichts 63
nichol 83
nichna 39
niches 12 39 43 73 79 84
nicher 37
nana’s 17
noster 12 53
niciem 49
nician 12 47
nicias 49 80
nobble 55
nostre 49 55
nostra 49 53 55 98
nostro 49
nostri 49
nobbut 72
nickel 13 21 47 55 67
nicked 12 55 61
nicker 20
nurses 4 5 10 12 13 14 17 18 19 22 27 28 39 42 46 55 68 71 73 78 80 84 88 94
nursed 2 4 7 10 12 13 14 16 17 18 20 22 27 30 39 41 42 43 49 51 53 56 65 68 69 71 72 74 76 77 78 79 81 82 90 94
nicolo 7 53
nobley 9
noblet 79
nobles 7 14 20 27 28 38 39 41 45 46 49 53 73 76 77 85 89 98
nobler 9 11 13 14 17 23 26 27 28 37 40 41 45 49 54 55 56 64 65 69 71 77 78 80 82 92 93 94 97 100
nilled 88
nevada 28 34 55 66 67
notary 12 49 53 60 77 79
nemici 53
nobody 1 3 4 5 6 7 9 10 11 12 13 14 16 17 18 19 21 22 23 25 26 27 28 29 30 31 32 33 34 35 36 37 38 39 40 41 42 43 46 49 50 51 52 54 55 56 57 58 59 60 61 63 65 66 67 68 69 70 71 72 75 76 77 78 79 80 82 83 84 85 89 90 92 93 94 95 98 100
name62 65
namely 7 9 10 14 15 20 22 26 28 39 40 41 44 45 49 51 53 55 63 68 69 71 77 78 79 80 81 88 89 92 94 95 96 98
named. 38
neufch 12
nellie 25 31
nectar 10 12 22 44 50 55 65 78 94
nuzzle 5
n’aura 12
nikumu 66
naming 11 12 14 16 19 39 42 44 45 47 49 53 56 60 63 65 71 76 77 78 79 80 83 98
namine 55
nosing 5 30 33 46 55
naveau 53
navels 53 55
n’ayez 39
nitric 23 79
nelson 40 51 55 71 91
nick’s 67 76
nosmet 49
navies 40 49 65
namque 49
