owulf 20
offer 1 2 3 4 5 6 7 8 9 10 11 12 13 14 15 16 17 18 19 20 21 22 23 26 27 28 29 30 31 32 33 35 36 37 38 39 40 41 42 43 44 45 46 49 50 51 52 53 55 56 57 59 60 61 65 66 67 68 69 70 71 72 73 74 75 76 77 78 79 80 81 82 83 84 85 86 88 89 90 91 92 93 94 96 97 98
offen 91
offcc 49
offic 49
oferh 20
oferi 53
offal 32 55 68 76 93
often 1 2 3 4 5 6 7 8 9 10 11 12 13 14 15 16 17 18 19 20 21 22 23 24 25 26 27 28 29 30 31 32 33 34 35 36 37 38 39 40 41 42 43 44 45 46 47 48 49 50 51 52 53 54 55 56 57 58 59 60 61 62 63 64 65 66 67 68 69 70 71 72 73 74 75 76 77 78 79 80 81 82 83 84 85 86 87 88 89 90 91 92 93 94 95 96 97 98 99 100
ooman 46 68
oxide 48
oonne 53
oozes 28
oozed 17 28 37 40 41 43 55 78
oxter 42 55
ogden 63
oghon 53
opals 79 84 100
ogham 55
opaca 12
opaci 49
oghun 53
ogles 78
ogled 26 55 71 76
oglio 53 79
opens 1 10 12 13 14 15 16 17 18 26 27 28 33 36 39 40 43 46 48 49 50 51 53 55 56 59 65 68 71 75 77 78 79 80 81 82 84 85 87 88 89 90 92 94
open. 12 21 31 41 71
opera 10 12 18 19 21 23 27 39 40 41 42 44 46 49 50 55 66 67 68 71 75 76 78 79 82 84 94
opere 49 53
opero 53
ophir 79
ognia 53
ognio 53
ognor 74 90
opine 40 45 55 80
opium 12 13 21 23 28 34 40 49 55 66 68 78 79 84 89 92
opizi 7
oyess 91
ogres 13 22 71
oppor 55
oppos 83
oppen 72
opold 79
optas 49
optat 49
optes 49
optin 41
optic 25 49 55 84
opusc 65
oysif 49
o’god 72
ohayo 66
ohain 12
o’cha 66
ohone 53
ozias 45
ozheg 39
ozone 55
oquum 49
o’yer 72
ois’s 30
orbem 49
oraga 66
orate 55
orare 12
orade 53
order 1 2 3 4 5 6 7 9 10 11 12 13 14 15 16 17 18 19 20 21 22 23 25 26 27 28 29 30 31 32 33 34 35 36 37 38 39 40 41 42 43 44 45 46 47 48 49 50 51 53 54 55 56 57 58 59 60 61 62 63 64 65 66 67 68 69 70 71 72 73 74 75 76 77 78 79 80 81 82 83 84 85 86 87 88 89 90 91 92 93 94 95 96 97 98 99 100
orcus 65
orbis 12 49 53 84
orbit 26 28 39 42 44 55 69 92
orfeo 84
orero 53
oilen 91
oiled 10 12 13 14 27 31 33 40 44 47 55 61 69 76 79
ordog 46
ordre 39
orgue 12
organ 6 10 12 13 14 23 26 27 28 37 39 40 41 42 44 45 46 48 50 51 55 56 57 66 67 71 78 79 80 83 84 85 89 93 94
orgen 91
orgie 44
orfte 20
orful 27 91
origo 49
orion 12 22 40 49 55 57 98
orina 53
orita 55
orlop 40
ornot 84
ornee 44
oisin 55
ormes 12 49 79
orono 53
oak’s 65
orses 71
orris 23
orten 63
ortes 63
orter 27 69 70
ortiz 53
orthe 65
orson 27 93
orsus 49
oaded 91
oakey 51
oaken 10 22 40 46 51 55 68 69 78 79 84 85 99
oakes 40
oakum 4 28 40 55 60 68 71 92
ojigi 66
oscar 12 23 55 66 75 100
oases 26
oasis 26 37 39 40 51 71 78 79 84 94
oared 14 22 53 77
oares 45
osier 12 49 55 60
oshea 55
oaths 4 6 7 9 12 13 14 18 20 21 23 26 27 30 32 34 37 39 40 41 43 44 49 51 55 65 68 69 71 72 73 77 80 81 84 85 97
oaten 10 55 74 90
oath. 79
oskar 9
oslaf 20
osset 53
osuna 77
ostia 49 79 88
ostry 98
ostro 49
obese 10 21 55
obest 49
obey. 71
obeys 12 28 33 39 40 49 50 63 65 72 77 78 88 92
obedt 78
obita 49
oblig 83
otate 49
otans 53
oboes 67
otera 53
other 1 2 3 4 5 6 7 8 9 10 11 12 13 14 15 16 17 18 19 20 21 22 23 24 25 26 27 28 29 30 31 32 33 34 35 36 37 38 39 40 41 42 43 44 45 46 47 48 49 50 51 52 53 54 55 56 57 58 59 60 61 62 63 64 65 66 67 68 69 70 71 72 73 74 75 76 77 78 79 80 81 82 83 84 85 86 87 88 89 90 91 92 93 94 95 96 97 98 99 100
othen 53 65
otium 92
obvia 49
otian 12
otili 53
otoro 53
otter 12 28 33 55
otway 16
occhi 49 65
occur 1 2 3 4 5 6 7 8 9 10 11 12 13 14 15 16 17 18 19 20 21 22 23 24 25 26 27 28 29 30 31 32 33 34 35 36 37 38 39 40 41 42 43 44 45 46 47 48 49 50 51 52 53 54 55 56 57 58 59 60 61 63 64 65 66 67 68 69 70 71 72 73 74 75 76 77 78 79 80 81 82 83 84 85 86 87 88 89 90 91 92 93 94 95 96 97 98 99 100
occam 55 63
on’t. 71
ocean 5 6 10 12 13 18 20 22 27 28 31 32 33 37 39 40 41 43 45 46 47 48 49 53 55 56 60 62 64 65 66 67 69 70 71 72 73 74 76 77 78 79 80 81 83 84 85 88 90 93 94 97 98 100
ochre 12 23 85
ochen 33
ochio 53
ochie 53
ochii 53
ochij 53
ochot 53
olana 53
olari 53
olaus 28
o.s.a 53
o.s.f 53
older 1 3 4 5 6 7 8 10 11 12 13 14 15 16 17 18 19 20 21 22 23 26 27 28 29 30 32 33 35 36 37 38 39 40 41 42 43 44 48 49 50 51 54 55 56 57 58 60 61 62 65 66 67 68 69 70 71 72 73 74 75 76 77 78 79 80 81 83 84 85 89 90 92 93 94
olden 12 40 41 49 51 52 56 71 79 80 84 85 92
oldly 55
ocius 49
ow’st 65
olere 49 53
olete 53
oleta 53
oleua 53
olian 27 28 65
ouach 33
ouden 65
olive 9 10 11 12 14 15 16 22 23 26 28 40 43 45 49 51 53 55 60 65 66 73 76 77 79 94
oliva 77 79
oliua 53
our’n 27
ollav 55
ollas 77
ollis 49
ocqua 53
ouely 91
ouero 53
oculi 49
ology 79
olnan 53
ought 1 3 4 5 6 7 9 10 11 12 13 14 15 16 17 18 19 20 21 22 23 25 26 27 28 29 31 32 33 34 35 36 37 38 39 40 41 42 43 44 45 46 48 49 50 51 53 55 56 57 58 59 60 61 63 65 66 67 68 69 70 71 72 73 74 76 77 78 79 80 81 82 83 84 85 88 89 90 92 93 94 95 96 97 98
ocyor 49
oltre 65
oltra 53
ounds 46
ounce 4 12 14 21 30 40 49 55 56 68 77 79
outan 12
ouse. 71
ours. 41
ourcq 12
outre 84
outdo 12 20 39 49
outer 5 10 12 14 18 21 22 27 28 30 31 36 37 38 39 40 41 42 44 46 48 49 51 55 57 60 61 63 68 69 70 71 72 73 76 78 79 80 83 84 86 88 92 93 95
outed 73 83
outgo 65
oders 40
odder 56
oddly 1 6 11 12 14 17 27 29 37 40 47 48 54 55 61 67 72 73 76 78 83 94 97
ouviu 53
omaha 13 55 61
ove’s 55
odiri 53
odium 32 46 49 83 89 97
odius 65
ombra 53
ombay 40
omens 10 22 23 39 40 49 52 53 55 65 77 81 94
omega 10 26 55 63
ovals 67
ovary 55
omits 20 49 51 53 65 89
odore 53
odors 5 12 13 18 28 79 84 94
omini 53
odour 10 21 23 26 34 42 43 44 45 46 47 49 55 57 66 67 68 71 72 73 76 77 78 80 81 82 84 88 92
omina 45 49
overs 59
overt 10 49 73 89
omlet 55
over. 38 71 79
ovens 12
omnes 49 55 92 98
omnem 45 49 97
omnia 46 49 55 97
omnis 49 55 77
ommum 49
odule 12
ona’s 13
ovoca 55
one’s 3 4 5 6 7 8 10 11 12 13 14 16 18 19 21 22 23 25 26 27 28 29 30 31 34 35 36 37 38 39 40 41 42 43 44 47 48 49 51 53 55 56 60 65 66 67 68 69 71 72 75 76 77 79 80 84 85 100
oedip 49
onano 53
ondes 23
oncet 27
once. 21 22 38 41 71 77 79 100
onela 20
onely 45
ones. 22
oenon 98
ongot 55
ongue 42
ongar 48
owl’s 12 49 76 77
ongia 53
owden 81
own’d 65
onion 5 10 22 37 41 45 46 52 55 66 68 70 77 83 93
only. 40 71
owers 91
owest 33 40 45 65 74 77 90
oweth 26 45
onnes 91
oevum 49
owing 4 6 7 10 11 12 13 14 15 16 17 18 20 22 26 27 28 31 32 34 36 37 39 40 41 42 44 46 48 49 52 55 60 63 65 69 71 72 73 74 77 78 79 80 81 83 84 85 88 89 90 92 94 95 96 97
onore 12
onset 7 12 17 20 29 30 40 44 47 49 65 68 71 77 79
owlin 46 55
owner 1 2 3 4 5 6 7 8 9 10 11 12 13 14 15 16 17 18 19 20 21 22 23 24 25 26 27 28 29 30 31 32 33 34 35 36 37 38 39 40 41 42 43 44 45 46 47 48 49 50 51 52 53 54 55 56 57 58 59 60 61 63 64 65 66 67 68 69 70 71 72 73 74 75 76 77 78 79 80 81 82 83 84 85 86 87 88 89 90 91 92 93 94 95 96 97 98 99 100
owned 1 4 6 9 11 12 13 16 18 19 20 22 27 28 32 33 35 39 40 41 43 44 45 46 51 53 55 58 60 61 67 68 69 70 71 72 73 76 77 78 79 80 81 82 83 84 85 94 96 97 99
ownio 55
off’n 69
