occeanno 53
overtops 65 77
overtone 55
overtook 1 4 9 11 14 17 18 20 21 22 28 29 37 38 39 41 43 44 46 48 49 51 56 57 65 67 68 73 77 79 84 99
olysseid 65
oggsford 67
outbreak 4 5 12 14 21 29 31 37 41 44 46 48 53 55 68 85 89 92 94
obruamus 49
or’bruna 49
overtime 13 55
o’ertook 65
overbury 85
orifices 44 55
opossums 32
osvalt’s 55
opulence 12 15 21 27 40 42 50 52 55 57 79 84 93
outposts 12 39 78 81
overturn 6 7 12 15 41 49 71 79 80 97 98
overture 2 18 29 30 39 40 79 83 92
o’ertake 65
overcast 10 12 20 27 28 31 39 41 46 49 51 60 62 65 68 71 72 74 76 78 79 84 88 90 92
overcame 1 4 7 9 11 12 13 14 16 18 19 26 28 29 32 35 37 39 41 44 46 47 48 49 54 55 57 71 72 74 77 78 79 85 88 90 92 94 98
occhechl 53
oculorum 49
omnisque 49
outlying 28 34 39 43 69 75
optician 66
o’erleap 26
opoponax 55
oddities 10 11 16 37 71 78 84 94
overleap 26 40 78 79
occupied 1 4 5 7 10 11 12 13 14 15 16 17 18 19 21 23 26 27 28 29 30 31 34 35 36 37 39 40 41 42 43 44 46 47 48 49 50 51 54 55 56 59 63 65 66 67 68 69 71 72 74 76 77 78 79 80 82 83 84 85 86 89 90 92 94 95
occupier 55 68
occupies 11 12 22 28 39 40 53 55 66 77 78 79 89 93 95
opinion. 71 80
omnesque 49 97
opinione 49
opinions 5 7 10 11 12 13 14 15 16 19 23 26 27 28 30 34 35 36 37 39 40 41 42 44 45 49 51 53 55 56 58 63 65 68 71 73 74 76 77 78 79 80 81 83 84 85 88 89 90 92 94 95 96 97 100
o’hanlon 55
overlays 40
overland 31 34 46 53 66
overlaid 28 39 49 72
obtruded 11 14 21 31 45 49 69 71 76 84 89
o’erturn 65
omniaque 49
obscurer 45 57
obscures 17 37 40 49 65 92
obscured 10 12 31 34 39 40 45 46 48 49 65 66 68 71 73 74 76 77 78 79 85 86 90
overloud 9
obscuram 49
overlong 9 55
overlook 4 7 10 11 13 14 16 19 21 26 27 33 37 40 41 42 44 47 49 51 55 58 60 65 66 69 71 72 74 75 77 78 79 80 83 89 90 92 94
obscurus 49
obscurum 12 49
o’ercast 65
overload 12 68 86
orvietto 79
occupati 49
occupato 49
odiauano 53
occupavi 49
outwards 31 37 39 40 44 46 55 65 76 77 80 83 92
occupant 4 10 12 21 28 40 43 44 48 55 56 71 72 76 77 78 79 84 95
ovalling 55
offtaken 20
outstaid 19
outstart 70
outskirt 85
overline 63
overcome 3 4 5 7 9 10 11 12 13 14 16 18 19 21 22 26 27 28 29 31 32 34 35 37 38 39 40 41 42 43 44 45 46 47 48 49 50 53 55 56 57 59 65 68 69 71 72 73 74 77 78 79 80 81 83 84 85 88 89 90 92 93 94 96 99
overcoat 12 13 21 27 33 34 37 39 41 42 43 46 50 55 59 66 67 70
o’malley 55
oilcakes 55
oenomaus 65
obliged. 21 72
obligeth 45
oraculis 49
ortelius 53
onepiece 55
oracular 28 65 71 80
oklahoma 13
obliging 10 11 14 16 17 19 21 26 27 41 44 45 46 49 54 60 65 67 68 71 73 76 77 78 79 82 83 89 92 94
orgastic 67
o’clock. 43 79
o’eraw’d 65
obsterix 49
orourkes 55
o’clocks 27
outstrip 11 40 49 54 65 71 76 79 94 96
outdated 1 2 3 4 5 6 7 8 9 10 11 12 13 14 15 16 17 18 19 20 21 22 23 24 25 26 27 28 29 30 31 32 33 34 35 36 37 38 39 40 41 42 43 44 45 46 47 48 49 50 51 52 53 54 55 56 57 58 59 60 61 63 64 65 66 67 68 69 70 71 72 73 74 75 76 77 78 79 80 81 82 83 84 85 86 87 88 89 90 91 92 93 94 95 96 97 98 99 100
outvoted 83
omission 1 10 16 34 39 45 55 69 73 77 78 80 84 92 95
o’madden 42 55
overdose 54 55
overdone 40 51 56 70 72 80 84
openout1 63
openout3 63
oakframe 55
ongoings 72
ofttimes 9 17 26 49 55 88
objector 80
odorless 12 40
objected 4 5 11 12 14 16 18 19 23 26 28 31 34 39 40 41 42 44 45 46 49 50 54 55 56 66 67 68 71 72 73 77 78 79 80 81 83 88 89 93 94 96 97 100
ostentum 49
ordinate 57 89
ordinary 1 5 6 7 10 11 12 13 14 16 17 18 19 21 22 23 25 26 27 28 29 30 31 32 34 35 37 39 40 41 42 43 44 45 46 47 48 49 50 51 52 53 54 55 56 57 60 61 63 65 66 68 70 71 72 73 74 75 76 77 78 79 80 83 84 85 86 88 89 90 92 94 95 96 97
oberdiek 63
orthodox 10 12 13 26 27 30 34 39 40 41 42 46 55 78 79 80 83 84 85 89
oriental 6 7 10 12 18 26 27 28 39 40 42 46 47 48 49 53 55 65 66 69 74 77 79 80 84 85 90 92
oromazis 49
orientis 98
origenes 12
o’erspan 26
odiosius 84
omniboos 94
overview 59
olivante 77
oleracea 28
omelette 23 41 55
overdraw 23
orsinian 7
outlines 12 18 22 25 27 28 30 31 37 39 40 44 47 48 69 73 74 80 84 90 95
outlined 12 21 30 39 43 46 51 56 57 67 79
onerabel 91
olamente 53
ordnance 12 14 21 39 43 46 55 95 98
outvying 39
ocvlorum 49
overmuch 9 14 26 40 41 46 49 55 68 77 78 85
outlives 94
outlived 11 14 16 19 20 28 32 39 49 52 55 71 78 92 97
o’rourke 42 55
openshaw 21
ordeyned 45
outgoing 49 55 92
offshore 60 67
offshoot 12 14 44 85
oleariam 28
o’molloy 55
oatcakes 5 72
occurred 1 3 4 5 6 7 8 9 10 11 12 13 14 16 17 18 19 21 22 23 26 27 28 29 31 32 34 35 37 38 39 40 41 42 43 44 46 47 48 49 50 51 52 53 55 56 57 59 60 66 67 68 69 71 73 74 75 76 77 78 79 80 81 83 84 85 88 89 90 92 93 94 95 100
occurrit 49
occurrat 49
onything 13
ogilby’s 65
oresbius 65
obsolete 1 2 3 4 5 6 7 8 9 10 11 12 13 14 15 16 17 18 19 20 21 22 23 24 25 26 27 28 29 30 31 32 33 34 35 36 37 38 39 40 41 42 43 44 45 46 47 48 49 50 51 52 53 54 55 56 57 58 59 60 61 63 64 65 66 67 68 69 70 71 72 73 74 75 76 77 78 79 80 81 82 83 84 85 86 87 88 89 90 91 92 93 94 95 96 97 98 99 100
oxenford 55
overnice 49
orkney’s 9
oxidized 13
owenites 96
o’gargle 55
oxford’s 55
occuring 39
outrider 46
overwork 13 18 36 46 47 77
operibus 77
outright 5 6 14 22 27 28 29 39 40 41 42 44 49 60 68 71 72 77 84 86 94 100
outblown 40
outlawed 20 39 85
outlawry 10 13
o’johnny 55
oratorie 12
oligarch 80
ordainer 88
ordained 7 9 10 11 12 19 22 30 32 39 40 41 45 46 48 49 77 79 80 81 82 85 88 94 97
olsufyev 41
outpaced 43
ontology 47
outburst 12 13 14 18 26 35 37 39 40 41 42 43 46 50 55 56 57 69 77 79 85
orreries 55
overfond 49
outflank 39
offesers 91
optimism 12 23 26 41 48 56 82
optimist 42 80
overflow 10 12 13 22 26 27 28 29 39 41 47 55 56 65 70 79 86 88 92 99
othoniel 45
o’tabaco 66
openings 12 21 39 46 47 49 50 53 57 77 78 79 80 84
opposite 1 3 4 6 7 10 11 12 13 14 16 17 18 19 20 21 22 23 26 27 28 29 30 31 32 34 35 36 37 38 39 40 41 42 43 44 45 46 47 48 49 50 51 52 53 54 55 56 57 59 60 62 63 65 66 67 68 69 70 71 72 73 74 76 77 78 79 80 81 82 83 84 85 89 90 92 93 94 95 99
offering 2 6 7 9 10 11 12 13 14 15 16 17 18 19 20 21 22 23 26 27 28 29 30 32 34 35 37 39 40 41 42 44 45 48 49 50 51 53 54 55 57 60 65 68 70 71 72 73 74 75 76 77 78 79 80 81 83 84 85 89 90 94 99
opposing 7 10 12 15 16 21 30 37 39 40 41 45 49 51 65 68 74 76 77 78 79 80 81 83 85 88 90 92 95 96 97
optantis 49
oblation 10 45 66 88
overfull 12 26
oaklands 27 55
ordain’d 65
opposeth 45
opposers 69 97
orator’s 28 40
outraged 5 7 10 12 13 14 19 22 29 31 37 39 40 41 42 51 55 56 64 71 74 78 79 90 94
outrages 4 12 20 21 26 27 32 34 39 46 49 51 71 74 77 88 90
ogibewas 12
oratoire 12
occident 12 26 55
obedient 4 5 7 9 10 12 19 20 22 26 28 31 32 35 37 38 39 40 41 44 45 46 49 53 55 56 60 65 68 69 71 72 74 76 77 78 79 80 81 88 90 94 98
orlick’s 14
ostler’s 10 16
overpays 49
overpast 77 80 88
overpass 10 72 77 88
overpaid 49
ological 40
opponent 10 12 13 17 20 21 27 32 34 37 39 41 43 46 49 71 72 77 78 79 80 83 84 89
outweigh 16 19 21 27 28 37 39 40 71 76 80 89 97
overgrew 9 10 27
organdie 94
oakshott 21
occidunt 49
outcries 13 27 37 39 40 41 49 77 82
ostiarii 55
official 1 2 3 4 5 6 7 8 9 10 11 12 13 14 15 16 17 18 19 20 21 22 23 24 25 26 27 28 29 30 31 32 33 34 35 36 37 38 39 40 41 42 43 44 45 46 47 48 49 50 51 52 53 54 55 56 57 58 59 60 61 63 64 65 66 67 68 69 70 71 72 73 74 75 76 77 78 79 80 81 82 83 84 85 86 87 88 89 90 91 92 93 94 95 96 97 98 99 100
orthaeus 65
officier 39
officiis 7 49
ostorius 49
officium 49
ologists 40
ogilvy’s 48
ocularly 55 71
ordereth 26 45
orderers 39 45
orderest 88
officers 3 4 5 6 7 9 10 11 12 13 14 15 21 27 28 31 34 37 38 39 40 41 45 46 48 49 51 53 54 55 60 65 67 68 69 70 71 73 76 77 78 79 80 81 82 83 84 85 88 89 93 94 96 97 98
overplus 45 46 49 51 55 97
ottomans 10 28 40 78
obviated 19 83 85
obviates 12 92
oylsters 55
olympian 12 22 65 80 92
olympiad 65
obstinit 68
overhaul 6 94
ordering 3 4 5 7 10 12 14 15 17 21 22 37 38 39 40 41 45 46 49 55 60 65 68 70 71 72 73 77 78 79 80 83 85 88 89 94
overhang 20 28
oughtest 88
orbaneja 77
oilcloth 6 55 70
obnoxiae 49
oliver’s 10 43 68
occultum 49
occultly 55
oughtn’t 5 29 37 50 55 56 67 69 71
occulted 55
orphan’s 56
olmstead 40
outcasts 13 27 33 68 71 84 94
overhead 3 5 6 10 12 13 14 17 18 21 23 26 28 30 33 34 39 40 41 44 46 47 48 54 55 56 57 67 68 69 71 72 75 76 77 78 79 83 84 85 94
overhear 6 11 13 14 16 21 22 27 33 37 39 41 42 43 55 72 77 79
overheat 86
overhung 1 6 14 22 28 31 38 39 40 43 52 65 67 68 71 74 78 79 84 90 94
oamaghei 53
oamaghce 53
obstacle 3 4 10 12 13 16 17 19 21 22 26 28 29 34 35 38 39 40 41 44 45 46 47 49 55 68 72 74 76 77 78 79 83 89 90 95
outspake 55
outgrown 4 16 19 37 41 51 71 77 94
o’connor 42 55
optional 63 89 92
orphaned 12 78
oftloved 55
olivet’s 55
obstruct 12 39 46 49 65 79 83
o’shiels 55
origanum 49
orations 45 49 66 71 78 88 94
o’erfull 69
olandone 53
operates 14 40 80 89 92 97
operated 11 12 28 39 40 44 49 55 65 73 84 85 92 95
operatin 13
operatic 21 42 55 94
outworks 10 40 45 65 72
operatop 55
operator 44 62 63 73 86
obtayned 45
orecquie 53
organism 12 18 23 26 37 39 41 47 48 49 55 63 89 95
organist 31 49
organise 37 55 89 96
organize 12 13 39 41 46 50 56 79 86
odyssea. 65
odysseia 65
outspoke 55
odyssean 22
odysseus 22 49 65 80
orphreys 23
o’hara’s 55
original 1 2 3 4 5 6 7 8 9 10 11 12 13 14 15 16 17 18 19 20 21 22 23 24 25 26 27 28 29 30 31 32 33 34 35 36 37 38 39 40 41 42 43 44 45 46 47 48 49 50 51 52 53 54 55 56 57 58 59 60 61 63 64 65 66 67 68 69 70 71 72 73 74 75 76 77 78 79 80 81 82 83 84 85 86 87 88 89 90 91 92 93 94 95 96 97 98 99 100
o’erflow 65
oftsides 9
outdoing 27 49
ooeeehah 55
orenburg 41
obstaret 49
outdoors 12 13 28 51 56 57 66 67
overripe 42 67
overrich 26
override 41
onlooker 12 39
outshine 22 41 78
orgulist 9
orgulite 9
onesimus 27
obdurate 13 14 30 32 39 41 49 56 68 71 72 74 77 78 90
outshone 14 65 78
obduracy 12 71 77
onesilus 49
onomatop 12
optative 45
oliphant 55
ostroque 49
ontzlake 9
observed 2 4 5 6 7 10 11 12 13 14 16 18 19 21 22 27 28 30 31 32 34 35 37 38 39 40 41 42 43 44 45 47 48 49 52 53 54 55 59 60 65 66 67 68 69 71 72 73 74 75 76 77 78 79 80 81 82 83 84 85 88 89 90 92 93 94 95 97 99
observes 7 12 28 37 39 43 45 46 49 53 55 65 71 77 78 79 80 84 88 94
observer 10 11 12 15 16 18 19 21 26 27 28 34 39 41 42 48 49 51 54 55 56 57 60 68 70 71 74 78 79 84 85 90 94
obituary 4 40 55
obleeged 69 70 71 72
ornately 53
ourhanoz 80
oatfield 39
onewhile 49
overruns 40
overrule 49 60 89
openwork 12 39 44 55
occiputs 73
oleander 46 77
oncommon 14 27 70 71
oarweeds 55
ossified 12 84
olizon’s 65
occipiti 49
oceanica 40
oblivion 10 12 15 23 31 37 39 41 44 45 46 49 55 56 65 67 69 71 72 73 74 76 77 78 79 81 85 90
oncoming 55 56
overalls 39 55
obtain’d 65
outhouse 4 21 34 41 43 44 48 55 68 71 74
outsides 21 30 50 56 68 78
outsider 5 12 37 39 42 44 55 71 78
outside. 38
ogygian. 22
ormsby’s 77
overslip 9
octobers 56
ouvrages 49
overawed 4 7 10 40 41 71 77 84
obtained 4 7 10 11 12 14 15 16 19 21 23 26 27 28 30 32 34 35 37 39 40 41 43 44 45 46 48 49 53 55 57 60 63 65 68 71 72 73 74 75 76 77 78 79 80 81 82 83 84 85 88 89 90 92 93 95 96 97 98 99
overshot 12 79
openness 4 11 16 19 21 35 37 41 51 60 66 68 76 78 84
oegipans 84
overseer 4 27 28 32 39 41 45 51 53 68 77 79 81 100
overseen 9 21
overseas 51 55 67
overstep 12 37 41 78
overstay 76
ormenian 65
obsessed 26 35 39 59
offenses 8 11 39
offensio 49
ornament 10 11 12 13 16 19 20 21 22 23 27 28 31 32 34 37 39 40 42 43 44 45 48 49 50 53 55 65 66 68 71 72 73 76 77 78 79 80 81 82 85 92 94
optiques 45
o’dignam 55
oversoul 55
ormstein 21
o’reilly 55
outlooks 26 39
orchards 5 12 13 28 30 51 52 56 71 94
occasion 4 5 7 10 11 12 13 14 15 16 17 18 19 20 21 22 23 26 27 28 29 30 31 32 33 34 37 38 39 40 41 42 43 44 45 46 48 49 50 51 52 54 55 56 57 60 63 65 66 67 68 69 70 71 72 73 74 75 76 77 78 79 80 81 82 83 84 85 86 88 89 90 91 92 93 94 95 97 99 100
oakholme 55
orgulous 9 55
omitting 12 13 14 15 16 22 34 37 39 41 45 46 49 53 55 60 65 71 77 80 83 94
overbent 49
octavius 12 26 49
oeconomy 45
oftener. 71
oftenest 5 6 12 19 28 39 40 49 65 71 85
omphalos 55
occluded 55
ointment 3 4 9 34 37 40 51 55 73 77 78 81 82
obstupui 49
offenbar 63
overkind 32
octavoes 40
offences 10 12 14 15 16 19 27 28 32 45 49 51 55 60 65 71 76 77 78 80 85 88 89 93 97
oxydized 57
offended 1 3 6 7 9 10 11 12 14 16 18 19 21 22 34 37 39 41 44 45 49 50 51 54 55 56 60 64 65 67 68 71 72 73 77 78 79 81 83 84 88 89 94 97 99
offender 1 6 12 13 14 27 28 34 41 44 45 49 55 64 68 71 77 80 85 89 97
overtake 9 10 12 16 18 20 22 26 28 30 33 34 37 38 39 40 41 43 48 49 53 55 57 65 66 68 71 73 74 76 77 78 79 80 81 82 83 88 90 92 93 96
o’erhung 26 65
offendor 49
overblow 73
overbled 9
