peuere 53
pelles 53
pellet 12 79
pellam 9 49
pellis 77
pamela 10 12 83
padney 55
pected 53
premit 49
premio 53
purana 28
pectus 49
pity’s 12 21 27 38 39 49 56 59 79
plonge 45
pitman 50
premat 49
posing 18 23 37 44 55 70 79
posita 49
post’s 12
posies 40 51 55 66 94
prepar 83
p’ints 6 27
puzzle 1 3 5 8 10 11 12 16 19 21 22 26 28 34 39 40 41 43 45 46 47 48 49 50 55 58 72 76 77 78 79 80 82 92 94
pelops 65 80
pelozi 53
purest 12 13 15 16 21 26 27 28 32 38 39 40 41 42 44 49 55 65 68 71 74 77 78 79 80 82 84 88 90 92 93
purely 12 18 21 22 23 26 27 28 31 37 39 40 41 46 48 49 50 51 55 56 60 63 65 73 76 77 79 80 84 88 89 92 95 96 97
pavent 49
purdon 42 55
purged 26 39 45 49 65 71 80 88 98
purges 49 80
pressi 49
presse 45 79
prests 91
presto 40 55 92
purgar 53
pitted 1 13 17 26 28 40 71 76 77
picard 12 49
peltry 40
pittey 91
pitter 48
press. 40
pretot 12
pretio 49
pammon 65
pelted 10 14 27 40 55 56 71 73 77 78 94
purfle 9
peuple 12
purify 12 20 22 23 26 28 37 39 41 44 46 49 65 68 78 79 81 85 92
plover 10
p’ison 69
purity 4 10 12 16 19 21 23 26 27 28 29 32 35 37 39 41 44 45 46 49 51 52 55 56 65 71 72 76 77 79 80 82 84 85 88 92
p’isin 27
purist 12
plough 10 12 22 24 26 27 28 32 40 43 47 48 49 51 53 55 60 64 65 76 77 78 80 83 97 100
paving 10 12 28 44 68 71 72 76 78 79 83 96
pretty 1 3 4 5 6 9 10 11 12 13 14 15 16 17 18 19 21 22 23 24 25 26 27 28 29 30 31 32 34 35 36 37 38 39 40 41 42 43 44 46 47 48 49 50 51 52 54 55 56 57 58 60 61 62 65 66 67 68 69 70 71 72 73 74 75 76 77 78 79 80 81 82 83 84 85 90 92 93 94 95 96 98 99 100
pavior 55
pampas 12 17 28 40 46
pelvis 40 55
pelvic 55
pamper 17 54 56
phyles 12
pityin 27
plowed 18 28 33 39 56 61
poster 12 13 18 55 76 91
postes 12 79
postea 55
posted 1 2 3 4 5 6 7 8 9 10 11 12 13 14 15 16 17 18 19 20 21 22 23 24 25 26 27 28 29 30 31 32 33 34 35 36 37 38 39 40 41 42 43 44 45 46 47 48 49 50 51 52 53 54 55 56 57 58 59 60 61 63 64 65 66 67 68 69 70 71 72 73 74 75 76 77 78 79 80 81 82 83 84 85 86 87 88 89 90 91 92 93 94 95 96 97 98 99 100
pichis 53
pilate 12 32 45 55 79
postal 13 47 55 75 83
preyed 12 13 14 19 20 30 47 51 57 67 71 74 79 89 90
posses 14 49
posset 49 80
possum 4 18 49
pedant 12 49 54 65 92
pedals 94
possim 49
possis 49
possit 49 97
palter 68
pecato 53
pecaud 79
petted 27 30 33 35 39 46 55 69 71 72 85 94
paunch 22 31 39 40 49 55 65 76 77 99
pecans 18
porson 50
pettit 89
paltry 4 7 10 11 12 15 27 28 37 38 39 40 41 42 46 49 55 66 68 71 72 77 79 80 82 83 84 92 98
paulus 49 88
paulum 49
petrof 46
petrol 67
palsey 45
petrus 12 45
pneuma 55
peccet 49
pauper 10 21 28 31 40 55 57 68 71 77 78 80 85 96
portio 49
portia 23 49 77
portly 13 14 17 18 21 37 39 40 44 55 68 69 71 76 78 93
portar 49 53
portas 49
portae 49
portal 5 10 12 14 18 34 47 51 52 55 61 65 66 68 79 82 84 85 92
ported 55
palude 53
porter 9 10 12 13 14 19 21 34 36 37 39 40 41 42 43 46 49 55 66 68 71 74 76 77 78 79 84 90 93
portes 12
paluel 49
portum 49
pauonj 53
pelayo 77
preach 4 5 10 12 13 15 21 22 23 24 26 27 28 32 37 40 41 42 45 49 50 51 55 56 70 71 72 76 77 79 81 83 85 88 89 91 92 94 99
pechio 53
paused 1 3 4 5 6 10 11 12 13 14 16 17 19 21 22 23 26 27 28 29 30 31 33 34 37 38 39 40 41 42 43 44 46 47 48 49 51 52 54 55 56 57 61 65 66 67 68 69 71 72 74 76 77 78 79 81 84 85 90 93 94
pauses 10 11 12 18 28 34 39 40 42 44 46 49 55 57 59 65 71 74 76 78 79 84 85 88 90 94
piking 55
pitchy 14 48 53 65 71 74 84 90 98
padded 13 18 26 39 40 42 46 55 61 66 78 84
pauvre 12 18 39 82
precio 53
paddle 4 6 12 28 32 33 40 48 53 60 70 73 79 81 84
preast 91
preble 40
pibrac 49
peleus 22 28 45 65 80
precor 49
pelean 65
pecker 55 69 71
pecked 5 12 28 32 33 38 39 40 48 55 56 77 79 94
peckin 5
posada 77 79
pelham 15
posait 49
prefix 20 23 40 46 83 97 98
pitful 67
prefer 4 6 9 10 11 12 13 14 16 17 19 20 21 22 23 26 27 28 29 32 34 35 37 39 40 41 42 43 44 49 50 53 54 55 56 61 65 66 68 71 73 75 76 77 78 79 80 81 82 85 88 89 92 94 95 97 100
poscit 49
pelite 91
posbel 91
pelias 22 65
pelian 65
pities 4 10 39 49 55 74 79 90 93 94
pitied 3 4 10 11 12 14 16 19 22 27 28 29 35 37 38 39 40 41 42 46 47 49 51 56 57 68 70 71 72 74 76 78 79 80 81 82 83 84 85 88 90 94 97 99
pitt’s 39
pecolo 53
pelire 53
pithys 65
pelion 12 22 65 79
pecora 49
plenus 49
phobus 49
pacify 10 13 22 39 41 43 46 54 71 72 73 79 80 81 85 94
plenty 3 4 5 6 9 10 11 12 13 14 16 18 19 20 21 22 27 28 29 30 31 32 33 36 37 38 39 40 41 42 43 44 45 46 47 48 49 50 51 54 55 56 57 58 59 60 61 65 66 67 68 69 70 71 72 73 74 76 77 78 79 80 81 83 84 88 90 91 92 93 94 97 100
plenum 26 49 82
phocee 79
pacing 1 10 12 13 14 16 18 21 28 34 37 39 40 41 52 66 68 71 72 74 76 77 78 79 80 84 85 90 94
phocis 65
phocas 49 55
pekins 12
petard 12 49
palato 49
palauk 13
palate 13 23 28 37 40 42 45 49 55 56 65 77 79 81 85 88 92
petals 10 12 23 37 46 47 49 55 64 66 67 100
pished 10 27
palm’s 77
pozzon 53
plenas 49
packer 12 13 55 78 81
packet 5 6 12 14 16 21 27 29 31 36 39 40 41 42 46 49 54 55 60 66 68 71 74 76 77 78 79 83 90
packed 4 5 9 10 11 12 13 14 18 19 21 22 23 27 28 30 33 34 37 38 39 40 41 42 44 46 48 51 54 55 57 59 60 66 67 68 69 70 71 74 77 78 79 84 86 90 92 93 94 99
palely 12 55 59 78
peters 27 39 45 67 69 70 81 83
petere 49
peteon 65
phoebe 55 65
palest 40 68 76 94
porcho 53
porcha 53
porch. 38
porcos 55
paul’s 9 14 21 24 33 40 45 48 50 51 53 55 68 71 73 74 76
peteus 65
palfry 98
palice 55
paucis 49 97
pointu 12
points 1 2 5 6 7 8 9 10 11 12 13 14 16 17 18 19 21 22 26 27 28 30 31 33 34 37 39 40 41 42 43 44 45 46 47 48 49 50 51 52 53 54 55 56 57 60 63 65 68 69 70 71 73 74 75 76 77 78 79 80 81 82 83 84 85 86 88 89 90 91 92 93 94 95 97 100
pointe 12
paling 6 11 52 69
point. 11
petini 53
petine 53
paucos 49
pleurs 39
petits 12
petite 9 10 12 13 18 39 49 55
pfotts 55
piazza 4 7 23 25 26 28 40 52 66 71 79 82 84 94
piazzi 55
porker 16 55 65
pauerj 53
pallet 9 12 13 21 40 69 70 76 79 100
palles 55
palled 36 44 49 50 56 84
pallas 12 49 55 65 77 91 92
poring 10 14 27 40 41 46 49 51 55 56 60 68 71 76 77 78 84 94
plevna 55
palmos 53
pissot 12
poised 10 17 22 26 27 30 40 42 43 55 56 65 68 71 72 73 77 78 94
poises 65 77 83
pissed 55
pisser 55
pisses 55
palmus 65
poison 2 3 4 5 6 7 9 10 12 13 14 16 17 20 21 22 23 24 26 28 29 32 33 34 35 36 37 38 39 40 41 45 46 48 49 53 55 56 61 64 65 68 71 72 73 74 76 77 78 79 80 81 83 85 88 90 92 94 95 97 98
poissy 12
paus’d 65
pallor 1 10 12 13 14 21 23 37 39 40 41 42 44 46 47 49 50 54 55 56 71 78 79 82 84 85 94
pallid 1 10 12 23 26 39 40 42 43 46 47 48 49 55 56 66 68 69 74 79 84 85 90
pallio 12
palmam 49 55
palmae 49
pike’s 4
plexus 26 55
palmer 19 21 31 55 81 83
palmed 40 65 68
pauilo 53
phonic 55
piston 21 55
pistol 4 6 12 14 17 18 21 23 27 28 30 32 34 37 39 40 41 43 46 47 49 55 60 68 69 70 72 74 76 78 79 81 84 90 91 94 97
phonac 73
pistil 39 84
phoned 55 67
puzaua 53
poitou 49
petram 12
pgtext 63
porque 12
paulin 12 49
petrea 94
petrel 53 71
porous 12 55 84
porpus 81
pupils 10 12 13 14 21 23 26 29 35 39 40 42 44 47 49 50 51 52 55 56 68 69 73 76 78 79 80 82 83 84 88 92 94
patior 49
patire 53
pugnum 49
piacer 53
piaceu 53
patmos 12
pruned 4 5 56 60
pleats 8 55 61
pebbly 10 12 28 57 80
pebble 12 20 24 28 38 39 47 48 49 50 55 56 65 72 74 77 81 84 85 90 97
patois 1 12 18 44 49 55
prunin 5
pruner 12
prunes 53 55 88 94
piaghe 49
pdftex 63
pestis 49
pesthi 55
pester 14 22 37 40 41 55 86
please 1 2 3 4 5 6 7 8 9 10 11 12 13 14 15 16 17 18 19 20 21 22 23 24 25 26 27 28 29 30 31 32 33 34 35 36 37 38 39 40 41 42 43 44 45 46 47 48 49 50 51 52 53 54 55 56 57 58 59 60 61 62 63 64 65 66 67 68 69 70 71 72 73 74 75 76 77 78 79 80 81 82 83 84 85 86 87 88 89 90 91 92 93 94 95 96 97 98 99 100
pleads 15 49 65 78 82 85 89
pestle 41 55 60 78 94
pledge 4 6 7 10 14 20 21 26 27 29 32 33 37 39 40 41 42 43 44 46 49 50 55 57 65 68 70 71 72 74 76 77 78 79 84 85 90 94 98
puppim 49
pupped 55
puppet 6 10 13 23 26 30 39 77 78
prurit 49
pshent 55
pete’s 30
patrie 55
patria 12 49 55 83 84
patrix 49
patris 40 49 55
patres 49
patrem 12 28 49
patrol 4 12 13 32 39 46 81
patron 7 10 11 12 14 15 19 21 22 23 28 29 39 40 41 49 51 52 55 60 65 67 71 73 76 77 78 79 84 91 94 97
patrum 49 55
pianny 94
pianos 55 94
pianto 65
pleiad 12
patter 12 18 26 31 39 43 48 49 51 55 58 78
patten 71
patted 3 5 6 10 14 18 21 27 30 31 33 37 38 39 40 42 44 46 55 57 58 61 66 68 70 71 72 78 79 85 93 94
pianee 94
pisans 7
pisani 79
piance 53
prusse 39
piso’s 49
pleins 12
pisces 40 49 55 83
piscem 49
palais 12 37 79 94
palace 5 7 8 12 13 15 20 22 23 24 27 28 33 34 37 38 39 40 41 42 44 47 48 49 50 53 54 55 56 61 65 66 67 68 69 70 71 72 73 74 76 77 78 79 80 82 83 84 85 88 90 94 98 100
pisgah 51 55
poiein 45
p’raps 4 5 14 27 68 69 71
pryers 88
penrod 70
penton 78
pounds 2 3 4 6 10 11 12 13 14 15 16 19 21 23 27 28 30 32 33 34 36 37 39 40 41 42 43 44 46 48 49 50 51 53 54 55 56 60 62 68 69 70 71 72 73 75 77 78 79 81 82 83 84 93 94 97 99
pounce 4 5 14 37 38 39 40 41 49 71 78 79
pentup 55
pensel 9
pensez 94
pouler 91
prying 12 18 21 23 26 27 31 38 40 41 49 55 66 68 72 77 79 85 92
putide 49
penula 49
poluan 53
puthao 53
penury 12 13 16 19 51 66 74 77 90 97
pieced 14 29 57 71 78
pieces 3 4 5 6 7 8 9 10 11 12 13 14 16 17 18 19 20 21 22 23 26 27 28 29 30 31 32 33 34 35 36 37 38 39 40 41 42 43 44 45 46 47 48 49 53 54 55 56 57 58 59 60 61 63 66 67 68 69 70 71 72 73 74 76 77 78 79 80 81 82 83 84 85 86 87 88 89 90 92 94 96 97 98 99
page’s 12 77 100
poured 3 4 5 6 7 8 10 11 12 13 14 17 18 19 20 21 22 23 27 28 30 31 33 35 37 38 39 40 41 42 43 44 46 47 48 49 50 51 55 56 57 58 59 60 61 65 67 68 69 70 71 72 73 74 76 77 78 79 80 81 82 84 88 90 93
pouted 12 18 23 55 71
pinard 12
pliant 7 10 26 49 51 55 64 65 69 71 79 88 98
prynge 53
papa’s 1 10 36 37 39 55 66 71 72
pinbad 55
pouter 55
pourri 12 57
pouses 49
pewter 5 10 12 33 40 49 52 55 68 69 70 72 78 83 85
pr’aps 68
pindar 49 79 80
putoff 55
prynne 40 85
putney 48 71
pincio 79
pincar 53
peffer 78
podest 79
pliers 55 79
putrid 12 16 19 20 28 41 53 55 77
putris 49
pineal 55
phaedo 49 80
phaedr 80
pinedo 65
poddle 55
pindus 79
phaere 65
pienna 53
pienni 53
piennj 53
pienne 53
pienno 53
pienny 53
puttin 27 70
putter 67
pagaia 53
pagano 77
pagans 40 49 53 60 84 99
phryne 49 79
pieman 14 71 76 78
pingue 49
pagaua 53
pomade 27 39 41
pingle 12
paxton 46
plight 9 13 14 22 29 30 38 39 40 46 47 49 50 51 55 56 57 61 65 71 72 76 77 78 82
peer’s 10
panzas 77
penang 43
pussey 44
phials 12 73 79
pawsed 72
piminy 94
pencil 1 3 10 12 13 14 16 17 18 19 21 23 27 28 29 30 31 34 37 39 40 41 42 43 44 46 49 55 56 62 66 67 68 69 70 71 72 73 75 76 78 79 83 84 86 93 94 100
poland 1 12 23 27 39 40 41 49 56 82 96
pyjaum 55
pyjama 67
prozor 39
pocket 1 3 4 5 6 10 11 12 13 14 16 17 18 19 21 22 23 27 28 29 31 32 34 36 37 38 39 40 41 42 43 46 47 48 49 50 51 53 54 55 56 57 60 61 66 67 68 69 70 71 72 73 74 75 76 77 78 79 81 82 83 84 85 90 93 94 97 99 100
peeled 4 12 17 21 25 28 34 40 42 55 66 70 77 78 93
peneus 65 77
poleon 39 65
pendet 49
phidas 65
polo’s 53 77
phrase 1 2 3 4 5 6 7 8 9 10 11 12 13 14 15 16 17 18 19 20 21 22 23 24 25 26 27 28 29 30 31 32 33 34 35 36 37 38 39 40 41 42 43 44 45 46 47 48 49 50 51 52 53 54 55 56 57 58 59 60 61 63 64 65 66 67 68 69 70 71 72 73 74 75 76 77 78 79 80 81 82 83 84 85 86 87 88 89 90 91 92 93 94 95 96 97 98 99 100
p’lice 12
pow’rs 7 65
policy 4 6 7 11 12 13 14 15 17 19 21 26 27 28 29 34 37 39 40 42 44 45 49 51 55 60 68 71 72 73 77 78 79 80 81 85 86 89 91 92 94 97
police 12 13 14 21 22 23 30 34 37 39 40 41 42 43 44 46 48 50 51 54 55 66 67 68 70 71 75 76 78 79 80 84 86 89 92 94 96
peeped 1 3 4 5 10 12 14 16 17 18 21 27 29 31 34 37 38 39 40 41 43 44 46 48 51 55 56 58 66 68 70 71 72 73 74 76 78 79 85 90 94 100
pocock 73
polity 49 54 55 80 97
polite 5 6 10 11 12 13 14 16 17 19 22 23 27 28 33 35 37 39 40 41 42 49 51 55 56 58 61 62 65 66 67 68 69 70 71 73 75 76 77 78 79 80 82 83 94 100
polish 5 10 12 13 16 28 29 37 38 39 40 41 42 44 49 55 62 63 67 68 71 73 76 77 78 79 80 84 85 92 94
pimple 71 78 93
poling 30
pocque 53
polkas 42
peered 6 10 12 13 23 27 30 33 34 39 40 41 42 43 46 47 48 51 54 55 56 59 67 68 69 76 77 84 85
pouero 53
pouera 53
philip 7 12 14 16 23 37 39 40 45 49 55 65 77 79 81 82 83 98 99
philad 83
pouder 53
poudre 18
pour’d 65
penned 12 13 14 22 37 49 55 60 66 71 77 78 89
pennon 9
pollis 49 71
pollio 49
pollon 65
polloi 55 65
philol 80
philos 81
penman 66 71 77 83
pollen 23 28 39 55 84
philus 80
polled 13 55
paxaea 49
pollys 78
penmen 94
pollux 12 22 49 53 65 77
public 1 2 3 4 5 6 7 8 9 10 11 12 13 14 15 16 17 18 19 20 21 22 23 24 25 26 27 28 29 30 31 32 33 34 35 36 37 38 39 40 41 42 43 44 45 46 47 48 49 50 51 52 53 54 55 56 57 58 59 60 61 63 64 65 66 67 68 69 70 71 72 73 74 75 76 77 78 79 80 81 82 83 84 85 86 87 88 89 90 91 92 93 94 95 96 97 98 99 100
peeved 55 59
phipps 81
puking 12 55 65
putare 49
putano 53
putant 49 98
pocula 12 49
panics 13 40 77
panick 83
pothao 53
paeons 65
pother 5
panins 39
panizo 53
prohor 41
potion 12 35 40 49 54 55 64 73 77 79 83 94
pott’s 40
potier 12 39
plying 12 14 20 37 40 42 55 71 77 78 85
potius 49
proise 53
prolix 14 53 77 84 85 88
pannel 73 77
pannes 53
potman 14 39 48
pronto 49
pronta 98
panope 65
pusher 50
pushes 5 12 23 28 36 39 40 44 49 55 78 80 89 96
puss’s 72
pushed 4 5 6 7 9 10 12 13 14 16 17 18 20 21 23 26 27 28 29 30 33 34 35 37 38 39 40 41 42 43 44 46 47 48 49 50 51 55 56 57 58 59 60 61 66 67 68 69 70 71 72 73 76 77 78 79 84 89 92 94 95 96 99
prongs 55
pawing 17 39 43 48 55 67 70 71 73 76 77 79 94
proofs 1 4 9 10 12 15 16 19 21 22 26 29 32 37 39 41 42 43 44 45 46 49 55 63 65 68 70 72 73 76 77 78 79 80 81 85 89 94 95 97
proofe 45 98
paetus 49
pannis 12
prompt 1 4 6 7 10 11 12 13 14 15 16 20 21 22 27 28 29 30 39 41 43 44 46 47 48 49 53 55 56 61 65 68 69 70 71 72 77 78 79 85 89 92 94
promis 83 91 98
promes 91
propos 12 39 41 54 55 79 83
potosi 77
piddle 44
proper 2 3 4 5 6 7 8 10 11 12 13 14 15 16 17 18 19 20 21 22 23 25 26 27 28 29 30 31 32 33 34 35 36 37 38 39 40 41 42 43 44 45 46 47 49 50 51 53 55 56 59 60 61 63 65 66 68 69 71 72 73 74 75 76 77 78 79 80 81 82 83 84 85 86 88 89 90 91 92 94 95 96 97 98 100
pyrous 65
pole’s 40 41
pidger 71
pyrrho 40 49
pyrrha 28 49
pusled 45
pantin 12 27 46
prosit 49
panted 3 5 6 10 12 13 14 17 18 21 29 31 33 37 39 44 48 49 57 58 61 65 71 72 76 79 84 88 91
panton 65
pantre 12
pantry 5 10 14 16 28 38 39 40 42 48 50 55 56 59 66 67 71 79
pawned 12 13 37 41 42 49 55 68 73
prores 65
potuit 49
peeces 98
potuto 53
protag 80
potter 7 12 26 28 33 46 47 55 60 64 69 77 79 80 83 88 92 94
potted 13 55
prosto 49
pottle 14
proter 49
prowls 12 22 71
proven 12 13 35 48 51 77 79 80
proves 3 4 7 10 12 13 15 16 21 22 26 28 32 34 37 39 40 41 45 46 49 53 55 61 63 65 72 74 77 79 80 83 89 90 92 94
proved 1 3 4 6 7 9 10 11 12 13 14 16 17 18 19 20 21 22 23 26 27 28 29 30 31 32 34 37 38 39 40 41 42 43 44 45 46 47 48 49 50 51 53 54 55 56 60 63 65 67 68 69 70 71 72 73 74 75 76 77 78 79 80 81 82 83 84 85 88 89 90 92 93 94 95 96 97 98 99
provis 14
peddle 70
purply 55 56
purple 3 5 8 10 12 13 14 16 21 22 23 26 27 28 31 37 38 39 40 41 42 46 47 48 49 51 52 54 55 56 57 58 61 65 66 69 72 75 76 77 78 79 80 84 85 94 98 100
posuit 49
pilche 12
pilfer 4 77
psalme 45
psalms 10 12 39 40 48 49 55 83 88 94
physik 63
physio 92
physic 14 16 49 55 60 68 73 78 80 82 85 88 98
purred 33 55 56 61 84
purrer 94
pickin 27
pickle 13 17 40 44 55 57 71 76 78 85 91 94 98
picket 27 31 33 39 94
picked 1 3 4 5 6 8 9 10 12 13 14 17 18 21 22 23 26 27 28 29 30 31 32 33 34 35 37 38 39 40 41 42 43 44 46 47 48 49 50 51 52 55 56 57 58 59 60 61 66 67 68 69 70 71 72 73 74 76 77 78 79 81 82 83 84 85 90 94 97 99 100
picker 12 43
purpos 83
phyton 49
picnic 1 13 16 22 41 42 43 51 55 56 57 66 67 69 70 71 76 79 94
pursue 4 6 7 9 10 11 12 14 15 16 17 18 19 21 26 27 28 29 32 34 38 39 40 41 43 44 45 46 47 48 49 51 53 55 56 59 60 65 66 68 71 72 73 74 76 77 78 79 80 81 83 84 85 88 89 90 92 93 95 97 99
pwince 39
paeans 65
physog 55
pursed 12 40 49 55 56 68 94
purses 10 11 12 13 21 39 45 49 52 73 76 77 78 79 80 83 93 96 100
purser 14 78
purvis 14 51
picpus 12 79
purvey 9
paeeon 22
picora 53
piling 11 12 13 21 28 40 48 49 50 70 71 78 86 93 94
picole 53
picola 53
picoli 53
pilier 23
picolo 53
pillon 79
pillow 1 4 5 6 8 10 12 14 17 18 19 20 21 23 25 27 28 29 33 37 38 39 40 41 42 44 46 48 49 51 53 55 56 57 66 68 71 72 74 76 77 78 79 84 85 90 92 94 99
panama 12 55 70
picque 49
pillar 4 10 12 13 14 18 20 22 26 27 39 40 41 42 43 44 45 46 47 48 49 50 51 53 55 65 71 72 73 76 77 78 79
pedler 4 12
pedlar 34 37 38 40 55 66 68 82
pokers 21 94
psshaw 33
pictur 10
potato 4 5 12 13 28 39 48 55 56 62 66 70 71 76 85 93 96
pictus 49
potata 49
potash 4 28
potboy 78
probed 13 21 40 71 84
probes 12 84
pyrate 45
probat 49
pyrard 53
panard 12
panaps 53
picton 12
potare 49
picter 6 14
push’d 65
procur 83
procul 49
panels 5 10 12 14 23 34 40 42 47 54 68 72 78 79 84 85 93
prodit 49
probus 49
pilots 22 28 40 53 55 60 65 73 80
piloti 53
piloto 53
pander 55 88
pilpay 28
poking 5 14 18 19 26 27 37 39 41 55 56 68 69 70 71 78 82 85 86 94
profer 53
potful 77
profit 1 2 3 4 5 6 7 8 9 10 11 12 13 14 15 16 17 18 19 20 21 22 23 24 25 26 27 28 29 30 31 32 33 34 35 36 37 38 39 40 41 42 43 44 45 46 47 48 49 50 51 52 53 54 55 56 57 58 59 60 61 63 64 65 66 67 68 69 70 71 72 73 74 75 76 77 78 79 80 81 82 83 84 85 86 87 88 89 90 91 92 93 94 95 96 97 98 99 100
poteau 12
produc 83
poteua 53
potest 49 97 98
potens 49
potent 10 12 14 19 26 30 40 44 45 46 49 51 52 55 56 64 66 69 71 72 73 74 76 77 79 80 84 85 88 90 92
panful 56
poters 46
potere 53
potero 49
potera 53
pigeon 3 6 10 12 14 16 18 23 31 38 42 49 50 55 60 71 72 77 78 85
powred 45
pumped 28 41 44 69 76 79
privil 39
pigdog 55
prrprr 55
prized 4 11 16 28 32 37 39 40 41 45 49 53 56 65 66 69 70 74 77 81 90 92
prizes 3 6 10 11 12 21 22 39 41 42 51 55 56 65 69 73 77 78 79 80 81 83 88 94
paquet 83
piggin 40
pipes. 71
pipers 94
pipeth 26
piglia 53
piglio 53
pradit 53
powwow 69 70 85
prrwht 55
prague 21 70
praise 4 5 6 7 9 10 11 12 14 16 18 19 20 22 23 24 26 27 28 29 30 32 33 35 37 39 41 43 44 45 46 49 51 53 55 60 64 65 66 69 71 72 73 74 77 78 79 80 81 82 83 88 89 90 92 93 94 98 100
paidup 55
puebla 77
piping 5 6 21 24 26 33 37 39 40 41 42 49 55 65 69 77 78 93 94
pair’s 5 66
poodle 12 13 38 41 55 69 78 94
phlegr 49
phlegm 42 49 55 56 72 79 80 92 94
pranks 10 12 28 37 39 41 55 56 77 79 81 92 94
pray’r 65
pray’d 65
prance 41 69 70 94
poohed 17 27 46
parage 9
parabu 53
parade 11 12 13 16 26 28 33 35 39 40 41 42 48 49 52 55 66 71 76 78 82 83 85 89 92 94
pigsty 38 67
poor’s 68
parare 49
parata 49
pezare 53
p’waps 39
piombo 53
plases 91
plashy 52 85
poems. 77
platae 65
plasto 55
prieta 53
priest 1 5 7 9 10 12 13 15 18 22 23 24 26 27 28 31 33 35 37 38 39 40 41 42 44 45 49 51 53 55 64 65 66 67 73 74 77 78 79 80 81 82 83 85 88 89 90 91 92 94 96 97
ponens 63
poneno 53
pyleus 65
pylene 65
pepita 12
pylian 22 65
ponine 12
ponies 5 11 27 43 67 72 77 93 94
poenae 49
platos 49
platon 12 41
poenam 49
plates 3 5 8 10 12 13 14 22 23 27 28 31 34 37 38 39 40 41 42 44 46 47 48 49 55 56 57 59 65 68 70 71 73 77 78 79 83 84 86 92 93 94
plated 10 20 43 65 68 76 78
platea 65
platir 77
plaudo 34
pegola 53
powell 55 57 70
pahlen 39
power. 71
priker 9
puding 91
powdah 39
powder 1 4 6 9 12 13 14 17 18 22 23 27 28 33 37 39 40 41 44 47 48 49 53 55 56 60 66 67 68 69 70 71 73 76 77 78 79 81 83 84 87 91 94 98 99
primer 40 55 56 70 71 78 83 85 94
primed 6 12 41 55 77
primam 49
primal 40 55 56
powful 70
poesie 49
primum 12 49 84
primus 9 49
primos 49
poetae 49
plazas 77
primly 17 56
primis 49
primig 55
pegtop 55 71
peplom 73
powers 6 7 9 10 11 12 13 14 15 16 18 19 21 26 27 28 31 32 33 34 37 39 40 41 42 43 44 45 46 47 48 49 50 51 52 54 55 56 60 61 63 65 67 68 69 71 72 73 74 76 77 78 79 80 83 84 85 88 89 90 91 92 94 95 96 97 98
playin 5
player 12 14 16 18 21 23 26 34 35 39 42 44 49 50 55 59 66 67 77 78 80 82 83 84
played 3 4 5 6 8 9 10 11 12 13 14 16 17 18 19 21 22 23 26 27 28 29 30 33 34 35 36 37 38 39 40 41 42 43 44 46 47 48 49 50 51 53 54 55 56 57 58 59 60 61 65 66 67 68 69 70 71 72 73 74 76 77 78 79 80 81 82 83 84 85 89 90 92 93 94 96 98 100
pudori 49
pumila 28
pepper 2 3 12 13 14 18 23 30 33 37 40 41 42 46 49 52 53 55 66 67 68 71 78 81 83 85 94 99
priora 77
pumice 86
priori 12 51 63 79 80 82 84 92 95
priore 49
priory 9 14 19
priors 12 55
plazza 40
pony’s 48 71
poetry 1 10 11 12 14 18 20 21 22 23 26 27 28 29 31 35 39 41 42 45 48 49 50 51 55 56 65 66 69 70 71 72 73 74 77 78 79 80 83 84 85 89 90 94 98 100
prince 5 7 9 10 12 13 14 15 16 17 20 21 22 23 26 27 28 29 35 37 38 39 40 41 42 45 49 53 55 56 60 65 66 67 71 72 73 76 77 78 79 80 81 82 83 84 85 88 92 94 97 98 100
poeten 55
phthia 22 28 65
poetic 12 14 21 26 27 28 39 40 42 49 51 52 55 65 77 79 84 85 88 94
poetis 49
prints 10 12 21 27 28 30 31 34 37 40 41 43 49 55 58 65 71 77 78 79 83 85 100
poetus 49
pummel 14 77
prison 3 4 6 7 8 9 10 12 13 14 15 17 18 20 21 22 23 26 27 28 29 31 32 37 38 39 40 41 43 44 45 46 49 51 55 57 60 61 64 68 69 70 71 72 73 74 76 77 78 79 80 81 82 83 84 85 88 90 92 94 95 96
prisms 55 94
prisci 49
prised 76
pontia 49
prissy 56
pipe’s 6 40
pepsin 13
pflaap 55
ponunt 49
priuie 53
privet 48 77
privat 39
pontus 9 23 49 77
pritty 71
ponton 55
prithe 14
paying 1 2 3 4 5 6 7 8 9 10 11 12 13 14 15 16 17 18 19 20 21 22 23 24 25 26 27 28 29 30 31 32 33 34 35 36 37 38 39 40 41 42 43 44 45 46 47 48 49 50 51 52 53 54 55 56 57 58 59 60 61 63 64 65 66 67 68 69 70 71 72 73 74 75 76 77 78 79 80 81 82 83 84 85 86 87 88 89 90 91 92 93 94 95 96 97 98 99 100
pinzon 53
pulpit 4 8 12 32 40 42 45 49 50 51 55 56 69 70 71 72 74 76 77 78 80 83 84 85 89 90 92 94 97
pulper 55
pappin 55
placed 1 3 4 6 7 8 9 10 11 12 13 14 15 16 17 18 19 20 21 22 23 26 27 28 29 30 31 32 34 35 36 37 38 39 40 41 42 43 44 45 46 47 48 49 50 51 53 54 55 56 57 59 60 61 63 65 66 68 69 71 72 73 74 75 76 77 78 79 80 81 82 83 84 85 86 87 88 89 90 91 92 94 95 96 97
place. 37 41 71 74 76 80
places 1 3 4 5 6 7 8 9 10 11 12 13 14 15 16 17 18 20 21 22 23 25 26 27 28 29 30 31 32 33 34 35 37 38 39 40 41 42 43 44 45 46 47 48 49 50 51 52 53 54 55 56 58 59 60 61 62 63 64 65 66 67 68 69 70 71 72 73 74 76 77 78 79 80 81 82 83 84 85 88 89 90 91 92 93 94 95 97 98 99
placet 49
placer 30
placid 10 12 14 17 23 27 28 29 31 34 39 40 43 46 49 51 55 56 66 68 71 74 76 78 84 90 92 94
pulsed 39 51
pulses 5 6 10 18 23 32 34 55 56 57 65 69 71 73 74 76 90
pulset 49
pulsas 97
pulsat 77
plagis 49
paynes 45
plagas 49
plain. 10
plaint 26 30 51 77 94
plains 5 7 10 12 13 20 26 27 28 33 34 40 44 45 52 64 65 69 74 76 77 79 88 90
plaine 9 65
plaids 12 67 71
plaice 55
plaies 92
plague 1 4 10 11 12 13 16 19 22 23 26 27 35 37 38 39 40 41 45 46 49 51 55 60 61 65 70 71 72 73 77 78 79 80 81 82 83 84 85 88 94 98
plaguy 4 27 40
paynim 9 10
pegasi 12
plaire 37
plaits 10 12 39 40 84
pulvis 11
pegged 33 69 70 94
piogia 53
piogie 53
poncho 34 40 55
poet’s 26 28 42 55 65 66 77
planet 10 12 15 21 28 31 40 41 47 48 55 65 69 73 77 79 92 95
planes 47 55 73 79 80
planed 22 28 37 38 39 40 49 55
play’d 49
play’s 55
plamys 53
plans. 71
plants 5 6 8 10 12 13 14 16 18 19 23 24 26 27 28 31 34 37 39 41 42 43 45 47 48 49 50 53 55 60 65 66 68 69 71 72 73 74 77 78 79 80 84 85 88 89 90 92 94 97 98
planks 4 6 10 12 18 21 26 28 31 37 38 39 40 41 42 49 52 53 60 65 70 71 74 77 79 84 90
pondus 49
puddin 5
puddle 8 10 12 16 27 28 34 37 38 41 46 48 55 67 70 71 94
pridem 49
prides 27 55 82
p.p.’s 55
pudeat 49
peperi 53
plaque 12
pricks 10 12 44 46 49 55 77 78 88 94
prickt 98
price. 71
priced 18 23 51 53
prices 4 12 13 14 21 27 28 39 40 45 48 49 50 51 53 55 68 77 78 79 82 83 88 89 91 94 96
pondeu 53
ponder 8 10 12 27 38 39 41 46 49 55 56 66 71 78 79 84 98
prided 11 13 27 30 39 41 44 52 55 56 58 71 77 79 84 94 100
podium 79
pining 10 27 39 41 49 55 71 72 77 81 94
pinion 10 26 27 55 65 78 84 91
phairy 78
pierre 12 23 39 44 49 79 81
pierus 65
papacy 7 45 49 53 80
pinkly 56
pinked 17 77
pinker 55 78
pierce 1 5 10 12 20 21 22 26 27 28 39 40 41 46 49 51 55 57 65 73 74 77 79 81 88 90 93 94 100
pieria 22 65
pietra 53
pietre 53
pietro 7 23 49 53 79
plinth 12 50 55
podnov 39
pagina 49
piesse 12
pieter 55
pinned 1 6 10 13 18 27 28 29 34 39 40 41 42 55 56 68 69 78 81 93 94
pinner 48
pietas 49
pulcra 49
pinsit 49
pinson 12
payait 12
phases 12 14 27 46 47 51 54 55 71 72 84 85 96
pinqua 53
papers 1 4 6 8 10 11 12 13 14 15 16 17 18 19 21 23 27 28 31 32 34 36 37 39 40 41 42 43 46 47 48 49 50 51 52 53 54 55 56 57 60 65 66 67 68 69 70 71 72 73 74 75 76 77 78 79 81 83 84 85 90 91 93 94 95 97 100
paglan 12
paglia 53 77
pharos 12 22
pucker 27 39 49 55 94
pharax 49
phares 65
pagoda 12 28 40 47 55 71
paybox 55
pagolo 7
papier 31 63
papill 28
papist 60 85 89
papish 12 55
pagnia 53
plisky 72
pommel 9 40 52 70 77 93
pintle 44
pinted 14 71
paphos 12 22
pompey 12 45 49 73 82
payers 49
payeth 45
payest 88
pomona 12
python 33 45
peopel 91
pythia 65
peopol 91
par.10 26
people 1 2 3 4 5 6 7 8 9 10 11 12 13 14 15 16 17 18 19 20 21 22 23 24 25 26 27 28 29 30 31 32 33 34 35 36 37 38 39 40 41 42 43 44 45 46 47 48 49 50 51 52 53 54 55 56 57 58 59 60 61 62 63 64 65 66 67 68 69 70 71 72 73 74 75 76 77 78 79 80 81 82 83 84 85 86 87 88 89 90 91 92 93 94 95 96 97 98 99 100
puling 41 55 68 72
pulled 1 3 5 6 8 9 10 12 13 14 17 18 19 20 21 22 23 25 26 27 28 29 30 31 32 33 34 35 36 37 38 39 40 41 42 43 44 46 47 48 49 52 53 54 55 56 57 58 59 60 61 66 67 68 69 70 71 72 73 74 76 77 78 79 81 82 84 90 91 93 94 97 99 100
pullen 35
puller 12
pullet 55 77
pulley 12 22 28 39 55 68 76 79
pinyin 63
pnimah 55
pullin 5
pferde 63
pealed 43 55 85
peaked 6 12 21 28 31 39 40 41 42 47 53 55 61 74 77 90
pheedo 49
pesaro 7
pugach 39
prue’s 27
pesait 82
psyche 12 94
pescia 7
pearly 5 10 23 28 33 34 65 74 77 79 84 90
pearls 5 12 16 17 19 23 26 28 35 37 38 39 40 41 42 46 49 51 53 55 56 67 71 73 77 79 80 85 94 98 100
peares 98
peared 51
phelia 27
pearse 81
phelus 65
peases 91
phelot 9
phelps 70
pearcy 55
pearce 50
patant 55
peater 91
pateat 49
pejora 49
pirous 65
pheres 22 49
pirrip 14
patent 10 12 13 21 23 25 27 28 34 40 42 43 44 45 48 49 50 51 53 54 55 57 67 68 69 70 71 73 77 78 79 83 84
patens 49
prudes 12
patena 77
pherae 22 65
pathos 4 10 13 18 22 23 26 27 29 32 41 46 50 55 69 71 72 80 85 92 94
pugnis 97
pugnio 53
pugnat 49
pugnas 49
pugnam 49
plumet 12
plumes 10 12 13 18 22 26 28 38 39 40 48 55 56 65 66 69 70 77 84 94
plumer 91
plumed 14 18 39 40 43 44 55 56 65 71 77 84 94 98
permit 1 4 7 10 11 12 16 18 19 20 21 22 27 28 29 34 35 39 40 41 43 44 45 46 49 55 61 65 66 68 69 71 72 73 74 75 77 78 79 80 81 82 83 84 85 86 87 88 89 90 93 97 98
plumbs 40
pashas 82
plummy 68 94
pass’d 65
plumps 55
poplar 12 22 28 46 51 55 56 58 65 68 77 79 84 93
poplin 16 55 94
perosi 49
popolo 49 79
popoli 7 53
plunge 1 4 6 10 12 13 14 17 18 21 25 26 27 28 29 30 33 34 35 38 39 40 41 44 46 49 51 52 55 57 65 67 68 71 72 74 76 77 78 79 82 84 85 90 92 93 94
plunks 56
phea’s 65
piqued 1 10 11 12 18 19 37 41 43 52 79 82
piques 12 94
piquet 11 16 19 39 71
perque 53
plural 12 22 34 46 53 55 80 84 88
poppet 37 71 78
popped 6 17 29 33 35 37 38 39 40 42 55 58 68 69 70 94
poppea 49
pertly 42 50 56 72
plutes 13
perrys 16
plures 49
persis 65
persia 12 37 39 40 42 45 49 53 55 77 79 80 83
person 1 2 3 4 5 6 7 8 9 10 11 12 13 14 15 16 17 18 19 20 21 22 23 24 25 26 27 28 29 30 31 32 33 34 35 36 37 38 39 40 41 42 43 44 45 46 47 48 49 50 51 52 53 54 55 56 57 58 59 60 61 62 63 64 65 66 67 68 69 70 71 72 73 74 75 76 77 78 79 80 81 82 83 84 85 86 87 88 89 90 91 92 93 94 95 96 97 98 99 100
peachy 55 78
pfeile 63
populo 49 53 55 97
populi 45 53 97 98
plutus 28
peruke 12
peace. 38 40 41 80
peaced 9
peruse 10 12 32 55 66 72 78 79 83 98
poyntz 55
pasted 12 13 27 42 43 46 55 66 68 71 73 78 79 87
pirame 53
pastes 79
piracy 6 27 53 69
pastry 10 12 14 27 55 66 67 71 78 82 83 94
poyson 45
pastor 4 10 12 27 45 49 51 55 56 65 68 72 77 79 83 84 85
pastus 49
pizzle 55 82
pirate 6 10 13 14 15 17 18 27 32 39 40 60 69 70 73 79 82 83 85 94
pirato 53
passez 18
passis 49
passin 13 78
passim 49 55
passen 63
passel 70
passes 1 4 5 7 8 10 12 13 16 17 20 22 23 27 28 30 34 35 38 39 40 41 42 43 44 46 49 50 52 53 54 55 60 65 66 68 69 71 72 73 74 76 77 78 79 80 81 84 85 88 89 90 92 94 95 97
passer 4 8 12 22 37 40 44 49 54 68 71 92 94
passed 1 3 4 5 6 7 8 9 10 11 12 13 14 15 16 17 18 19 20 21 22 23 24 26 27 28 29 30 31 32 33 34 35 36 37 38 39 40 41 42 43 44 45 46 47 48 49 50 51 52 53 54 55 56 57 58 59 60 61 65 66 67 68 69 70 71 72 73 74 76 77 78 79 80 81 82 83 84 85 88 89 90 92 93 94 97 98 99 100
passus 27
parvam 49
parvis 49
partly 1 2 4 5 6 7 9 10 11 12 13 14 15 16 17 18 19 21 22 26 27 28 29 30 31 32 37 39 40 41 42 43 44 45 46 48 49 50 51 52 53 54 55 56 57 59 60 61 65 68 69 70 71 72 73 74 76 77 78 79 80 81 83 84 85 88 90 92 94 95 96 99
partiz 53
partie 21 44 45 92
partiu 53
partir 53
parton 83
parts. 21 22 71
party. 31 71
parvus 49
percio 53
perche 49 53
perchi 53
perate 28
perard 9
poggio 7 65
peregi 49
pereat 49
perell 53
plucks 12 22 28 41 55
plucky 6 36 41 51 55 94
perdam 49
perdas 27 49
perdit 49
perdis 65
perdus 79
perdre 12
perdon 53
puffin 46
puffed 3 5 11 12 14 18 21 26 32 33 34 38 39 40 41 42 44 48 49 55 56 66 70 72 77 78 79 84 88
pasaua 53
popery 15 83
pluere 9
pascit 49
period 1 4 7 9 10 11 12 13 14 15 16 17 18 19 20 23 26 27 28 29 31 32 34 37 39 40 41 43 44 46 49 50 51 52 53 54 55 56 57 65 66 67 68 69 71 72 73 74 75 76 77 78 79 80 81 82 83 84 85 88 89 90 92 93 94 96
perion 77
perill 45
perils 4 6 7 9 10 12 13 20 21 27 28 29 32 40 46 49 52 55 65 72 76 77 79 80 81 85 88
perish 4 6 8 9 10 12 13 15 17 18 20 22 26 27 29 31 35 38 39 40 41 42 43 45 46 48 49 51 55 56 60 64 65 71 74 76 77 78 79 80 81 82 84 85 88 89 90 92 93 97 98 99
perire 49
pyemia 55
peinte 94
pascal 12 40 49 79 81 92
pognio 53
perkin 55 90
perked 6 27 94
perlen 37
perles 23
popish 2 15 60 81
pardie 9 12
pippin 40 55 73
pardon 1 3 4 5 6 7 9 10 11 12 13 14 15 16 17 18 19 21 23 26 27 28 31 33 34 35 36 37 38 39 40 41 42 43 44 45 46 49 50 53 54 55 58 60 65 66 67 68 69 70 71 72 73 74 75 76 77 78 79 80 81 82 83 84 85 89 90 92 93 94 97 98
puncto 92
pareat 49
pseudo 13 18 39 41 49 55 63 65 80
parcit 49
parcel 4 10 12 13 14 16 17 18 21 27 31 32 34 36 37 39 40 42 44 46 49 55 56 60 68 69 70 71 73 75 77 78 79 81 83 84 94 97 99
pooles 45 55
pooley 81 89
pooled 56
puella 49
parent 1 4 10 14 15 16 19 27 28 32 37 40 41 44 45 47 48 49 50 55 64 65 68 69 70 71 72 73 74 75 76 77 78 79 80 84 85 88 89 90 94 96
parens 49
pareil 9
pundit 55
parere 49
pareua 53
pailer 55
pezeto 53
prated 88
prater 39 80
pungle 70
pungit 49
paries 49
pariah 12 33 69
parian 10 27 79 94
paring 12 55 73
pained 4 6 12 13 14 16 17 18 19 20 21 22 23 29 39 40 41 42 46 55 59 66 71 72 74 77 78 79 80 82 84 85 90
paines 45
paint. 56
paints 4 12 13 18 23 26 37 40 49 55 65 70 77 78 79 80
pains. 38
pravia 53
punish 4 7 10 11 12 13 15 19 21 22 26 27 28 30 35 36 37 38 39 40 41 43 44 45 46 49 51 54 55 56 60 64 65 68 69 71 72 73 74 77 78 79 80 83 84 85 88 89 90 92 97
pravas 49
parked 12 55 67 86
parkes 42
parker 23 27 42 70 81 94
parish 2 4 10 11 12 14 16 18 19 21 28 39 43 44 45 46 48 49 51 55 68 71 72 73 75 76 77 78 81 83 85 94 97 98
parity 15 49 65 73 88 89
pariua 53
poorly 9 10 11 12 13 16 18 19 22 28 37 39 40 41 44 45 49 51 55 66 71 72 77 78 79 80 83 85 86 93 94
poorer 2 12 13 14 16 21 22 26 28 30 35 39 41 46 49 50 51 60 68 71 72 75 76 77 78 89 92
parmen 80
punkte 63
prayed 1 4 6 7 9 10 12 14 15 20 22 23 26 27 28 29 30 32 37 38 39 40 41 42 43 44 45 46 48 49 53 55 56 60 64 65 66 68 69 70 71 72 74 76 77 78 79 80 81 82 84 85 88 90 91 93 94 98 99
prayer 4 5 6 9 10 12 13 14 18 22 23 27 28 31 32 33 34 35 37 39 40 41 42 43 45 46 48 49 51 55 56 60 64 65 66 68 69 70 71 72 74 76 77 78 79 80 81 83 84 85 88 90 91 92 93 94 98 99
puerto 53 77
puerte 12
pueris 49
paired 13 26 44 80 81 94
prawns 79
parlez 10 37
parley 4 10 13 14 16 20 21 38 49 54 60 65 68 76 77 78 79 80 84 88 94
parlay 78
parlar 55
punkin 70
parlor 4 12 13 18 25 27 28 39 40 50 51 52 56 66 70 79 84 85 94
paroli 53
parole 6 27 28 39 42 45 78
pequio 53
parody 12 23 26 31 32 48 65 82 83
pequod 40 85
prayse 45
prayin 27 78
parque 49
parpar 94
parsem 23
parser 63
parsep 63
parsee 40 55
parsed 55 56
parson 5 10 24 28 29 38 40 52 55 68 69 70 72 81 82 96 98
partes 49 53 77
partey 91
partem 49 97
parted 4 5 7 8 10 11 12 13 14 16 17 18 19 20 21 22 23 26 27 28 31 32 33 34 35 37 38 39 40 41 42 43 44 45 46 48 49 50 53 55 56 57 60 65 66 67 68 69 71 72 73 74 76 77 78 79 80 81 82 83 84 88 90 92 93 94 99
pope’s 9 12 21 28 39 41 42 49 53 55 65 77 79
parrot 5 6 18 23 27 33 46 49 50 51 53 55 56 60 66 68 70 78 79 93 94
parrys 19
