qela 53
qiui 53
qnos 49
qoph 55
quar 53
quas 49
quam 49 97 98
quay 12 23 39 40 42 46 55 76 79 94
quad 67
quai 12 65 79
qual 49 53
quae 49 55 97
quem 49 79 98
quel 10 49 53 55 94
quia 12 49 53 84 92 97
quid 6 12 40 46 49 51 55 79 84 97 98
quhm 49
quiz 10 94
quig 40
quit 6 7 9 10 11 12 13 14 15 16 18 19 20 22 23 39 40 41 42 43 44 45 46 49 51 55 60 62 65 68 69 70 71 72 74 76 77 79 82 83 84 85 88 89 90 91 94 97
quis 7 12 49 55 77
quin 12 49 98
quim 44
quip 55
quog 40
quoi 49
quod 26 27 45 49 55 97 98
quoe 49
quo. 71
quot 12 49
quos 39 49 55
quum 49 79
