r’s 21 39
r.c 55
r.w 74
rab 70
rad 40
raf 70
rah 39 66
rag 10 12 13 14 22 26 27 31 33 37 39 40 41 42 46 49 55 57 59 67 68 69 70 71 76 77 78 79 84 85 94
ral 39 55 78 79 94
rak 55 83
ran 1 3 4 5 6 7 8 9 10 11 12 13 14 16 17 18 19 21 22 23 25 26 27 28 30 31 32 33 34 35 37 38 39 40 41 42 43 44 46 47 48 49 50 51 52 53 54 55 56 57 58 59 60 61 63 65 66 67 68 69 70 71 72 73 74 76 77 78 79 80 81 82 83 84 85 88 90 93 94 98 99 100
ram 12 14 17 22 30 33 39 40 47 48 49 50 51 55 65 70
rap 4 10 12 14 18 19 27 38 40 44 48 55 68 69 77 78 79 83 94 95 100
rar 49
rat 3 10 12 13 14 17 21 28 33 34 39 40 44 46 48 54 55 57 68 69 70 71 73 77 78 84 91 92 94 98 100
ras 12 39
raw 3 4 10 12 13 14 18 22 27 28 30 31 32 33 39 40 41 42 43 44 46 49 53 55 56 57 66 67 68 70 71 73 76 77 78 79 81 83 89 96 98 99
ray 1 6 8 10 12 18 21 25 26 27 28 32 33 37 38 39 40 41 46 48 49 52 55 56 57 61 65 66 67 68 69 71 72 76 77 78 79 81 84 85 86 93 94 95
rde 63
rds 20
rea 53
red 1 3 4 5 6 7 8 9 10 11 12 13 14 16 17 18 19 21 22 23 24 26 27 28 29 30 31 32 33 34 35 36 37 38 39 40 41 42 43 44 45 46 47 48 49 50 51 52 53 54 55 56 57 58 59 60 61 63 65 66 67 68 69 70 71 72 73 74 76 77 78 79 80 81 82 83 84 85 86 90 92 93 94 95 98 99 100
rec 39 68 78
ref 9 63 78
ree 55
reg 78 94
rei 28 49 97 98
rel 20
ren 12 20 62 63 79
rem 49 53 98
rep 65 80
rer 39
req 63
res 7 10 12 23 30 39 49 55 70 79 92 98
rev 4 10 16 32 40 42 44 45 55 65 69 70 75 81 83 84 91 98
reu 49
rex 40 42 45 49 67 79 97
rez 53
rey 12 53
rgb 62
rge 39
rgt 55 63
rib 5 17 30 31 38 40 55 71 77 85
rid 2 4 6 7 10 11 12 13 14 16 18 19 21 22 23 26 27 28 29 30 32 33 34 36 37 38 39 40 41 43 44 46 49 50 53 54 55 56 58 59 60 65 67 68 69 70 71 72 73 75 76 77 78 79 80 81 83 84 85 90 92 94 97 98
ric 10
rie 18 53
rig 6 13 35 37 40 46 79 94
rik 39
rin 12 39
rim 12 14 22 30 33 37 38 39 40 42 48 55 56 57 65 66 73 78 79 80 86
rip 6 12 23 38 40 44 49 55 66 69 70 71 73 76 77 78 82
rio 12 17 23 34 40 53 55 60
rit 37 41 55
ris 27
riz 18 94
rka 39
rki 39
rmm 55
rob 1 7 9 10 11 12 13 14 19 20 22 26 30 32 37 38 39 40 41 42 44 46 49 51 55 56 60 64 65 66 67 68 69 70 71 72 73 74 77 78 79 80 81 82 88 90 94 95 97 98
rod 8 9 10 12 14 15 21 23 26 27 28 31 32 38 39 40 41 44 45 47 48 49 51 52 55 65 66 69 70 71 72 76 77 79 83 84 85 87 92 93 99
rof 55
roe 38 53 55 65 78
rog 39 84
roi 12 39 79 94
rol 68
ron 20 53 79 82
rom 45 46 53 81
rop 91
roo 41 55 71
rot 12 13 14 22 23 26 28 31 35 37 40 41 49 51 55 60 63 67 68 69 70 71 76 77 78 80 81 82 86 91
ros 12 53
rov 39
rou 10 12 39 79
row 3 4 5 6 9 10 12 13 14 16 17 18 21 22 23 26 27 28 31 33 37 38 39 40 41 42 43 46 48 49 50 51 52 53 55 56 57 60 61 63 65 67 68 69 70 71 72 73 74 76 77 78 79 81 82 83 84 85 90 91 94
roy 9 45 77 83
rre 53
rrr 55
rte 63 91
rtt 33
rub 4 5 10 13 14 16 17 19 26 27 28 32 33 38 40 41 42 44 46 49 53 55 56 57 60 66 67 68 70 71 73 76 77 78 80 86 91 92 93
ruf 49
rue 10 12 22 23 34 38 40 44 55 56 72 73 76 77 78 79 82 84 92 94
rug 5 10 12 14 18 19 21 22 27 28 31 34 37 39 40 41 42 43 44 46 55 57 61 67 68 71 72 78 94 99
rui 53
rul 14 68 83
run 1 3 4 5 6 7 8 9 10 11 12 13 14 15 16 17 18 19 20 21 22 23 24 25 26 27 28 30 31 32 33 34 35 36 37 38 39 40 41 42 43 44 45 46 47 48 49 50 51 52 53 54 55 56 57 58 59 60 61 63 64 65 66 67 68 69 70 71 72 73 74 75 76 77 78 79 80 81 82 83 84 85 86 88 89 90 91 92 93 94 97 98 99 100
rum 4 6 13 14 20 27 28 32 37 39 40 41 42 46 51 55 60 68 69 71 76 78 79 81 83 84 91
rut 12 13 23 30 37 39 55
rus 55 79
ruy 50 77
rya 39
rye 12 13 28 32 39 41 52 55 76
ryk 39
ryo 70
