tski’s 39
tusked 33 40 55 77
tusker 33
tyrone 55
tropes 10 28 45
tropic 28 40 55
trophy 12 20 21 28 34 39 40 47 49 55 65 69 77 79
troppo 49 55
temuto 53
troops 7 12 13 14 20 33 37 38 39 40 46 48 49 51 52 55 60 65 71 73 76 77 78 79 80 81 82 83 84 88 94 97
troonk 28
teedge 14
trover 40
trovsk 39
tiding 9 14
tidily 22 41 94
timeas 49
trouar 53
trough 6 10 21 22 28 32 38 40 44 48 53 55 60 72 73 77 85
troupe 12 31 39
trouth 91
tocchi 39
trouve 34 92
tocaua 53
totted 55
totter 5 14 20 49 60 65 68 72 84 85
tantus 27 49
tantum 5 49 55 77 97
tantis 49
twangs 65
trotty 78
tantam 49
tantem 45
tidies 36
tidied 14 17 27 39 46 50 55 59 72 78
trosig 53
timber 6 7 9 10 12 13 14 15 16 19 22 28 30 32 33 39 40 41 43 46 48 53 55 57 60 65 68 70 71 72 73 76 78 79 80 84 97
thibet 12 55
tenant 10 11 12 14 15 21 28 34 42 43 44 51 55 71 72 76 78 79 84 97
tenait 12
tidore 28 53
tidori 53
troyka 39
timido 49
tussle 4 12 13 34 48 56 71 94
tusser 94
toll’s 39
thible 72
tolate 53
tolati 53
tolato 53
timeri 49
timere 49
times. 71 79
timens 49
timent 12 49
timely 4 15 18 22 39 40 45 49 55 65 68 71 76 77 78 79 81 84 92 94
trowel 5 14 28 39 55 78 84
trowed 55
tum’le 72
tow’rs 65
thieve 32 88
thiers 12 39
tenero 49
tenera 49
teneri 49 65
tenere 49 53
teneua 53
tenets 10 27 45 55 74 83 88 89 90 92
thrace 7 22 49 65 77
thighs 9 12 22 30 35 39 40 44 49 53 55 60 65 70 73 77 78
toledo 53 77 84
teemed 14 39
tubers 55
tendin 27 69
tender 1 2 4 5 9 10 11 12 13 14 15 16 17 18 19 21 24 26 27 28 29 31 32 35 37 38 39 40 41 42 44 46 48 49 50 51 52 55 56 57 58 59 60 61 64 65 66 67 68 69 71 72 73 74 76 77 78 79 80 81 82 85 86 88 89 90 92 93 94 97 99
tended 4 5 6 12 13 14 15 19 21 22 27 28 29 31 33 34 35 41 44 45 49 51 60 68 71 72 73 74 76 77 78 79 80 81 83 84 90 94 97
timing 42 55 56 86
thicke 53 98
tenens 49 55
tenent 49
teneno 53
tafeta 53
thief. 41
tenebo 49
teneam 49
tendon 13 40 55 78
tendre 12 39
twiske 40
totals 12 46
totall 45
tanana 30
twists 12 14 33 39 40 49 55 71 78 80
tanagu 53
troath 55
toby’s 55 68
twitch 6 17 18 21 23 27 33 34 37 39 40 41 44 49 55 57 68 71 94
twirls 55
temere 49
temesa 22
tokens 9 10 14 22 27 30 39 40 53 54 57 60 68 71 73 74 77 78 79 81 83 84 85 90 92 94
tillon 12 79
tillie 3 56
tiller 6 40 46
tilled 8 12 22 32 49 51 56 71 97
tillac 12
tidd’s 71
tide’s 6 33 71
toto’s 61
trocad 12
toboso 77
ticuli 53
tyrant 4 7 9 10 12 15 26 27 28 32 37 40 41 43 45 49 50 51 55 64 65 71 72 73 74 76 77 78 79 80 81 82 89 90 92 94 97
trobel 91
tventy 13
tandem 12 40 49
temper 1 3 4 5 6 10 11 12 13 14 15 16 17 18 19 21 22 23 27 30 32 33 34 36 37 39 40 41 42 43 44 45 46 47 49 50 51 54 55 56 58 60 65 67 68 69 71 72 73 74 76 77 78 79 80 81 83 84 85 88 90 91 93 94 95 97
troika 41
tyrian 10 23 55 65 77
totius 49 98
tempel 91
tuscan 7 49 53 77 79
troisi 12 84
tuscis 49
tanist 55
trojam 49
trojan 6 13 22 28 49 65 77 80 88
trojae 49
tanked 13 67
tawdry 23 42 65
tempus 49
tempts 4 22 28 39 41 49 65 79 81 85 88 98
toting 70
templo 55
temple 5 8 9 10 12 13 14 18 19 21 22 23 27 28 29 31 33 34 35 37 39 40 41 42 44 45 46 48 49 51 55 60 64 65 66 68 69 71 73 74 76 77 78 79 80 83 84 88 90 91 98 100
templa 49
trogus 49
tilson 76
tilsit 12 39 55
tother 55 69
tangle 5 12 13 14 18 21 29 30 34 37 39 40 41 43 47 48 51 55 56 57 67 69 70 71 76 78
tothil 81
tangip 53
tversk 39
tilted 5 6 12 13 14 17 21 35 37 39 40 44 48 54 55 57 69 70 71 79 85
tanner 42 50 55 69 70 71
tanned 11 12 13 31 35 40 49 55 67 69 70 71 77 78
tidale 53
troy’s 22 65
tidbit 13
trombs 53
trombe 53
trompe 27
taesse 53
time’s 14 26 27 48 55 84
toks30 63
toks31 63
toks32 63
toks33 63
toks14 63
toks15 63
toks16 63
toks17 63
toks18 63
toks19 63
toks20 63
toks21 63
toks22 63
toks23 63
toks24 63
toks25 63
toks26 63
toks27 63
toks28 63
toks29 63
turgot 12 84
turgid 65 67
turgut 83
tamper 15 33 49 51 76 77
tretto 53
tresse 39
tittle 16 28 39 49 60 77
tureen 3 12 14 72
ticate 53
titter 10 13 23 66 69 71 72
ticare 53
ticano 53
turfed 40 47
tuiles 12
tityus 22 77
tosses 12 13 16 27 36 40 49 55 65 78 88
tossin 27
tsar’s 39
twiggy 28
twiggs 45
thynke 53
thynge 53
tha’rt 5
tha’st 5
teuton 12 51 94
turley 17
till’d 65
tossed 4 5 6 10 12 13 14 17 18 20 21 22 23 26 27 28 30 31 34 37 38 39 40 41 42 43 44 46 48 49 51 54 55 56 57 59 60 61 66 67 68 69 70 71 72 73 76 77 78 79 81 88 94 99
tamque 49
turkes 45
turkey 3 4 9 10 12 15 27 28 39 40 41 46 49 52 53 55 70 71 73 74 76 78 79 81 82 85 90 93 94
tha’lt 5
tha’ll 5
treves 98
twicks 39
tickle 10 13 17 26 27 39 40 41 44 46 49 55 58 59 76 77 98
ticker 55
ticket 4 13 21 28 37 39 41 42 46 48 51 55 56 62 66 67 69 70 71 72 75 78 79 86
ticked 10 14 17 29 51 57 67 78
turque 49 53
turpis 49
turpin 55 77
turpey 43
turpes 49
turpem 49
thyrde 53
teddie 94
turned 1 2 3 4 5 6 7 8 9 10 11 12 13 14 16 17 18 19 20 21 22 23 24 25 26 27 28 29 30 31 32 33 34 35 36 37 38 39 40 41 42 43 44 45 46 47 48 49 50 51 52 53 54 55 56 57 58 59 60 61 63 64 65 66 67 68 69 70 71 72 73 74 75 76 77 78 79 80 81 82 83 84 85 86 88 89 90 92 93 94 96 97 98 99 100
turner 4 9 21 51 69 70 79 80 85 94
turnes 45
turnin 5 46 51
turnip 12 16 28 38 53 55 56 57 60 66 70 72 77
turnus 49 65
ticino 49
tedium 10 26 28 49 65 84 94
ticoli 53
turvey 94
turves 55
twined 4 10 12 14 18 26 27 33 42 44 46 49 55 61 65 68 71 72 76 77 79 85
twinge 4 12 13 14 17 37 41 44 55 57 71 94
turtle 3 10 28 33 38 39 40 48 53 55 60 64 65 69 71 81 94
taedio 49
taedia 49
tobias 14 34 45 55 79 88
twins. 71
thysel 5
thysen 5
turret 9 10 14 65 71 73 77 78
turrer 27
turres 77
tom’ll 27
turris 12 49
taddeo 7
tzlich 63
trecti 53
trecto 53
t’aint 4
trebly 6 40 44 49 76
treble 4 13 16 18 21 40 42 48 49 51 54 55 57 68 73 74 76 88 90
titans 12 40 65 71 79
treads 12 13 49 51 55 56 61 65 77 78 83 100
treat. 38
treats 1 10 12 16 20 22 23 28 39 40 41 49 50 55 63 65 68 70 71 73 77 78 79 80 81 92 94 97
treaty 6 7 9 12 20 39 46 49 51 53 55 68 69 71 72 73 78 79 80 82 83
titbit 55
tambov 31
tithes 2 11 12 19 45 49
toscar 28
titius 49
teucri 65
tosare 53
teucer 12 41 65
teling 91
titian 44 56 78
trees. 22 56 84
tellus 49 55
turk’s 10 40 77
titles 12 13 14 26 28 34 37 40 41 45 46 49 55 62 65 66 69 70 73 77 78 79 80 81 82 83 92 94 97
titled 1 10 20 31 55 65 77 84
toasts 39 71 76
tellin 5 13 27 40 46 70
tremit 49
telled 10 27 72
teller 10 12 14 21 41 49 52 66 71 72 77 78 80 85 100
tamgym 53
tectae 49
tectam 97
tojins 66
tamely 10 22 28 40 44 55 65 79 81 94
tamers 26 46 48
tameji 77
turdus 28
turn’d 65
turche 53
trepan 81
tavern 6 12 14 23 27 28 34 35 37 39 41 49 52 55 62 68 69 70 71 76 77 78 79 83 91 93 98
trente 55
trenta 53
tadore 53
turban 1 10 23 27 37 40 55 76 77 79 94
turbat 49
trenza 53
turbid 10 23 26 27 32 40 66 68 76
turbot 49 79
tectus 49
tecton 22
tremor 12 13 16 18 21 27 29 31 35 37 39 40 41 46 56 57 59 66 69 77 78 79 84 85
trench 12 22 39 43 48 49 53 54 55 63 65 83
trenck 70 79
toss’d 49 65
taming 14 46 55 77 80 88 92 94
trenne 63
tifore 53
tricca 65
toeing 56 94
tricot 12
tricks 3 4 5 10 11 12 13 14 16 18 19 21 22 26 27 28 29 30 31 34 36 37 38 39 40 41 42 44 45 46 47 48 49 50 52 54 55 58 61 67 68 69 70 71 72 73 76 77 78 79 80 81 83 85 92 93 94
tricky 21 22 41 42 49 55 57 77 94
triana 53 77
trials 3 4 6 8 10 11 12 13 14 19 21 22 27 34 37 39 40 49 51 65 68 69 71 73 74 75 76 77 78 79 80 81 82 85 88 89 90 94 99
triall 45
tribal 55
tribes 10 12 15 23 27 28 33 34 39 40 42 45 49 53 55 65 69 73 77 78 80 82 83 89 92 97
tumble 5 10 12 14 18 26 27 31 38 39 40 41 43 44 46 48 49 55 65 66 70 71 73 77 78 85 94
tahiti 40
tahils 53
tepide 65
trigla 53
toward 4 5 8 9 10 11 12 13 17 18 19 22 26 27 28 29 30 32 33 39 45 46 49 51 52 53 54 55 56 57 58 59 60 61 65 66 67 68 69 73 74 78 79 82 83 84 86 88 90 94 97 99
tongue 3 4 5 6 8 9 10 11 12 13 14 16 17 18 19 21 22 23 24 26 27 28 29 30 31 32 33 34 35 37 38 39 40 41 42 43 44 45 46 47 48 49 50 51 52 53 54 55 56 57 58 60 61 62 64 65 66 67 68 69 70 71 72 73 74 76 77 78 79 80 81 82 83 84 85 86 88 90 92 94 95 98 99
trigue 53
trieth 26
trifft 63
trifle 1 4 5 6 7 10 11 12 14 16 17 18 19 21 27 28 29 30 31 32 36 37 39 41 42 43 45 46 49 50 53 54 55 60 66 68 69 71 72 73 76 77 78 79 82 83 84 85 92 93 94 98
trifon 41
tried. 71
tudela 53
triers 12 88 98
trilby 55
trills 39
trikka 49
towels 4 9 14 18 27 44 50 67 76 77 82 93 94
towers 1 7 8 9 10 12 13 14 26 28 29 33 39 40 41 43 47 48 49 50 53 55 61 64 65 71 73 74 76 77 78 84 85 90 98
towery 65
tument 49
tonics 25
town’s 22 28 54 56 85
toning 27 55
tayasu 53
todten 46
tinsel 12 39 51 55
thatll 55
tinted 1 10 12 21 26 28 39 43 44 47 48 49 51 56 57 69 77 78 79 84 92
tagnie 53
thatch 6 33 39 55 60 74 85 90
thseng 28
tapeto 53
tomkin 55
tuckin 55
tucker 10 55 71 78 93
tucked 3 5 12 13 14 17 21 27 28 29 31 33 37 39 40 42 44 46 52 55 56 68 70 71 72 78 82 94
tapers 9 12 23 39 40 49 55 72 74 77 78 79 81 90 94
tapecu 12
taglio 49
taglia 53
tinxit 49
tyburn 76
tulipe 12
tulips 10 12 23 40 55 73 82 84 100
thawed 4 10 12 13 22 30 38 40 56 78 85 93
tythes 45
tovich 39
tappan 52
tapped 4 6 10 12 14 17 18 21 23 27 29 31 34 37 38 39 40 41 42 43 46 48 51 55 56 66 67 68 69 71 74 76 78 79 90 94
tych’s 39
tullia 79
tullus 49
textor 84
textit 63
taptun 55
textbf 62 63
tegami 66
tone’s 55
textsc 63
tiffin 71
tiffey 71
taylor 6 16 19 38 55 67 81 83 85 89
thruff 46
tinbox 55
thabor 39
tinbad 55
tinban 53
tutors 10 39 45 49 73 80 88 94 97
toutes 37 49 84
today. 38 39 71
thrush 5 14 23 24 28 38 41 55 73 74 90
thrust 4 5 6 9 10 12 13 17 18 20 21 22 23 26 27 28 30 31 33 37 38 39 40 41 42 43 44 45 46 47 48 49 50 53 54 55 57 60 65 66 68 69 71 72 73 74 76 77 78 79 80 82 84 85 88 90 92 94 97
tousle 94
tink’s 17
toured 55
thar’s 27
tagala 53
tingle 17 31 33 34 39 46 49 51 71 74 78 84 90 94
tingly 33
tinged 4 12 18 21 28 43 44 46 48 51 65 71 74 76 79 84 85 90
tinges 28 40 46
tinder 6 14 28 39 40 60 71 76 78
toddle 12
tinkle 1 10 17 26 37 46 51 55 61 66
tinker 14 17 28 40 42 68 71 78 80
thalna 49
tierra 28 53
tierod 55
thalia 65
thales 12 49 80
thaler 39
tiered 40
tierce 12 39 40 81
that’d 5 42 55
that’s 3 4 5 6 10 12 13 14 16 17 18 19 21 23 26 27 28 29 30 31 33 34 35 36 37 38 39 40 41 42 43 44 45 47 48 49 50 51 54 55 56 59 61 66 67 68 69 71 72 74 75 76 77 79 80 85
tomcat 12
tienne 12 53 79
tomato 13 62 69 94
tombed 40
tomboy 21 26 55 56 66 77 94
tinily 55
tagish 30
tagima 53
tyking 46
tinpot 42
tuched 91
tomgin 55
thames 12 14 21 24 31 40 46 47 48 50 55 68 71 73 74 76 81 83 90
tinmah 81
tulane 51
thanks 4 6 9 10 11 12 13 14 15 16 17 18 19 20 21 22 23 26 27 29 31 32 33 35 36 37 38 39 40 41 42 43 44 45 46 47 48 49 50 55 56 59 60 62 64 65 66 67 68 69 70 71 72 73 74 75 76 77 78 79 81 82 83 85 88 90 92 94 96 98 99
thanky 6 55
thanlt 9
tinned 13 43 48 55
thanes 20
texans 18
thamus 49
touche 39 84
touchy 27 40 55 59 66 72 77
threes 22 28 37 38 39 40 42 44 46 48 71 76 78 79 94
threds 45
three. 38 71
thread 6 8 10 12 14 15 17 18 21 22 23 26 27 28 29 31 34 36 37 38 39 40 41 43 46 47 48 49 51 55 56 60 61 64 65 66 68 69 70 71 72 73 76 77 78 79 80 81 82 83 84 85 86 88 92 93 98 99
threat 4 6 12 14 21 22 23 24 27 28 31 34 37 39 40 41 48 49 55 59 65 68 71 72 74 76 77 78 79 81 84 89 90 94
this’s 13
teenth 40
thrash 4 18 26 30 37 41 55 60 69 70 71 72 77 92 94
tolian 65
thrang 9 72
thrall 10 27 31 46 54 55 79
thrale 55
timous 49
tenire 53
timone 53
tivier 39
tent’s 33
timuan 53
thinks 1 4 5 6 7 8 10 11 12 13 14 15 16 17 18 19 20 21 22 23 25 26 27 28 29 30 31 33 34 35 36 37 39 40 41 42 43 44 45 46 48 49 50 51 53 55 56 57 58 59 60 63 65 66 67 68 69 70 71 72 73 74 76 77 78 79 80 82 88 89 90 91 92 93 94 95 97 100
thinly 28 42 49 65 85 89
thinke 45 98
things 1 2 3 4 5 6 7 8 9 10 11 12 13 14 15 16 17 18 19 20 21 22 23 24 25 26 27 28 29 30 31 32 33 34 35 36 37 38 39 40 41 42 43 44 45 46 47 48 49 50 51 52 53 54 55 56 57 58 59 60 61 63 64 65 66 67 68 69 70 71 72 73 74 75 76 77 78 79 80 81 82 83 84 85 86 87 88 89 90 91 92 93 94 95 96 97 98 99 100
think. 71 80
thing. 38 71 79 80
thine. 38 79
tennis 12 13 45 46 49 55 62 67 73 77 83
tenney 55
toughy 78
tought 4
toughs 13
thrive 5 14 16 28 46 49 52 53 56 60 65 71 72 76 78 79 83 89
thrill 1 5 10 12 13 17 19 21 23 26 27 28 29 30 32 34 37 39 40 41 43 46 51 54 55 56 57 66 67 68 69 71 72 74 75 76 78 79 84 85 90 92 94
tenour 44 65
tenors 42 55
tivoli 12 42 49 79
thrift 10 23 27 49 51 55 59 65 73 75 76 78 79
tenons 55
thrice 8 9 10 12 13 14 22 26 28 30 33 37 38 39 40 42 44 45 47 49 51 52 54 55 57 60 65 66 68 71 72 73 74 76 77 78 79 80 81 84 88 90 94 98
tocsin 12 48 76
thresh 39
teetee 55
teeter 40
tolled 10 13 55 68 93
toller 21
tollit 49
tenses 10 20 22 46 53 73
thisbe 12 65 77 79
thirty 2 4 5 6 7 8 9 10 11 12 13 14 15 16 17 18 19 20 21 22 23 24 26 27 28 30 31 32 33 34 35 36 37 39 40 41 42 43 44 45 47 48 49 50 51 52 53 55 56 57 58 60 63 65 66 67 68 69 70 71 72 73 75 76 77 78 79 80 81 82 83 84 85 86 87 89 91 92 94 95 96 97 98 99
thirst 6 7 10 12 13 15 22 23 24 26 27 28 30 31 34 35 37 38 39 41 42 44 45 46 47 48 49 51 55 57 60 64 65 73 74 76 77 78 79 80 81 83 84 88 90 92 97
todd’s 55
tenths 13 28 32 39 42 51 54 55 79 80 81 84 89 96 97
tutela 49
tented 56 65
tentas 49
tentat 49
toulon 12 37 39 79 81 83
tenpin 13 40
thirds 6 7 10 12 13 19 22 28 39 40 42 44 49 51 53 55 60 69 70 76 77 79 81 83 94
tolosa 12 53 77
third. 38
this39 12
taxers 76
trying 1 3 4 5 6 8 10 11 12 13 14 15 16 17 18 19 20 21 22 23 25 27 28 29 30 31 32 33 34 35 36 37 38 39 40 41 42 43 44 45 46 47 48 49 50 51 53 55 56 57 58 59 61 63 66 67 68 69 70 71 72 73 76 77 78 79 80 81 82 83 84 85 88 92 93 94 95 100
toupee 55
throbs 4 10 13 29 40 41 44 55 85
throat 1 3 4 5 6 8 9 10 11 12 13 14 16 17 18 19 21 22 23 26 27 28 30 32 33 34 37 38 39 40 41 42 43 44 46 47 48 49 50 51 53 54 55 56 57 58 61 62 65 67 68 69 70 71 72 73 74 76 77 78 79 80 81 82 84 85 88 90 94 97 99 100
tenuit 49
tenuis 49
tenues 49
ting’d 65
thives 91
thrown 1 3 4 5 6 7 9 10 11 12 13 14 16 17 18 19 21 22 23 25 26 27 28 29 30 31 32 33 34 35 36 37 38 39 40 41 42 43 44 45 46 48 49 50 51 52 53 55 56 59 60 61 65 66 67 68 69 71 72 73 74 76 77 78 79 80 81 82 83 84 85 86 88 89 90 91 92 94 96
throws 5 12 14 16 20 21 22 36 37 39 40 41 46 49 50 51 55 63 65 68 70 71 75 76 77 78 79 80 82 85 92 95
throve 9 12 20 33 55 60 68 78 83 94
throue 91
throne 3 7 9 10 12 14 15 18 20 23 26 27 38 39 40 41 42 45 48 49 51 52 55 60 61 64 65 69 71 73 76 77 79 80 81 82 84 85 88 91 93 94 97 98 100
throng 9 10 12 13 20 26 27 32 37 39 42 45 49 51 52 55 57 65 66 68 69 76 78 79 80 84 85 88 94 100
tenure 14 28 72 73 78 79 80 84 85
tenuto 7 53
taxing 2 7 55 62 76 83
throes 9 10 12 26 27 28 40 44 49 54 55 65 85 92 96
teilen 63
toglie 49
teresa 55 77 79
tberan 20
topp’d 65
topers 40 55
tercho 53
tsform 63
terita 53
topics 1 4 11 16 18 27 39 55 68 71 72 73 76 78 84 85 89 90 94 95
tophet 40 45 55
ternam 12
tizona 77
topman 12
terms. 71
termth 14
termes 45
termed 1 4 10 11 12 13 23 27 34 39 45 52 53 55 63 72 78 79 80 81 84 85 88 89 92 98
teishu 66
toyent 53
terror 1 3 4 5 6 8 10 12 13 14 16 17 18 19 20 21 22 23 24 25 26 27 28 29 30 31 32 33 36 37 38 39 40 41 42 43 45 46 47 48 49 50 51 52 53 54 55 56 57 60 61 65 67 68 69 71 72 73 74 76 77 78 79 80 81 84 85 90 92 93 94 98
topsel 78
terris 49
terret 49
terras 49
terray 12
terrae 49
terram 12 49 55
thee’s 27 77
thee’d 27
topple 12 13 28 31 40 48
tyevna 39
terpes 22
tasks. 84
toying 23 31 39 40 44 78
tasked 10 28 32
topped 6 14 21 23 30 42 43 46 48 69 71 72 76 78 84 94
topper 17 55 93
thumps 55 77 83
tooted 26 31 94
thumbs 12 14 17 40 49 55 68 71 76 77
tooths 26
tootle 55
thunes 12
trayne 45
tweedy 55
tweeds 42 55
tarres 53
tarred 20 37 40 48 55 70
thurii 80
tarono 53
tunney 55
tunnel 3 8 12 13 14 21 28 33 40 43 46 47 48 67 69 70 78 79 84
twenty 1 2 3 4 5 6 7 8 9 10 11 12 13 14 15 16 17 18 19 20 21 22 23 26 27 28 29 30 31 32 33 34 35 36 37 38 39 40 41 42 43 44 45 46 47 48 49 50 51 53 54 55 56 57 60 61 64 65 66 67 68 69 70 71 72 73 74 75 76 77 78 79 80 81 82 83 84 85 87 88 89 90 91 92 93 94 97 98 99 100
tartly 17 42 56 68 72 78 94
tartar 12 14 28 39 40 49 52 55 70 71 78 79
tartan 12 55 79
tarsus 9 12 40
twelve 1 2 3 4 5 6 7 8 9 10 11 12 13 14 15 16 17 18 19 20 21 22 23 26 27 28 30 32 33 34 37 38 39 40 41 42 43 44 45 46 48 49 50 51 53 54 55 56 60 64 65 66 67 68 69 70 71 72 73 74 76 77 78 79 80 81 82 83 84 87 88 90 91 93 94 97 98 99 100
teramo 53
tarzia 96
togged 40
tain’t 6 14 69
taiche 53
toft’s 55
traict 49
trains 4 9 12 13 21 28 34 39 41 46 48 52 55 57 65 67 71 74 75 77 78 86 90 92 93 94 95
tignon 18
train. 21
trails 5 12 30 33 55 56 65 78
tragus 49
tail’s 33
tragic 6 10 12 13 14 17 21 23 26 27 28 29 30 31 36 37 39 40 41 42 43 49 50 51 53 54 55 56 57 65 66 67 68 69 75 77 79 80 85 90 92 94
tiglia 53
towzer 71
tydeus 22 65
toffee 3 41
tmolus 65
tramps 13 14 22 37 42 47 48 51 54 57 66 71
tralle 53
taient 12
traits 10 12 16 17 18 19 27 30 32 39 40 49 51 68 78 79 80 84 85 92 94
tigris 28 40 79
tyding 45
trajan 49 65 77
tooked 46
tailor 4 13 14 23 28 29 33 37 38 41 49 55 60 66 71 73 77 79 93
trappe 12
trapps 45
trapse 70
taille 9 10
tailed 5 6 10 13 21 33 40 44 68 70 71 94
tofore 55
tipple 55
trando 53
trance 1 10 13 31 38 39 40 44 46 49 51 65 68 69 70 71 74 84 90
trange 12 91
tippet 16 55
thucyd 65
tipped 3 6 12 13 14 18 23 27 28 31 33 40 41 43 53 55 56 60 61 67 85 94
tardar 53
tsetup 78
trauma 55
tiputa 84
tunica 22 49
tunics 8 39 55 77 79
tuning 18 39 49 50 55 67 77 95
tariff 12 13 43 77 84 96
tarifa 55
travel 1 2 4 5 8 9 10 12 13 14 15 16 17 18 19 20 21 22 23 24 26 27 28 29 30 32 33 34 36 37 38 39 40 41 43 44 46 47 49 51 55 58 60 61 62 64 65 68 69 70 71 72 73 74 75 76 77 78 79 80 81 82 85 86 87 89 90 92 93 94 95 99 100
tehuel 53
tuendi 97
trauer 53
trashy 27 37 77
tungay 71
target 6 12 13 20 28 30 35 39 49 65 69 77 78 79 86
tooles 45
tooled 55
trarli 53
tiptoe 3 12 13 14 17 19 22 23 27 28 31 37 39 41 42 43 46 50 54 55 66 68 69 70 71 72 76 78 79 84 85 93
taints 65 78 81
tiptop 55 70
toomai 33
triply 40 79
triple 12 39 45 51 55 65 69 79 84 85 88
tripos 23
tripod 22 40 43 48 49 65 84
towing 12 14 40 48 70
tudors 40 89
tripes 55 77
tringa 53
trinit 83
trimed 91
trimly 21 42 48 78
tritus 49
teynte 17
tigban 53
triune 40
tummin 94
triste 1 12 49
tristi 49
toff’s 55
townes 45
tching 28
triton 12
townly 81
towser 31 55
towson 31
tudway 81
tigers 5 10 12 17 24 26 29 33 40 46 49 55 60 61 67 72 77 78 79 82 91
tumour 45 49
tumors 12
trivet 55 68 75
tradim 53
tracks 4 8 12 13 14 20 21 22 27 28 33 34 37 39 40 41 49 52 55 57 58 67 68 69 70 71 76 77 84
tracte 53
tracts 5 6 12 14 28 40 42 49 51 52 55 65 69 73 78 94 97
tipp’d 65
tipp’s 71
traded 4 14 19 27 30 46 53 60 67 69 70 71 73 81 82 83 85 91
trader 4 6 12 26 27 28 31 32 39 41 51 60 68 70 71 74 77 80 81 90 91
trades 6 8 12 13 14 19 28 34 37 40 45 46 49 51 53 55 60 71 73 76 77 78 80 83 89 93 96
tighty 94
tights 12 18 41 66 69 71 77 93
tumult 7 10 11 12 14 15 18 26 27 28 31 40 45 46 47 48 49 50 65 67 68 71 72 74 76 77 78 79 80 81 83 84 85 88 90 93 97
traces 1 4 10 11 12 14 17 20 21 26 27 28 29 30 32 34 37 39 40 41 42 43 44 46 47 48 49 51 52 53 54 55 56 57 59 65 68 71 72 74 76 77 78 79 80 84 85 88 90 91 94
tracey 43
tumulo 49
traced 1 4 9 10 11 12 13 14 19 21 23 24 28 32 34 35 40 43 44 46 47 48 49 51 52 54 65 67 68 69 71 74 76 77 78 79 80 82 84 85 88 89 90 92 96
tofana 34 79
tallow 4 6 9 12 13 17 21 27 28 30 37 39 40 41 44 55 60 68 69 70 73 78 81 83 85
tallon 55
taller 3 5 6 8 10 11 12 14 16 17 21 22 28 34 38 39 40 41 42 43 49 53 56 57 66 70 72 73 78 79 80 93 94
taught 1 3 4 5 7 8 9 10 11 12 13 14 16 17 19 22 23 24 26 27 28 30 32 33 34 35 36 37 38 39 40 41 42 44 45 46 47 48 49 50 51 52 53 55 56 57 58 60 65 66 68 69 71 72 73 74 76 77 78 79 80 81 82 83 85 88 89 90 91 92 93 94 95 97
talmud 55
thomas 6 9 12 13 15 19 20 23 26 27 32 34 38 39 40 41 42 44 45 46 48 49 51 53 55 56 67 69 70 71 73 74 75 77 78 80 81 82 83 84 85 89 90 91 94 99
toad’s 55
typify 51 85
taudis 12
typing 55
typist 42 55
talith 55
typhon 65
talker 1 6 11 12 16 19 21 27 41 49 57 77 78 83
talked 1 4 5 6 9 10 11 12 13 14 15 16 17 18 19 21 22 23 26 27 28 30 31 32 33 35 36 37 38 39 40 41 42 43 44 45 46 47 48 49 50 51 55 56 57 58 60 61 66 67 68 69 70 71 72 73 74 75 76 77 78 79 80 81 83 84 85 88 90 92 93 94 99 100
talkin 5 6 27 34 46 70 78
typhus 5 10 12 37 39 41 79 84
tories 15 23 49 75 91
torpet 49
torpid 10 12 18 23 28 40 42 49 77 80 84 85 89
torpor 10 12 13 34 48 55 74 79 85 88 90
thoosa 22
torono 53
thongs 12 22 53 60 65
twyste 70
tistig 40
tactum 49
tactus 49
tactis 49
tissue 10 14 21 27 28 30 39 46 49 55 56 62 67 76 77 78 79 100
tetons 12
talons 6 10 12 22 26 28 33 40 49 51 55 60 65 72 73 77 79 84
tormes 77
thonon 74 90
tortur 98
taunts 20 22 27 40 41 55 65 68 71 77 78
taunto 78
tecato 53
torsos 12
tauola 53
though 1 2 3 4 5 6 7 8 9 10 11 12 13 14 15 16 17 18 19 20 21 22 23 24 25 26 27 28 29 30 31 32 33 34 35 36 37 38 39 40 41 42 43 44 45 46 47 48 49 50 51 52 53 54 55 56 57 58 59 60 61 63 64 65 66 67 68 69 70 71 72 73 75 76 77 78 79 80 81 82 83 84 85 86 87 88 89 90 91 92 93 94 95 96 97 98 99 100
tauole 53
tetuan 55 77 82
torrid 18 28 40 55 78 81
thorpe 20
thorns 9 10 12 14 19 22 24 26 27 33 38 40 42 49 53 55 58 71 72 76 77 78 80 81 88 92 94
thorne 4 53
thorny 4 10 12 35 42 46 49 56 60 66 80 94
thorax 42
tetrao 28
taulas 9
tree’s 65
thosso 13
torret 49
torres 53
thorts 91
taurus 40 49 55 65 83
toryne 12
taurea 49
thowts 71
tatter 12 26
toil’d 65
tattle 16 39 49 66 67 77
trust. 31 71
trusty 5 9 12 20 21 27 32 38 43 49 55 60 65 70 71 73 75 76 77 78 79 80
trusts 3 6 10 13 20 37 39 41 46 49 55 65 70 77 78 79 80 94
tacare 53
tacadi 53
tacade 53
truths 4 7 10 12 15 16 19 23 26 27 28 32 39 40 41 45 46 50 51 63 65 77 79 80 81 83 84 85 88 89 92 95 96
truth. 26
tiannj 53
tianni 53
tattoo 6 21 37 39 40 55 67 70 78 84
tisane 18
trusha 39
tupper 55
tiara. 49
taceat 92
tiaras 23
tisn’t 69
taturs 14
tatura 53
torcie 53
thocht 46
tacite 45
tacito 49
taciti 49
tackle 11 13 21 22 28 31 33 35 39 40 41 55 60 69 70 71 74 76 77 78 90
tacked 6 14 38 39 55 56 66 72 77 79 82
torche 53
taches 12
talaut 53
torayn 53
talant 53
torban 39
torbay 60
thom’s 55
talbot 12 32 40 55
tauano 53
tauamo 53
talino 53
talini 53
tethys 65
tether 49 51 55 77
torero 55
toiled 4 8 10 12 13 20 30 31 34 40 46 49 51 67 68 69 71 72 74 76 78 79 81 82 85 88 90 94
talesa 53
talers 38
toilet 1 10 12 13 18 19 23 27 28 39 40 42 44 46 52 55 56 62 66 67 68 69 73 76 78 79 94
toiles 12
toiler 47 51 66 78
teteno 53
talent 7 9 10 11 12 13 16 18 19 21 22 27 28 34 37 39 41 42 44 46 49 50 51 53 55 56 65 69 70 71 73 74 78 79 80 82 84 85 88 89 90 92 94
tabors 77
taking 1 3 4 5 6 7 9 10 11 12 13 14 15 16 17 18 19 20 21 22 23 26 27 28 29 30 31 32 33 34 35 36 37 38 39 40 41 42 43 44 45 46 47 48 49 50 51 52 53 54 55 56 57 58 59 60 61 63 64 65 66 67 68 69 70 71 72 73 74 75 76 77 78 79 80 81 82 83 84 85 86 88 89 90 91 92 93 94 95 96 97 99 100
twould 19 69 71 78
thensa 45
truces 49
trucks 12 13 40 48 55 86
thenks 48
teatus 65
truant 10 12 13 55 94
theory 1 10 12 13 14 20 21 23 26 27 28 29 30 31 32 34 37 39 40 41 42 43 44 46 47 48 49 51 54 55 63 65 68 69 70 71 73 74 75 76 77 78 79 80 81 83 84 85 89 90 92 94 95 96 100
themes 4 7 14 27 28 37 39 46 48 55 69 71 72 79 84 85 93
teased 10 11 16 39 41 42 49 55 56 69 71 72 74 90 94
teases 3 49 56 72
teaser 44 53
tugged 12 21 33 37 38 39 40 41 47 49 55 58 59 66 69 70 77
truage 9
teatro 79
thenie 51
tugela 55
they’d 3 5 6 12 13 14 18 19 22 27 29 33 34 37 39 41 48 55 56 59 67 68 69 71 77
they’s 5 27 72
thenar 55
thwart 6 9 18 40 46 49 51 72 77 84 88 89 92 94
thence 2 6 7 9 10 11 12 13 14 19 20 22 26 27 28 34 38 39 40 43 44 45 46 48 49 53 54 55 57 60 63 65 68 69 72 73 74 76 77 78 79 80 81 82 83 84 85 88 90 92 94 95 97 98 99
thwash 39
tatars 41
thwack 40 56 77
themis 12 22 65 80
thesis 12 20 46 49 63 80 89 92 95
theses 12 80 95
truest 9 10 11 12 17 19 22 26 36 40 41 45 46 49 53 55 65 66 68 70 71 73 74 76 78 80 83 84 85 89 90 93 94
trueri 53
thetis 22 49 65 80
theteu 53
thetes 45 49
teazle 55
teazed 19 81
truely 45
therof 53
theres 55
thered 55
tructi 53
there. 12 21 26 31 37 38 39 71
taters 5 27 55 71
trudge 13 57 71 94
tabret 45
tatler 83
tesoro 22
tation 28
tatian 65
truism 46 51 55 77 89 95
tabula 49 80
truite 39
tuyaux 12
thwith 9
trunco 49
trunks 4 5 6 10 11 12 13 14 18 21 23 27 28 30 31 33 34 37 39 40 41 48 49 51 52 55 56 57 65 68 69 71 72 75 77 79 81 84 85 87
toques 55
truman 71
tupman 16 94
theyve 55
theyre 55
trumpa 40
theyll 55
trumps 12 14 38 40 55
trulls 55
tested 8 12 21 26 28 32 34 35 39 40 46 55 77 78 79 80 89 92
tester 12 14 40 55
testem 49
truly. 22 71
testae 49
tirzah 24
teacup 3 14 55 71
teaboy 59
tertio 49
tertia 53
teruth 55
tufted 10 12 40 51 79
t1.enc 63
thebis 49
them’s 5 6 10 21 27 69
thebes 7 12 22 28 49 65 98
thebas 49
theban 12 22 49 65 80
thebae 65
tugg’d 65
theavs 91
tiraua 53
tirate 53
tirare 53
tizzie 42
tuorum 55
tassel 12 21 52 66 71 79 94
theano 49 65
tastin 40
tirait 12
tirais 12
tirade 10 37 41 42 68
tabang 62
theaet 80
tastes 3 5 10 11 12 13 18 19 23 26 27 28 34 36 39 40 41 42 43 44 46 49 54 55 57 58 61 65 66 70 71 72 74 76 77 78 79 80 83 84 88 89 90 92 94 100
taster 49 77
tasted 3 4 6 7 8 9 10 12 13 14 15 18 19 20 22 26 27 28 35 37 38 39 40 41 42 44 46 49 51 55 56 58 60 65 66 68 69 71 72 73 74 76 77 78 79 80 81 82 85 88 90 91 92 93 94 98 99
tabard 55
thefts 12 39 45 49 77 88
true’s 56
teando 53
ther’s 27
tireth 26
theefe 45
tired. 38
theeee 55
tabern 98
teapot 3 10 14 37 46 52 55 56 57 66 68 71 94
tears. 37
tearin 40 46
tsyn’s 39
tearle 55
tablet 1 10 12 38 40 49 55 56 65 66 68 71 79 80
tables 1 2 6 8 10 11 12 13 14 16 18 19 22 23 26 27 28 30 31 34 37 38 39 40 41 42 44 45 46 47 49 50 51 52 54 55 61 62 63 65 66 67 69 71 72 73 76 77 78 79 80 81 83 84 92 94 95
tearer 12
tabled 55
table. 66
taketh 21 26 41 45 46 88
takest 26 55 77
them39 22
takers 14 30
taken. 21
takeld 91
theirs 3 7 8 9 10 11 12 13 15 16 19 21 23 26 27 28 29 30 31 32 34 35 37 39 40 41 42 44 45 47 48 49 50 51 53 55 56 60 65 67 69 71 72 73 74 76 77 78 79 80 81 82 83 84 85 88 89 90 92 94
theism 92
tiring 5 6 14 36 47 49 71 79
