u’s 55
u.p 68
u.s 1 2 3 4 5 6 7 8 9 10 11 12 13 14 15 16 17 18 19 20 21 22 23 24 25 26 27 28 29 30 31 32 33 34 35 36 37 38 39 40 41 42 43 44 45 46 47 48 49 50 51 52 53 54 55 56 57 58 59 60 61 62 63 64 65 66 67 68 69 70 71 72 73 74 75 76 77 78 79 80 81 82 83 84 85 86 87 88 89 90 91 92 93 94 95 96 97 98 99 100
ubi 28 49 55 84 97 98
uce 12
uch 42
uda 49
udd 28
ude 63
uds 68
uer 53
uff 55
ugh 3 10 27 33 37 38 39 41 48 55 68 71 76 78 84
ugo 53 79
uhr 63
uin 53
uit 53
ull 14 72
ulm 12 39
ult 16 99
ume 66
umf 69
ums 55
una 49 55 98
und 10 13 20 37 38 39 49 51 53 55 63 70 72
unf 20
une 10 12 23 37 39 84 92
unh 20
uni 49
up. 21 31 38 71 77 80
unn 63
unm 63
uno 40 49 53 77 97
unr 9
unt 84
uns 4 5 6 12 14 27 55 63
uoi 53
uoj 53
upa 53
upp 55
ups 13 14 17 27 33 37 44 55 56 70 72 77 78 94
us. 22 31 37 38 41 71 77 79 80
ura 53 83
ure 9 53
urg 83
uri 12 49 74 90
url 63
urn 12 14 23 28 40 49 55 63 65 71 72 78 94
urs 12
ury 71 83
usa 53 62
use 1 2 3 4 5 6 7 8 9 10 11 12 13 14 15 16 17 18 19 20 21 22 23 24 25 26 27 28 29 30 31 32 33 34 35 36 37 38 39 40 41 42 43 44 45 46 47 48 49 50 51 52 53 54 55 56 57 58 59 60 61 62 63 64 65 66 67 68 69 70 71 72 73 74 75 76 77 78 79 80 81 82 83 84 85 86 87 88 89 90 91 92 93 94 95 96 97 98 99 100
usi 49
uso 49
usr 63
usu 49
ust 76
usw 63
utf 1 2 3 4 5 6 7 8 9 10 11 12 13 14 15 16 17 18 19 20 21 22 23 24 25 26 27 28 29 30 31 32 33 34 35 36 37 38 39 40 41 42 43 44 45 46 47 48 49 50 51 52 53 54 55 56 57 58 59 60 61 64 65 66 67 68 69 70 71 72 73 74 75 76 77
ute 55
uti 7 28 49
