v’s 12 39
v.5 45
v.7 45
v.e 40
vad 12
vah 12 49
val 7 12 13 23 39 42 46 49 55 66 77 79
van 10 12 13 17 21 27 31 34 37 40 41 46 49 51 52 55 65 66 71 73 77 78 79 83
var 12 63 77 79
vat 12 13 14 40 49 55
vas 13 27 39 49 53 55
vaz 53
vdi 53
ved 28 53
vee 55
veg 55
vel 12 49 55 97
ven 4 9 13 83
ver 45 49 53 63 65 67 68 71 81 84 99
vet 10 16 18 39 41 46 55
ves 39
veu 53
vex 10 11 14 16 17 19 21 22 39 41 45 49 56 65 66 68 71 72 77 84 88 94
vib 12
via 12 22 39 40 46 49 53 55 63 79
vic 55
vif 39 46
vie 12 20 34 39 49 53 55 65 71 77 79 82 84
vii 1 3 4 5 7 9 10 12 13 14 16 17 18 19 20 21 22 23 26 27 29 30 32 34 37 39 41 45 46 47 48 49 51 53 56 57 58 60 61 65 67 68 69 70 71 72 73 76 77 78 79 80 81 82 83 85 88 90 92 95 97
vil 4 12 55 78
vin 12 37 39 49 55
vim 7 49 55 56 97
vir 12 45 49 55 73
vit 12 23 28 49 65 83 85
vis 12 37 39 45 49 65 72 84
viv 45
viu 53
vix 49
viz 10 15 20 26 45 49 55 60 65 79 80 81 83 84 89 91 94 96 97 99
vka 39
vna 39 53
vno 39 53
voe 39
voi 49
vol 9 12 26 44 49 53 63 65 78 80 83 84 98
von 12 20 21 26 34 39 40 41 49 51 53 55 63 67 84 89 92
vom 55 63
voo 70
vor 20 39 62 63
vot 13 39
vos 10 12 39 49 55 98
vox 49 98
vow 4 9 10 11 23 26 29 32 39 40 41 45 49 55 56 65 71 74 76 77 78 79 80 81 82 83 84 88 90 92 94 98
vra 39
vre 12
vsk 39
vue 39 65
vun 13
vum 40
vus 49
vya 39
vzo 53
