wiping 5 6 12 14 17 18 19 23 24 27 30 34 37 39 40 41 42 46 48 55 56 61 66 67 68 69 70 71 72 73 74 76 77 78 79 83 90 94 100
wraith 5 10 30 31 51 57 94
woodsy 56
wooded 6 12 19 21 22 28 30 31 39 40 47 52 56 57 69 77 78 79 84 85
wooden 3 4 5 6 10 12 13 14 18 21 22 23 28 31 32 37 38 39 40 41 42 43 46 47 48 49 50 51 52 53 55 56 57 59 60 61 65 66 68 70 71 72 73 76 77 78 79 80 81 82 84 85 88 91 93 94 95
wracks 49
ward’s 55 77
wiglaf 20
wail’d 65
warded 6 11 14 20 77 78 93
warder 13 14 20 37 41 43 55 77 78
warden 9 12 20 28 40 41 55 68 73 77
wigwam 12 17 28 33 40 70 85 99
wundor 20
wailer 26
wailed 5 6 9 10 13 17 18 37 39 41 46 48 51 55 56 57 61 67 72 94
wundur 20
wailin 5
warful 22
woolly 5 13 24 26 27 31 42 43 50 55 61 65 69 81 100
wyvern 1
wooled 26
woolen 5 31 39 53 66 94
warr’d 65
wooman 78
wooers 22
waifed 40
wat’ry 65
warm’d 65
wunade 20
warble 12 22 28 69 77 79 94
warn’t 6 14 27 68 69 71 72 76
warn’d 65
wooing 21 22 40 43 49 51 57 71 77 94
warcry 55
wahren 63
wahres 63
wonred 20
weyght 53
wyllie 59
wahooa 33
wrings 12 27 55 56 65 68 78 95
wood’s 5 9 18 55 85
wigged 55 76
wiggle 17 55 56 94
wights 38 40
wonted 10 27 28 30 39 40 44 49 56 65 77 84 85 88
wrists 4 8 10 12 13 14 18 21 23 27 33 34 35 39 40 42 46 49 50 55 56 65 66 68 71 76 77 78 79 81 84
writhe 5 12 18 26 31 34 37 41 44 49 55 71 72 79 84
writin 27 71 78
write. 71
write3 63
writer 4 5 7 11 12 14 15 16 19 21 22 26 27 28 32 34 37 39 40 41 43 45 47 48 49 53 54 55 65 66 68 69 71 72 73 76 77 78 79 80 81 82 83 84 85 88 89 94
writes 4 7 11 12 14 16 18 19 21 22 23 26 28 29 34 36 37 39 41 42 46 49 50 53 55 56 65 69 70 71 74 75 77 78 79 80 82 83 85 90 92 94 98
woeful 13 16 26 40 46 49 71 74 78 99
weyant 89
wright 9 16 32 55 56 81 83
wonder 1 3 4 5 6 7 8 9 10 11 12 13 14 15 16 17 18 19 20 21 22 23 25 26 27 28 29 30 31 32 33 34 37 38 39 40 41 42 43 44 45 46 47 48 49 50 51 53 54 55 56 57 58 60 61 64 65 66 67 68 69 70 71 72 73 74 76 77 78 79 80 81 82 83 84 85 88 89 90 91 92 93 94 95 96 97 98 100
wife’s 4 5 9 11 12 13 14 16 18 19 21 22 27 32 35 36 37 38 39 40 41 42 44 48 49 55 56 65 66 67 68 71 72 76 77 79
wagner 26 92 98
wulgar 68
whatll 55
winter 2 3 4 5 6 7 8 9 10 11 12 13 14 15 16 17 18 19 20 21 22 23 24 26 27 28 29 30 32 33 34 36 37 38 39 40 41 42 44 45 46 48 49 50 51 52 53 54 55 56 57 58 60 62 64 65 66 67 68 70 71 72 73 74 76 77 78 79 80 81 83 84 85 90 93 94 97 98 99 100
wintry 5 10 12 14 21 28 30 39 40 42 47 49 56 65 71 72 76 78 85 93 94
wagons 8 12 13 21 27 28 39 41 44 46 51 52 66 69 70
winnow 73
winner 10 12 14 33 43 44 55 56 70 71 77 79
winnie 56
winnin 5
waging 12 20 79 80
winova 39
wharfs 68
womwom 55
waylay 48 69 70
wifely 42 94
wayest 68
wagram 12 39
whenas 55
whence 1 6 7 8 9 10 11 12 13 14 16 17 18 19 20 21 22 26 27 28 31 32 34 38 39 40 41 43 44 45 46 47 49 51 52 53 55 56 60 63 65 66 68 71 72 73 74 76 77 78 79 80 81 83 84 85 88 89 90 92 93 94 95 97
waking 1 4 5 10 11 12 14 16 18 22 27 28 29 30 31 35 37 38 39 40 41 42 44 45 46 49 50 51 55 56 57 60 64 65 68 69 70 71 72 73 74 76 77 78 79 80 81 84 85 88 90 92 93 94 95
webb’s 42
weaved 65
weaves 28 40 70
weaver 12 13 20 21 32 40 55 64 77 80
water. 38 41
weskit 71
weskut 68
waters 3 5 6 7 9 10 12 13 14 16 17 18 20 21 22 23 24 26 27 28 30 31 32 33 35 37 38 39 40 41 42 44 45 46 48 49 51 52 53 54 55 56 60 64 65 66 67 70 71 74 76 77 78 79 80 81 84 88 90 92 93 94 98 99
weaxan 20
watery 10 13 14 23 24 27 28 30 33 37 39 40 43 44 48 54 55 56 57 65 71 72 74 76 77 78 88 90
wiring 48 86
weapon 4 6 9 10 12 13 14 17 20 21 26 28 31 34 37 39 40 41 43 44 46 47 48 49 51 53 54 55 60 61 65 68 69 70 71 72 76 77 78 79 80 82 86 88 89 94 96
wakens 13 30 65 72 77
waketh 99
wearin 94
wearde 20
wearer 12 21 23 28 38 40 55 61 68 76 79 85 94 97
whelan 55
whelms 65
whelks 55
whelps 12 17 49 55 65 70 77 99
weasel 33 40 55 58 73
weason 39
wester 40 71 81
weston 16 28
wesley 81
wheres 16 55 68
wherof 45
wherry 14 55 73 81 94
weazel 40
weazen 14 71 78
wopsle 14
werter 74 90
wynter 12
wheels 1 5 10 12 13 14 15 21 22 27 29 31 34 37 38 39 40 41 42 43 44 45 46 48 49 51 55 56 61 65 68 69 71 73 76 77 78 79 80 83 84 85 86 92 93 94
wheele 45
weally 39
wheezy 26 42 55
wheeze 26 55
wealth 4 6 9 10 11 12 13 14 16 18 19 20 21 22 23 26 27 28 31 32 34 35 37 38 39 40 41 42 43 44 45 46 47 49 51 52 53 54 55 56 59 60 65 66 67 69 71 73 74 75 77 78 79 80 81 83 84 85 88 89 90 91 92 93 94 96 97 98
weaned 4 44 49 55 71 72 81 94
wirily 55
wastes 7 12 13 22 31 37 49 58 65 68 71 77 78 80
waster 20 86
wasted 5 6 9 10 12 13 14 16 17 19 20 21 22 23 24 26 27 28 30 31 32 35 37 39 40 41 43 44 46 47 49 51 55 56 59 60 61 65 68 69 70 71 72 73 74 75 76 77 78 79 80 81 85 88 89 90 93 94 97
wheals 77
wheare 72
wheble 81
when’s 37
weaker 4 6 7 9 12 13 14 16 17 20 21 26 27 30 33 37 39 40 41 44 45 46 47 49 50 51 55 58 59 60 65 69 71 72 73 75 76 78 79 80 88 89 92 94 97
weaken 7 9 19 20 21 23 39 41 45 46 49 69 70 71 74 76 80 83 84 86 88 89 90 92
weakly 10 12 13 14 16 26 30 37 40 41 45 46 47 49 55 57 59 68 71 78 80 88
werent 55
weimar 12 26 39
weinen 51
who’ve 37 41
weighs 5 10 12 16 36 37 39 46 49 55 64 65 72 74 76 77 79 90
weight 1 4 6 7 10 11 12 13 14 15 16 17 18 19 21 22 23 26 27 28 30 31 32 33 37 38 39 40 41 42 43 44 45 46 47 48 49 50 51 53 54 55 57 59 60 61 64 65 66 68 69 70 71 72 73 74 76 77 78 79 80 81 83 84 85 88 89 90 92 93 94 95 97 98
wizard 13 18 22 26 33 39 51 52 55 61 77 79 80 84 85 88 92
wogger 55
whuzya 13
wash’d 65
wden’s 39
wynn’s 55
werden 39 63
weisse 63
weiter 63
washes 12 22 27 30 33 40 41 49 68 70 77 78 79 80 82
washer 9 12 27 55
washen 9
werner 55 79
washed 4 5 6 7 9 10 12 13 14 16 18 22 24 26 27 28 30 32 33 34 35 37 38 39 40 41 42 44 45 46 47 49 50 51 55 56 58 60 61 65 66 68 69 70 71 72 73 76 77 78 79 80 81 82 84 85 91 94 99
washoe 34
washin 27 78 94
wasn’t 3 5 6 12 13 14 17 18 21 23 25 27 28 29 31 33 34 35 36 37 38 39 40 41 42 43 48 50 51 54 55 56 59 61 66 67 68 69 71 72 75 76 77 79
wascal 39
werken 63
wasp’s 61
weirds 20
wynkyn 9
weisen 63
woorke 53
warmer 5 10 15 16 26 27 28 30 31 35 37 39 40 41 44 48 49 65 68 71 74 76 77 78 85 90 93
warmen 20
warmed 5 10 12 13 14 18 19 21 22 23 26 28 30 33 38 39 40 41 42 46 49 54 55 56 57 61 68 69 70 71 72 74 76 78 79 80 82 83 85 90 94
warmly 1 4 6 10 11 12 14 16 18 19 21 22 23 26 27 30 32 34 35 37 39 40 41 42 43 44 46 49 53 55 56 57 60 61 68 71 72 74 76 77 78 79 81 83 84 90 94
waists 12 13 18 39 56 75 78 99
warmin 5 71
warmth 1 4 8 10 11 12 13 14 16 18 19 21 22 23 26 27 28 34 37 39 40 41 42 43 44 46 49 53 54 55 56 57 59 60 64 65 67 68 71 72 74 76 77 78 79 80 83 84 85 88 89 90 93 94
waited 1 3 4 5 6 7 8 9 10 11 12 13 14 16 17 18 19 21 22 23 26 27 28 29 30 31 33 34 35 36 37 38 39 40 41 42 43 44 46 48 49 51 53 55 56 57 58 59 60 61 64 65 66 67 68 69 70 71 72 73 74 76 77 78 79 81 82 83 84 88 90 94 100
waiter 10 11 12 13 14 18 21 23 27 29 37 39 40 41 43 44 46 54 55 67 68 71 76 78 79 83 94
warned 4 5 6 7 9 10 11 12 13 14 17 18 21 22 23 26 28 32 33 34 35 36 37 38 39 40 41 42 43 44 45 46 48 49 50 54 55 56 57 58 60 66 67 68 69 71 72 76 77 78 79 80 81 83 84 85 88 89 93 94
waitin 4 5 27 46 71
warnin 46
waived 11 42 49 71
waives 16 51
warped 6 10 12 23 28 39 40 47 48 57 71 76 78 80 88
wrath. 41
wraths 12
warier 6
warily 6 10 13 14 26 28 30 42 43 51 55 65 69 85
whujja 13
weiche 51
who’ll 6 14 27 29 37 39 40 41 55 56 68 69 71
warres 45
warren 12 21 43 55 81
warred 9 48 55 97
were’t 51
warsaw 12 21 39 41
whusky 55
warter 91
warted 78
witted 5 9 10 21 26 28 37 39 40 41 49 51 68 77 78
wretch 1 4 8 10 12 14 15 16 21 22 26 27 28 29 32 37 38 39 41 43 46 47 48 49 55 60 65 68 69 71 72 74 76 77 78 79 81 82 84 85 88 90 94 98 99
wuined 39
waving 1 3 5 6 10 12 13 14 18 21 23 27 28 30 31 33 37 38 39 40 41 42 43 44 46 47 48 49 51 55 56 57 64 65 66 67 68 69 71 72 73 77 78 79 84 85 94 100
wampyr 46
wampum 40 55 85 99
welwet 14
waves. 38
wavers 12 20 35 51 80
wureds 71
wureld 71
welted 55
wedded 9 10 12 22 23 40 49 51 55 71 77 80 84
wedder 40
wilder 5 10 23 27 28 30 33 43 46 49 61 69 78 84 85 100
weddin 27
wildly 1 3 4 6 8 10 12 13 14 17 19 20 23 26 27 28 30 33 34 36 37 39 40 41 42 43 44 46 47 48 51 55 56 60 65 66 67 68 69 71 72 73 75 76 78 79 84 85 93 94
wicked 1 4 5 6 7 9 10 12 13 14 15 16 17 18 19 21 22 23 26 27 29 32 33 36 37 38 39 40 41 43 44 45 46 49 50 51 54 55 56 60 61 64 66 68 69 70 71 72 74 75 76 77 78 79 80 81 82 84 85 88 90 91 92 93 94 97 98 99 100
wicker 12 18 21 22 23 33 41 55 56 60 67 78 84 85 93
wicket 10 12 14 19 21 38 39 43 55 68 71 72 76 78 79 94
weders 20
wilful 11 14 15 16 21 23 27 40 42 43 44 49 51 55 60 65 71 72 73 78 79 94
wedges 30 49 55 60 65 68 73 78
wedged 6 21 22 23 31 39 40 55 56 65 73 79
whyte. 34
wha’ll 55
wurkus 68
will’d 65
will’s 26 55
wobber 39
wobbed 39
wobble 13 55 77
wobbly 55
wilcox 83
welche 63
wrecks 12 13 14 22 28 33 40 42 48 55 71 76 79 81 98
wadded 12 37 41 79
wren’s 10 55
welded 12 14 31 40 51 69 84
waddle 48 51 55 100
wlocki 39
waddin 68
wreath 10 12 16 21 23 26 27 28 37 38 40 41 46 55 56 65 67 72 84 91 93 94 100
weller 94
welled 6 12 13 14 20 23 26 28 39 46 51 55 56 58 84
witler 68
wrench 6 10 18 27 33 40 46 60 68 70 72 73 76 78 85 86 88 94
witold 49
withal 9 12 13 26 27 28 31 40 46 47 49 51 52 55 60 68 69 71 76 78 83 84 85 88 92 93 98
withes 73
wither 10 23 38 42 49 65 71 76 78 79 88
within 1 2 3 4 5 6 7 8 9 10 11 12 13 14 15 16 17 18 19 20 21 22 23 24 25 26 27 28 29 30 31 32 33 34 35 36 37 38 39 40 41 42 43 44 45 46 47 48 49 50 51 52 53 54 55 56 57 58 59 60 61 63 64 65 66 67 68 69 70 71 72 73 74 75 76 77 78 79 80 81 82 83 84 85 86 87 88 89 90 91 92 93 94 95 96 97 98 99 100
wading 6 10 12 18 28 37 40 47 48 55 58 69 72 73 83 99
witt’s 40
wosn’t 14
witing 39
welkin 10 20 55 77 98
walkin 5 27 46
walker 11 12 16 19 26 27 71 77
walked 1 3 4 5 6 8 9 10 11 12 13 14 16 18 19 20 21 22 23 24 26 27 28 29 30 31 32 33 34 35 37 38 39 40 41 42 43 44 45 46 47 48 49 50 51 53 54 55 56 57 58 59 60 61 64 66 67 68 69 70 71 72 73 74 76 77 78 79 80 81 82 83 84 85 87 88 90 93 94 99 100
worked 4 5 6 7 8 9 10 11 12 13 14 16 18 19 20 21 22 23 27 28 29 30 31 32 33 34 35 36 37 38 39 40 41 42 43 44 46 48 49 50 51 53 55 56 57 58 59 60 61 65 66 67 68 69 70 71 72 73 74 76 77 78 79 80 81 82 83 84 85 89 90 93 94 95 96 100
worker 12 13 20 21 26 27 30 31 35 36 39 40 47 49 51 55 56 66 80 86 92
workes 45
workin 4 5 27 70
walkup 55
wallet 22 39 40 55 67 71 74 79 82 90
wallen 40
waller 69
walled 5 9 10 12 13 14 22 23 28 30 32 38 40 43 46 48 49 51 69 70 71 73 77 79 84 87 93 94 95
wallis 16
wholer 9
wallow 12 40 49 55 71 88 92
whole. 39 80
wallop 9 50 55
worlds 5 10 12 16 18 19 21 23 24 25 26 27 28 37 39 40 41 42 45 48 49 51 55 56 65 69 77 78 79 80 81 82 84 85 87 88 89 92 93 95
worldy 88
worlde 53
wholly 1 2 4 7 9 10 11 12 14 15 16 17 18 19 20 22 26 27 28 29 32 34 36 37 39 40 42 45 49 50 51 54 55 57 58 60 65 66 68 69 71 72 73 74 76 77 78 79 80 81 83 84 85 88 89 90 92 93 94 95 97
world. 21 22 31 38 41 71 80
waught 71
wissen 63 95
wormes 45
wormed 6 17 23 30 44 49 69 71
walnut 10 12 14 19 27 28 40 52 53 55 69 71 76 77 78 79 83 84
wibbly 55
walham 48
wether 28 53 55 91 92
wethen 55
wetu’n 39
worse. 19 34 71 80
worsen 26
worser 35 46
walter 12 32 40 42 55 56 65 67 70 81 82 87 89 100
wetter 40 63
wetted 6 7 17 37 38 39 41 44 46 49 55 71 72 76 79
worst. 71
wettin 55
walton 48 74 76 90
worth. 21 38
worten 63
wortes 63
worths 26
worthy 2 4 7 9 10 11 12 13 14 15 16 18 19 20 21 22 23 26 27 28 29 31 32 35 37 38 39 40 41 43 44 45 46 48 49 50 51 52 55 56 58 60 62 64 65 66 68 69 71 72 73 74 76 77 78 79 80 81 82 83 84 85 88 89 90 91 92 93 94 95 97 99
weturn 39
whoops 70
whorls 23 80
whores 35 55 73
whored 77
walrus 3 6 17 33 40 55
worrit 5 14 68 71
watson 21 32 34 43 70 71 83 84
wattle 39
wygate 83
webbed 28 30 40 55 100
wish’d 65
wish’t 27
wetbob 55
worm’s 84
wishin 70
wishly 55
walcot 78
wisits 14
worn’t 72
walden 28 85
worded 13 19 20 23 39 48 54 79
worden 63
words. 1 38
wisdom 7 8 9 10 11 12 14 15 18 19 20 21 22 23 26 27 28 30 31 33 35 37 38 39 40 41 42 43 44 45 46 48 49 51 55 56 57 58 59 60 64 65 66 67 68 69 71 72 73 74 76 77 78 79 80 81 83 84 85 88 89 90 91 92 93 94 95 97
wisely 4 5 6 9 10 11 12 15 16 20 21 26 27 28 34 35 40 43 44 45 46 47 49 54 55 56 58 60 61 65 68 69 72 76 77 78 79 80 84 85 88 89 92 94
wisest 7 8 11 12 14 16 19 20 22 26 28 33 34 35 38 39 40 41 43 44 45 46 49 53 58 61 65 69 70 71 73 74 76 77 78 79 80 83 85 89 90 92 93 94 97
walk’s 49
wot’ll 68
wall’d 65
wall’s 55 65
work’d 65
wachau 12
wished 1 4 5 6 7 8 9 10 11 12 13 14 16 17 18 19 20 21 22 23 25 26 27 28 29 30 31 32 33 34 35 36 37 38 39 40 41 42 43 44 45 46 48 49 50 53 54 55 56 57 58 60 61 63 65 66 67 68 69 70 71 72 73 74 76 77 78 79 80 81 82 83 84 85 88 89 90 91 92 93 94 96 98 99 100
wisher 4 11 14 15 19 49 83
wishes 4 5 6 7 8 10 11 12 13 14 15 16 17 18 19 20 21 22 23 24 26 27 28 32 35 36 37 38 39 41 42 43 44 45 46 49 50 51 53 54 55 56 58 60 61 65 66 68 71 72 73 74 76 77 78 79 80 81 82 83 84 88 89 90 92 94 95
worauf 63
whacks 69 70 77
winced 17 21 23 27 29 39 41 44 51 52 55 67 69 85
wincey 56
winces 40 51 55
window 1 3 4 5 6 8 9 10 11 12 13 14 16 17 18 19 21 22 23 25 26 27 28 29 31 32 33 34 35 36 37 38 39 40 41 42 43 44 45 46 48 49 50 51 52 53 54 55 56 57 59 61 62 64 66 67 68 69 70 71 72 73 74 75 76 77 78 79 82 83 84 85 88 90 91 92 93 94 95 98 100
winded 9 12 28 30 33 37 49 67 70 71 77 78 92 93
winder 14 27 32 68 71 78
wieder 63
wolves 4 5 7 12 13 17 22 24 26 27 30 33 34 39 40 45 46 49 53 60 61 65 68 70 73 77 78 79 80 82 83 99
wink’d 16
winkie 33
winkle 55 94
wages. 77
winked 6 12 14 17 18 26 27 29 32 33 34 36 37 39 41 44 46 47 55 56 61 66 67 68 69 71 72 73 78 79 85 88 94
wagers 14 41
women. 71
whalin 40
whales 33 37 40 45 53 55 65 71 73 81 84 88
whaler 33 40 55 74 90
whaled 40
womens 55
waggin 51
wagged 10 17 22 29 30 33 38 39 41 55 61 68 69 70 71 84
waggon 10 22 23 34 37 48 55 65 68 71 78 81 83
waggle 17 26
wields 32 39 40 65
wodent 91
winged 10 12 14 23 27 28 32 38 40 47 49 51 52 55 61 64 65 66 68 69 71 74 78 79 80 81 84 85 90 94
womans 55 91
woman. 16 21 37 41 66 79
wombed 55
what’s 3 4 5 6 11 12 13 14 17 18 21 26 27 28 29 30 31 33 34 35 36 37 38 39 40 41 42 43 47 48 49 50 54 55 56 59 60 65 66 67 68 69 71 72 76 77 79
what’d 69
wiving 55
weepon 69
wimple 55
whiles 3 9 10 14 31 46 55 70 71 76 78
whiled 19 41 47 55
while. 38 71 79
wollen 63
whilom 20 51 52
whilst 7 9 10 11 18 26 27 32 37 38 39 40 41 42 44 45 46 49 50 54 55 65 68 69 70 74 77 79 80 81 82 84 88 90 97 98 99
weeshy 55
wollte 63
weekly 4 10 12 13 14 16 21 27 32 37 40 41 50 51 55 60 68 73 76 78 81 83 93 94
wafers 12 14 55 71 78
whiffs 13 39 40 55 56 71 84
weened 9 20
widths 37
wind’s 6 17 33 40 49 68
whirls 10 12 27 40 46 55 61 65 70 78 79 84
would. 71
whirrs 76
wine’s 55 65
wouldn 46 57 58 70 78 93 94
whisky 13 21 32 42 48 55 62 67 70 94
whisht 55
wafted 12 20 27 28 39 40 49 55 60 71 72 73 74 78 79 81 90
whitey 55 71 78
whites 4 14 17 27 29 31 32 39 40 41 42 46 51 55 56 58 77 78 81 82
whiter 4 10 12 18 19 21 22 28 44 46 49 57 73 76 77 78 79 82 84 85 100
whiten 12 16 21 57 65
whited 26 31 32 49
white. 38
whitby 46
wentur 68
wounds 4 6 7 8 9 10 12 13 14 15 20 22 23 26 27 28 30 33 35 38 39 40 41 45 46 49 55 60 65 68 71 72 73 74 76 77 78 79 80 81 82 88 90 91 92 99 100
waxies 55
wing’d 65
waxing 10 12 20 55 72 79 80 85
whimsy 49 55
wought 55
whines 58 71 78
whined 9 21 23 30 33 37 39 41 55 58 61
whinge 55
whinny 49 55 57
weevle 78
weevil 6 28
waxeth 20 26
widdow 91
widely 6 10 11 12 16 18 19 20 22 28 32 37 39 40 41 42 44 46 49 51 53 54 55 57 65 68 69 71 75 76 77 78 80 83 84 85 89 92 95
widens 28 46 71 92
wski’s 39
widest 1 2 3 4 5 6 7 8 9 10 11 12 13 14 15 16 17 18 19 20 21 22 23 24 25 26 27 28 29 30 31 32 33 34 35 36 37 38 39 40 41 42 43 44 45 46 47 48 49 50 51 52 53 54 55 56 57 58 59 60 61 63 64 65 66 67 68 69 70 71 72 73 74 75 76 77 78 79 80 81 82 83 84 85 86 87 88 89 90 91 92 93 94 95 96 97 98 99 100
week’s 5 10 13 16 18 21 30 32 39 44 49 50 51 53 60 68 69 71 72 73 79
wanter 27
wanted 2 3 4 5 6 7 8 9 10 11 12 13 14 15 16 17 18 19 21 22 23 25 26 27 28 29 30 31 32 33 34 35 36 37 38 39 40 41 42 43 44 45 46 47 48 49 50 51 53 54 55 56 57 58 59 60 61 63 65 66 67 68 69 70 71 72 73 75 76 77 78 79 80 81 82 83 84 85 88 89 91 92 93 94 97 99
widger 2 3 6 7 8 9 11 12 13 14 16 18 22 25 26 27 28 29 30 31 32 33 36 37 38 39 40 42 43 45 49 54 55 56 64 69 70 76 77 79 80 84 93
wanton 12 19 22 23 26 31 40 41 43 44 45 46 49 51 55 65 66 71 77 78 80 84 88 92 93 98
wantin 27 46
wolf’s 5 10 22 27 33 38 39 55 61 65 77 79
wotted 55
wantst 26
wotton 23
wotten 39
wrothe 9
wrote. 71 79
wrong. 71
wrongs 4 7 9 10 12 13 14 22 23 27 28 32 34 37 38 39 41 46 49 51 55 60 64 65 68 71 72 76 77 78 80 85 94 97
widder 69 70 71 78 91
widden 39
wusser 55
whiche 53
which. 71
wench. 41
widout 27 70
widows 9 12 28 32 37 39 40 49 51 55 68 70 77 78 79 88 94
wended 10 51 52 55 68 69 79
wendy. 17
weeded 5 20 73 77
weeden 32
won’t. 71
willow 10 12 14 18 28 30 37 38 40 41 51 55 56 60 66 70 72 74 77 79 84 85 90 94 100
willst 37 51 63
willun 55
willet 81
willie 4 27 55 67 69 71
willis 32 40 51 66
willin 27 70 71 78
willye 13
wander 3 4 5 10 11 12 13 14 16 18 19 20 21 22 24 26 27 28 29 35 37 38 39 40 41 42 43 44 45 46 47 49 51 53 55 56 64 65 67 68 69 71 72 74 76 77 78 79 80 82 88 90 92 93 94 100
woking 48
wandle 48
wilkes 32 53 83
wilkie 55
willen 63
willer 26 55
willed 10 11 12 16 20 22 26 28 36 40 41 43 49 55 56 65 68 77 78 84 88 92
waning 18 22 23 39 40 42 43 51 55 71 76 80 84 92 93
wroken 9
wotest 9
wilson 10 21 27 32 43 53 56 67 81 83 84 85
wilted 40 69 70
wilton 21 83
