xen 80
xii 1 3 4 5 7 9 10 12 13 14 16 17 18 19 20 21 22 23 26 27 29 39 41 45 46 47 48 49 51 53 56 58 60 61 65 68 69 70 71 72 73 76 77 78 79 80 81 82 83 85 88 90 95 97
xis 39
xiv 1 4 5 7 9 10 12 13 14 16 17 18 19 20 22 23 26 27 29 39 41 45 46 47 48 49 51 56 58 60 61 63 65 68 69 70 71 72 76 77 78 79 81 82 83 85 90 95 97
xix 4 5 7 9 10 12 13 14 16 18 19 20 22 23 26 27 29 39 45 46 49 56 58 60 61 65 68 69 70 71 72 76 77 78 82 83 85 90 97
xli 4 9 14 19 20 26 27 45 49 68 70 71 77 78
xlv 14 19 26 27 45 49 68 71 77 78
xmf 63
xrb 63
xry 63
xvi 1 4 5 7 9 10 12 13 14 16 17 18 19 20 22 23 26 27 29 39 40 45 46 47 48 49 53 56 58 60 61 65 68 69 70 71 72 76 77 78 79 81 82 83 85 90 97
xxi 4 5 7 9 10 12 13 14 18 19 20 22 26 27 29 39 45 46 49 56 58 61 65 68 69 70 71 72 76 77 78 81 82 83 85 90 97
xxv 4 5 7 9 10 13 14 18 19 20 26 27 39 45 46 49 56 58 68 69 70 71 72 77 78 82
xxx 4 9 10 13 14 18 19 20 26 27 39 45 49 53 56 65 68 69 70 71 72 77 78 81 82 83 98
